{'theta_hat': '[-2.65860965e-10  2.59337223e-05 -1.99485258e-03 -8.97452922e-03\n  4.50673524e-04 -7.70875323e-04  4.96686808e-09  5.23284674e-11\n -1.76112676e-10  1.67902376e-04 -1.12149855e-03  1.94542011e-04\n -6.52681813e-05  2.94034259e-02  4.64837844e-03  9.23492439e-05\n  2.09824426e-03 -8.67221649e-05  2.48541741e-04  2.10555306e-01\n  1.42708369e-04 -1.94625290e-03 -4.92636146e-05  5.31688893e-04\n  1.00448793e+00 -4.76878090e-03 -2.54432499e-03  5.44923940e-05\n -4.13623752e-02  8.77773400e-04  3.34798042e-04  9.56882030e-02\n  2.52945661e-04 -1.47130032e-04  4.67261379e-09  1.84609402e-08\n -1.04773555e-10]', 'theta_bar': '[ 8.51432941e-03  1.53865226e-03 -1.59584537e-03 -6.60667052e-03\n -5.89071140e-04 -4.16738809e-04 -1.05433840e+00  2.91061027e-03\n  2.95178332e-03 -2.55856245e-04 -1.04887712e-03 -4.85311196e-05\n -5.00628533e-05 -1.77883844e-01  1.37261726e-03  8.62710243e-04\n  1.32687987e-03  1.66937563e-04  1.01398792e-04  2.05502211e-01\n -1.16899485e-04 -4.35807781e-04  4.41653022e-04  3.18263159e-04\n  8.28006339e-01 -1.32298343e-03 -1.70264235e-03  9.74603801e-06\n  7.08381084e-02 -4.77556605e-05 -5.60301359e-05  5.08741801e-02\n -8.50914047e-05 -8.32051836e-05 -2.77876848e-01 -3.31241792e-01\n  3.21732534e-03]', 'grad_op_sum': '[[ 3.68785692e-20  1.01540520e-13  2.61630642e-13  6.56730761e-13\n   1.81511114e-14  6.08722090e-14  3.28168867e-19 -5.98773680e-21\n   1.51295727e-20  1.09530557e-14  8.89435055e-14  1.72854242e-15\n   2.09761529e-15 -7.28549279e-12  2.81883250e-13  3.51959826e-13\n  -1.98183589e-13 -1.13583929e-14 -1.76179795e-14 -2.83056633e-11\n  -1.63105819e-14  2.35852279e-13 -2.64198245e-14 -4.19656085e-14\n  -7.42084915e-11  1.83559898e-13  1.09321102e-13 -4.10024055e-15\n  -2.61278079e-12 -4.34198254e-14 -5.46475127e-15 -7.25508949e-12\n  -4.35426750e-14 -1.29877510e-15 -4.44782448e-19 -1.27306971e-18\n   1.03093755e-20]\n [ 1.01540520e-13  1.30441224e-05  5.83326900e-06  2.12682186e-06\n  -1.02404554e-08  1.62575378e-07 -5.41443859e-12  1.74908274e-13\n   5.20530029e-13 -1.02865493e-06 -2.56340695e-06  1.52655370e-07\n  -1.39145780e-07 -1.20974071e-03  2.56996391e-05  2.08184682e-05\n  -1.45857380e-06  7.58568924e-08 -1.72534733e-07 -5.67808446e-04\n   8.45333029e-06  8.52027932e-06  1.13067124e-07  3.06835488e-08\n  -2.22513636e-04  1.73646652e-07  3.24808841e-06  9.97406798e-09\n   1.75876040e-05  1.40695186e-06  1.00868619e-06 -1.23887721e-05\n   6.77519079e-07  6.00068514e-07 -3.63958490e-11 -3.21368222e-11\n   3.61996228e-13]\n [ 2.61630642e-13  5.83326900e-06  6.68268967e-06  8.44222168e-06\n  -1.20690875e-06  1.33375259e-07 -8.65976200e-12 -1.48647592e-14\n   3.35770854e-13 -5.33771332e-07 -2.51050215e-07 -8.67783206e-08\n  -1.35333187e-07 -5.67808481e-04  8.45333012e-06  8.52027910e-06\n  -3.37533198e-06  4.05785150e-07 -2.10947612e-07 -7.16708751e-04\n   4.47071761e-06  4.98663073e-06  3.83005329e-07 -4.05500278e-08\n  -9.12071902e-04  2.58781823e-06  3.68461328e-06 -4.71668942e-08\n   1.35306395e-04 -8.45081054e-07  1.56878057e-07 -1.38467872e-05\n  -3.43559311e-07  1.79890903e-07 -3.23477674e-11 -1.83783968e-11\n   2.23336085e-13]\n [ 6.56730761e-13  2.12682186e-06  8.44222168e-06  4.20199429e-05\n  -5.57892941e-06  9.08568277e-07 -3.03101576e-11 -4.88479738e-13\n   3.32535147e-13  6.16794438e-07  4.48470033e-06 -5.25956311e-07\n  -4.98576184e-09 -2.22513594e-04  1.73646793e-07  3.24808883e-06\n  -1.01653810e-05  2.00652723e-06 -7.76303994e-07 -9.12071916e-04\n   2.58781831e-06  3.68461360e-06  2.35031004e-06 -4.82836120e-07\n  -4.69139371e-03  1.87469591e-05  6.06625005e-06 -2.03713147e-07\n   6.09020661e-04 -2.92435111e-06 -8.75995963e-07 -1.16296944e-04\n  -3.52819652e-07  2.30700287e-07 -1.36714806e-11 -3.38437100e-11\n   1.20133018e-13]\n [ 1.81511114e-14 -1.02404554e-08 -1.20690875e-06 -5.57892941e-06\n   1.37911952e-06  2.78427773e-07  6.70272231e-12  7.96926573e-14\n  -5.62951553e-15 -6.16334635e-08 -4.84431152e-07  1.22791980e-07\n   5.85308618e-08  1.75876061e-05  1.40695164e-06  1.00868617e-06\n   1.40688252e-06 -5.16201768e-07  5.18834645e-08  1.35306394e-04\n  -8.45081015e-07  1.56878060e-07 -6.49018912e-07 -2.08185966e-07\n   6.09020730e-04 -2.92435097e-06 -8.75995989e-07  2.00040835e-08\n  -1.53603912e-04  5.83499545e-07  1.73327154e-07 -3.25939098e-05\n  -2.64068098e-08  2.13812537e-08  4.09299605e-12 -1.04681983e-12\n   1.50707269e-14]\n [ 6.08722090e-14  1.62575378e-07  1.33375259e-07  9.08568277e-07\n   2.78427773e-07  4.67502900e-07 -2.56986404e-12  1.64926472e-15\n   2.03293244e-14 -2.07468466e-09  1.89840952e-07  1.71029252e-08\n   8.11701436e-08 -1.23887635e-05  6.77519090e-07  6.00068457e-07\n  -2.15448377e-07 -1.24283718e-07 -8.45678280e-08 -1.38467850e-05\n  -3.43559358e-07  1.79890876e-07 -1.81328684e-07 -3.00809291e-07\n  -1.16296934e-04 -3.52819574e-07  2.30700268e-07 -2.12016015e-08\n  -3.25939084e-05 -2.64068214e-08  2.13812548e-08 -5.77984799e-05\n  -1.10170241e-07  1.15050486e-07  3.01492538e-13 -5.22675917e-12\n   1.19386188e-14]\n [ 3.28168867e-19 -5.41443859e-12 -8.65976200e-12 -3.03101576e-11\n   6.70272231e-12 -2.56986404e-12  1.00879192e-16  2.71147109e-19\n  -9.60710592e-20  6.19926770e-13 -1.85937003e-12  6.06250303e-13\n  -5.08625442e-13  6.67690944e-10 -2.16980177e-12  1.00296038e-12\n   8.45437579e-12 -2.33334450e-12  1.04762433e-12  9.70646844e-10\n  -6.35420104e-12  1.96406899e-12 -2.81178343e-12  1.30862841e-12\n   3.43239057e-09 -6.36572699e-12 -8.49207686e-12  3.29820848e-13\n  -7.48211584e-10  3.65843028e-12  2.89267085e-13  3.35953332e-10\n   5.48725414e-13 -1.64301040e-12  4.94800011e-17  3.30466688e-17\n   7.55923466e-20]\n [-5.98773680e-21  1.74908274e-13 -1.48647592e-14 -4.88479738e-13\n   7.96926573e-14  1.64926472e-15  2.71147109e-19  1.15628882e-20\n   8.89626188e-21 -4.24897321e-14 -1.01493118e-13  2.50111960e-15\n  -1.51112191e-15 -1.78392082e-11  1.58752417e-13  2.36517046e-13\n   1.13497314e-13 -2.96929199e-14  5.00580001e-15  3.07254493e-12\n   1.08464680e-13  1.38231099e-13 -3.35222831e-14 -1.98999054e-15\n   5.52166953e-11 -1.47657176e-13  4.37608842e-14  2.83080107e-15\n  -8.63030082e-12  4.97376125e-14  1.94196391e-14 -4.86670650e-14\n   1.85333300e-14  1.15718957e-14 -5.46438342e-19 -5.18874700e-19\n   7.60431352e-21]\n [ 1.51295727e-20  5.20530029e-13  3.35770854e-13  3.32535147e-13\n  -5.62951553e-15  2.03293244e-14 -9.60710592e-20  8.89626188e-21\n   3.40006338e-20 -7.22651425e-14 -8.15757696e-14 -8.69693321e-15\n  -8.60212867e-15 -5.17530718e-11  5.48049259e-13  7.76162945e-13\n  -1.17181485e-13  1.62561604e-17 -1.29074124e-14 -3.31693365e-11\n   3.63928399e-13  4.99132149e-13 -1.95557344e-16 -1.21436397e-14\n  -3.49496046e-11  2.77951579e-13  3.01136123e-13 -4.86514040e-17\n   7.87236720e-13  1.07299675e-14  1.88107151e-14 -2.17542787e-12\n   2.00698298e-14  2.56694516e-14 -1.98387182e-18 -2.23626390e-18\n   2.35771879e-20]\n [ 1.09530557e-14 -1.02865493e-06 -5.33771332e-07  6.16794438e-07\n  -6.16334635e-08 -2.07468466e-09  6.19926770e-13 -4.24897321e-14\n  -7.22651425e-14  2.58153886e-07  3.68852851e-07  3.69430536e-08\n   2.18231729e-08  1.13025415e-04 -5.19256456e-08 -1.08912120e-06\n  -6.89182387e-08  3.24658404e-08  6.28801868e-09  5.08633865e-05\n  -8.64785484e-07 -9.82945975e-07  2.87796783e-08  3.86323851e-09\n  -7.73407113e-05 -2.76569108e-07 -7.68583593e-07 -5.86569145e-09\n   6.39036894e-06 -2.00151600e-08 -3.43313974e-08 -1.58426231e-07\n  -6.62272706e-08 -7.00693645e-08  5.37417552e-12  4.37631636e-12\n  -5.25486280e-14]\n [ 8.89435055e-14 -2.56340695e-06 -2.51050215e-07  4.48470033e-06\n  -4.84431152e-07  1.89840952e-07 -1.85937003e-12 -1.01493118e-13\n  -8.15757696e-14  3.68852851e-07  1.16328032e-06 -5.66024694e-08\n   5.12983024e-08  2.45137344e-04 -4.42971784e-06 -3.66022392e-06\n  -9.22936009e-07  1.56165383e-07 -6.77756034e-08  1.21473096e-05\n  -1.77880442e-06 -1.45048183e-06  1.55292251e-07 -1.38906969e-07\n  -5.10463934e-04  1.63628064e-06 -2.32006892e-07 -3.11594568e-08\n   4.87380297e-05 -5.97574258e-07 -2.84788728e-07 -2.52502488e-05\n  -2.53942529e-07 -1.01222689e-07  7.30025541e-12  2.81428971e-12\n  -6.85744598e-14]\n [ 1.72854242e-15  1.52655370e-07 -8.67783206e-08 -5.25956311e-07\n   1.22791980e-07  1.71029252e-08  6.06250303e-13  2.50111960e-15\n  -8.69693321e-15  3.69430536e-08 -5.66024694e-08  3.32809928e-08\n   6.32099327e-09 -6.75844295e-06  1.14055662e-06  4.89945499e-07\n   1.06195211e-07 -3.94903672e-08  6.24312322e-09  9.45155191e-06\n  -3.42896698e-08 -3.81750938e-08 -5.28110216e-08 -7.16669697e-09\n   5.54678453e-05 -5.30760051e-07 -2.52401119e-07  1.27399938e-09\n  -1.30393947e-05  1.09069139e-07  5.08718179e-08 -1.80751162e-06\n  -1.79634321e-09 -2.35680681e-10  6.16493987e-13  5.88587039e-13\n  -4.39357613e-15]\n [ 2.09761529e-15 -1.39145780e-07 -1.35333187e-07 -4.98576184e-09\n   5.85308618e-08  8.11701436e-08 -5.08625442e-13 -1.51112191e-15\n  -8.60212867e-15  2.18231729e-08  5.12983024e-08  6.32099327e-09\n   1.93781416e-08  1.44189183e-05 -5.01208621e-08 -1.53491447e-07\n   2.75225805e-08 -2.41837273e-08 -1.08062615e-08  1.40088330e-05\n  -1.82924616e-07 -1.51096250e-07 -3.28232406e-08 -5.19674310e-08\n  -3.19937622e-06 -1.69469852e-07 -7.00366307e-08 -3.55293023e-09\n  -6.78058493e-06  5.76746752e-09  1.50984680e-10 -1.01715481e-05\n  -1.72928152e-08  1.65187103e-08  8.62237680e-13 -2.29453473e-13\n  -6.45157930e-15]\n [-7.28549279e-12 -1.20974071e-03 -5.67808481e-04 -2.22513594e-04\n   1.75876061e-05 -1.23887635e-05  6.67690944e-10 -1.78392082e-11\n  -5.17530718e-11  1.13025415e-04  2.45137344e-04 -6.75844295e-06\n   1.44189183e-05  1.14363234e-01 -2.14912144e-03 -1.85517029e-03\n   1.41610593e-04 -1.15604486e-05  1.67976398e-05  5.54191430e-02\n  -8.17074332e-04 -8.19930392e-04 -1.72915787e-05 -3.72602710e-06\n   2.25592118e-02 -9.72194527e-05 -3.72615877e-04 -9.59257735e-07\n  -3.38753719e-03 -1.10705951e-04 -8.56449336e-05  8.73142262e-04\n  -6.46281167e-05 -5.87157180e-05  3.69595204e-09  3.19695233e-09\n  -3.58531503e-11]\n [ 2.81883250e-13  2.56996391e-05  8.45333012e-06  1.73646793e-07\n   1.40695164e-06  6.77519090e-07 -2.16980177e-12  1.58752417e-13\n   5.48049259e-13 -5.19256456e-08 -4.42971784e-06  1.14055662e-06\n  -5.01208621e-08 -2.14912144e-03  7.76726888e-05  4.82836038e-05\n  -2.08124997e-06 -1.93064966e-07 -2.63558820e-07 -8.17074284e-04\n   1.32720448e-05  1.19615811e-05 -3.32770408e-07 -2.88616845e-08\n  -9.72194437e-05 -1.06728170e-05 -1.77223737e-06 -2.73849902e-09\n  -1.10705939e-04  4.82653252e-06  2.94625840e-06 -6.46281233e-05\n   1.07519353e-06  9.62431330e-07 -3.90979401e-11 -3.38980072e-11\n   3.89971459e-13]\n [ 3.51959826e-13  2.08184682e-05  8.52027910e-06  3.24808883e-06\n   1.00868617e-06  6.00068457e-07  1.00296038e-12  2.36517046e-13\n   7.76162945e-13 -1.08912120e-06 -3.66022392e-06  4.89945499e-07\n  -1.53491447e-07 -1.85517029e-03  4.82836038e-05  3.65099189e-05\n  -2.20211857e-06 -2.23403270e-07 -2.85850416e-07 -8.19930336e-04\n   1.19615810e-05  1.35241814e-05 -3.06825291e-07 -1.71578388e-07\n  -3.72615879e-04 -1.77223673e-06  3.09108346e-06  1.35144218e-08\n  -8.56449352e-05  2.94625877e-06  1.83780732e-06 -5.87157183e-05\n   9.62431281e-07  8.53905192e-07 -4.59882537e-11 -4.99099080e-11\n   5.48374554e-13]\n [-1.98183589e-13 -1.45857380e-06 -3.37533198e-06 -1.01653810e-05\n   1.40688252e-06 -2.15448377e-07  8.45437579e-12  1.13497314e-13\n  -1.17181485e-13 -6.89182387e-08 -9.22936009e-07  1.06195211e-07\n   2.75225805e-08  1.41610593e-04 -2.08124997e-06 -2.20211857e-06\n   2.89524662e-06 -4.96123703e-07  1.99575149e-07  3.69583626e-04\n  -1.30925621e-06 -1.52400366e-06 -5.39880811e-07  1.07054163e-07\n   1.12929105e-03 -3.73091859e-06 -1.85976734e-06  5.64362108e-08\n  -1.54140964e-04  8.82261202e-07  1.40369496e-07  2.70031987e-05\n   2.60047255e-07 -5.79194488e-08  1.04104251e-11  8.75134876e-12\n  -5.79773076e-14]\n [-1.13583929e-14  7.58568924e-08  4.05785150e-07  2.00652723e-06\n  -5.16201768e-07 -1.24283718e-07 -2.33334450e-12 -2.96929199e-14\n   1.62561604e-17  3.24658404e-08  1.56165383e-07 -3.94903672e-08\n  -2.41837273e-08 -1.15604486e-05 -1.93064966e-07 -2.23403270e-07\n  -4.96123703e-07  1.97110826e-07 -1.52000986e-08 -4.50895764e-05\n   3.56977300e-07 -6.22803430e-08  2.50605710e-07  9.31023828e-08\n  -2.19081448e-04  1.05284616e-06  2.59607831e-07 -6.07071561e-09\n   5.78446859e-05 -1.76954971e-07 -5.13125634e-08  1.47496949e-05\n   2.94129877e-08 -9.45489898e-09 -1.29222334e-12  6.45259318e-13\n  -7.06635051e-15]\n [-1.76179795e-14 -1.72534733e-07 -2.10947612e-07 -7.76303994e-07\n   5.18834645e-08 -8.45678280e-08  1.04762433e-12  5.00580001e-15\n  -1.29074124e-14  6.28801868e-09 -6.77756034e-08  6.24312322e-09\n  -1.08062615e-08  1.67976398e-05 -2.63558820e-07 -2.85850416e-07\n   1.99575149e-07 -1.52000986e-08  2.61608355e-08  2.22646166e-05\n  -7.74789822e-08 -1.52613947e-07 -1.31120438e-08  5.15227959e-08\n   8.85060964e-05 -2.31366152e-07 -1.76938918e-07  6.33735063e-09\n  -5.49685752e-06  4.46258282e-08  2.74716941e-09  1.04892156e-05\n   1.67943741e-08 -2.81261492e-08  6.47659270e-13  1.58473233e-12\n  -6.89398853e-15]\n [-2.83056633e-11 -5.67808446e-04 -7.16708751e-04 -9.12071916e-04\n   1.35306394e-04 -1.38467850e-05  9.70646844e-10  3.07254493e-12\n  -3.31693365e-11  5.08633865e-05  1.21473096e-05  9.45155191e-06\n   1.40088330e-05  5.54191430e-02 -8.17074284e-04 -8.19930336e-04\n   3.69583626e-04 -4.50895764e-05  2.22646166e-05  7.74499964e-02\n  -4.43682815e-04 -4.90051921e-04 -4.16746234e-05  4.40627487e-06\n   9.86034630e-02 -2.53752429e-04 -3.81690731e-04  5.50668280e-06\n  -1.50839504e-02  1.05065242e-04 -1.25836512e-05  1.47082764e-03\n   4.61728847e-05 -1.58590128e-05  3.41554416e-09  1.75879164e-09\n  -2.19725311e-11]\n [-1.63105819e-14  8.45333029e-06  4.47071761e-06  2.58781831e-06\n  -8.45081015e-07 -3.43559358e-07 -6.35420104e-12  1.08464680e-13\n   3.63928399e-13 -8.64785484e-07 -1.77880442e-06 -3.42896698e-08\n  -1.82924616e-07 -8.17074332e-04  1.32720448e-05  1.19615810e-05\n  -1.30925621e-06  3.56977300e-07 -7.74789822e-08 -4.43682815e-04\n   6.46910663e-06  5.67172988e-06  4.88693582e-07  3.11292279e-07\n  -2.53752474e-04  2.00053037e-06  3.06735392e-06  1.46263944e-08\n   1.05065236e-04  5.06881636e-07  5.07485148e-07  4.61728886e-05\n   5.33814707e-07  3.45968134e-07 -2.96656019e-11 -1.90918904e-11\n   2.47261757e-13]\n [ 2.35852279e-13  8.52027932e-06  4.98663073e-06  3.68461360e-06\n   1.56878060e-07  1.79890876e-07  1.96406899e-12  1.38231099e-13\n   4.99132149e-13 -9.82945975e-07 -1.45048183e-06 -3.81750938e-08\n  -1.51096250e-07 -8.19930392e-04  1.19615811e-05  1.35241814e-05\n  -1.52400366e-06 -6.22803430e-08 -1.52613947e-07 -4.90051921e-04\n   5.67172988e-06  7.67772260e-06 -8.49801008e-08 -9.03937817e-08\n  -3.81690758e-04  3.06735405e-06  3.81243110e-06  1.08907136e-08\n  -1.25836551e-05  5.07485216e-07  4.34143887e-07 -1.58590135e-05\n   3.45968105e-07  3.39682532e-07 -2.87635532e-11 -3.11963951e-11\n   3.51517828e-13]\n [-2.64198245e-14  1.13067124e-07  3.83005329e-07  2.35031004e-06\n  -6.49018912e-07 -1.81328684e-07 -2.81178343e-12 -3.35222831e-14\n  -1.95557344e-16  2.87796783e-08  1.55292251e-07 -5.28110216e-08\n  -3.28232406e-08 -1.72915787e-05 -3.32770408e-07 -3.06825291e-07\n  -5.39880811e-07  2.50605710e-07 -1.31120438e-08 -4.16746234e-05\n   4.88693582e-07 -8.49801008e-08  3.26620417e-07  1.33693486e-07\n  -2.55653928e-04  1.39495274e-06  3.11863365e-07 -4.99894920e-09\n   7.29809468e-05 -1.82521366e-07 -6.24575811e-08  2.16184978e-05\n   7.45118669e-08 -8.80998470e-09 -1.29575728e-12  8.50356596e-13\n  -9.10531282e-15]\n [-4.19656085e-14  3.06835488e-08 -4.05500278e-08 -4.82836120e-07\n  -2.08185966e-07 -3.00809291e-07  1.30862841e-12 -1.98999054e-15\n  -1.21436397e-14  3.86323851e-09 -1.38906969e-07 -7.16669697e-09\n  -5.19674310e-08 -3.72602710e-06 -2.88616845e-08 -1.71578388e-07\n   1.07054163e-07  9.31023828e-08  5.15227959e-08  4.40627487e-06\n   3.11292279e-07 -9.03937817e-08  1.33693486e-07  1.97419846e-07\n   6.30164920e-05  2.08512047e-07 -1.51079256e-07  1.29575292e-08\n   2.45295605e-05  3.45042910e-08  1.05163760e-10  3.72024502e-05\n   8.12149060e-08 -6.58251841e-08 -4.21504820e-13  3.28044831e-12\n  -7.61929472e-15]\n [-7.42084915e-11 -2.22513636e-04 -9.12071902e-04 -4.69139371e-03\n   6.09020730e-04 -1.16296934e-04  3.43239057e-09  5.52166953e-11\n  -3.49496046e-11 -7.73407113e-05 -5.10463934e-04  5.54678453e-05\n  -3.19937622e-06  2.25592118e-02 -9.72194437e-05 -3.72615879e-04\n   1.12929105e-03 -2.19081448e-04  8.85060964e-05  9.86034630e-02\n  -2.53752474e-04 -3.81690758e-04 -2.55653928e-04  6.30164920e-05\n   5.24701282e-01 -2.04613549e-03 -6.46119258e-04  2.33551238e-05\n  -6.64519500e-02  3.17900354e-04  9.48562304e-05  1.48249451e-02\n   4.13780917e-05 -2.83355995e-05  1.28931020e-09  3.78288818e-09\n  -1.18195469e-11]\n [ 1.83559898e-13  1.73646652e-07  2.58781823e-06  1.87469591e-05\n  -2.92435097e-06 -3.52819574e-07 -6.36572699e-12 -1.47657176e-13\n   2.77951579e-13 -2.76569108e-07  1.63628064e-06 -5.30760051e-07\n  -1.69469852e-07 -9.72194527e-05 -1.06728170e-05 -1.77223673e-06\n  -3.73091859e-06  1.05284616e-06 -2.31366152e-07 -2.53752429e-04\n   2.00053037e-06  3.06735405e-06  1.39495274e-06  2.08512047e-07\n  -2.04613549e-03  1.40856928e-05  4.43855518e-06 -3.11410834e-08\n   3.17900333e-04 -1.35515639e-06 -7.64459759e-07  4.13781031e-05\n   4.57675678e-07  3.98131693e-09 -5.59909080e-12 -2.03024864e-11\n   1.42839467e-13]\n [ 1.09321102e-13  3.24808841e-06  3.68461328e-06  6.06625005e-06\n  -8.75995989e-07  2.30700268e-07 -8.49207686e-12  4.37608842e-14\n   3.01136123e-13 -7.68583593e-07 -2.32006892e-07 -2.52401119e-07\n  -7.00366307e-08 -3.72615877e-04 -1.77223737e-06  3.09108346e-06\n  -1.85976734e-06  2.59607831e-07 -1.76938918e-07 -3.81690731e-04\n   3.06735392e-06  3.81243110e-06  3.11863365e-07 -1.51079256e-07\n  -6.46119258e-04  4.43855518e-06  3.97131218e-06 -2.59663454e-08\n   9.48562231e-05 -7.64459835e-07 -1.31658936e-07 -2.83355965e-05\n   3.98129915e-09  2.54473501e-07 -2.20336479e-11 -2.06797920e-11\n   1.97035001e-13]\n [-4.10024055e-15  9.97406798e-09 -4.71668942e-08 -2.03713147e-07\n   2.00040835e-08 -2.12016015e-08  3.29820848e-13  2.83080107e-15\n  -4.86514040e-17 -5.86569145e-09 -3.11594568e-08  1.27399938e-09\n  -3.55293023e-09 -9.59257735e-07 -2.73849902e-09  1.35144218e-08\n   5.64362108e-08 -6.07071561e-09  6.33735063e-09  5.50668280e-06\n   1.46263944e-08  1.08907136e-08 -4.99894920e-09  1.29575292e-08\n   2.33551238e-05 -3.11410834e-08 -2.59663454e-08  2.06673578e-09\n  -2.10348483e-06  2.27168228e-08  3.91987872e-09  2.67530650e-06\n   1.19355185e-08 -4.34395355e-09  7.83958584e-14  1.77596187e-13\n   5.50372490e-16]\n [-2.61278079e-12  1.75876040e-05  1.35306395e-04  6.09020661e-04\n  -1.53603912e-04 -3.25939084e-05 -7.48211584e-10 -8.63030082e-12\n   7.87236720e-13  6.39036894e-06  4.87380297e-05 -1.30393947e-05\n  -6.78058493e-06 -3.38753719e-03 -1.10705939e-04 -8.56449352e-05\n  -1.54140964e-04  5.78446859e-05 -5.49685752e-06 -1.50839504e-02\n   1.05065236e-04 -1.25836551e-05  7.29809468e-05  2.45295605e-05\n  -6.64519500e-02  3.17900333e-04  9.48562231e-05 -2.10348483e-06\n   1.71535942e-02 -6.07126594e-05 -1.72594153e-05  3.83470367e-03\n   4.94085097e-06 -1.84855472e-06 -4.77059402e-10  1.19355270e-10\n  -1.55635277e-12]\n [-4.34198254e-14  1.40695186e-06 -8.45081054e-07 -2.92435111e-06\n   5.83499545e-07 -2.64068214e-08  3.65843028e-12  4.97376125e-14\n   1.07299675e-14 -2.00151600e-08 -5.97574258e-07  1.09069139e-07\n   5.76746752e-09 -1.10705951e-04  4.82653252e-06  2.94625877e-06\n   8.82261202e-07 -1.76954971e-07  4.46258282e-08  1.05065242e-04\n   5.06881636e-07  5.07485216e-07 -1.82521366e-07  3.45042910e-08\n   3.17900354e-04 -1.35515639e-06 -7.64459835e-07  2.27168228e-08\n  -6.07126594e-05  7.61405939e-07  2.49821713e-07  4.94085371e-06\n   2.69403906e-07  5.76487524e-08  2.73119811e-12 -8.75542761e-13\n   1.42497655e-14]\n [-5.46475127e-15  1.00868619e-06  1.56878057e-07 -8.75995963e-07\n   1.73327154e-07  2.13812548e-08  2.89267085e-13  1.94196391e-14\n   1.88107151e-14 -3.43313974e-08 -2.84788728e-07  5.08718179e-08\n   1.50984680e-10 -8.56449336e-05  2.94625840e-06  1.83780732e-06\n   1.40369496e-07 -5.13125634e-08  2.74716941e-09 -1.25836512e-05\n   5.07485148e-07  4.34143887e-07 -6.24575811e-08  1.05163760e-10\n   9.48562304e-05 -7.64459759e-07 -1.31658936e-07  3.91987872e-09\n  -1.72594153e-05  2.49821713e-07  1.32935144e-07 -1.84855532e-06\n   5.76487463e-08  4.35942954e-08 -1.48091626e-12 -1.06613096e-12\n   1.55424196e-14]\n [-7.25508949e-12 -1.23887721e-05 -1.38467872e-05 -1.16296944e-04\n  -3.25939098e-05 -5.77984799e-05  3.35953332e-10 -4.86670650e-14\n  -2.17542787e-12 -1.58426231e-07 -2.52502488e-05 -1.80751162e-06\n  -1.01715481e-05  8.73142262e-04 -6.46281233e-05 -5.87157183e-05\n   2.70031987e-05  1.47496949e-05  1.04892156e-05  1.47082764e-03\n   4.61728886e-05 -1.58590135e-05  2.16184978e-05  3.72024502e-05\n   1.48249451e-02  4.13781031e-05 -2.83355965e-05  2.67530650e-06\n   3.83470367e-03  4.94085371e-06 -1.84855532e-06  7.15574505e-03\n   1.39295227e-05 -1.41442215e-05 -5.06186965e-11  6.28566402e-10\n  -1.20863679e-12]\n [-4.35426750e-14  6.77519079e-07 -3.43559311e-07 -3.52819652e-07\n  -2.64068098e-08 -1.10170241e-07  5.48725414e-13  1.85333300e-14\n   2.00698298e-14 -6.62272706e-08 -2.53942529e-07 -1.79634321e-09\n  -1.72928152e-08 -6.46281167e-05  1.07519353e-06  9.62431281e-07\n   2.60047255e-07  2.94129877e-08  1.67943741e-08  4.61728847e-05\n   5.33814707e-07  3.45968105e-07  7.45118669e-08  8.12149060e-08\n   4.13780917e-05  4.57675678e-07  3.98129915e-09  1.19355185e-08\n   4.94085097e-06  2.69403906e-07  5.76487463e-08  1.39295227e-05\n   2.13158759e-07  3.51094266e-08  5.61063552e-13 -1.20343963e-12\n   1.27806600e-14]\n [-1.29877510e-15  6.00068514e-07  1.79890903e-07  2.30700287e-07\n   2.13812537e-08  1.15050486e-07 -1.64301040e-12  1.15718957e-14\n   2.56694516e-14 -7.00693645e-08 -1.01222689e-07 -2.35680681e-10\n   1.65187103e-08 -5.87157180e-05  9.62431330e-07  8.53905192e-07\n  -5.79194488e-08 -9.45489898e-09 -2.81261492e-08 -1.58590128e-05\n   3.45968134e-07  3.39682532e-07 -8.80998470e-09 -6.58251841e-08\n  -2.83355995e-05  3.98131693e-09  2.54473501e-07 -4.34395355e-09\n  -1.84855472e-06  5.76487524e-08  4.35942954e-08 -1.41442215e-05\n   3.51094266e-08  7.11444003e-08 -1.54912441e-12 -2.74190063e-12\n   1.63051546e-14]\n [-4.44782448e-19 -3.63958490e-11 -3.23477674e-11 -1.36714806e-11\n   4.09299605e-12  3.01492538e-13  4.94800011e-17 -5.46438342e-19\n  -1.98387182e-18  5.37417552e-12  7.30025541e-12  6.16493987e-13\n   8.62237680e-13  3.69595204e-09 -3.90979401e-11 -4.59882537e-11\n   1.04104251e-11 -1.29222334e-12  6.47659270e-13  3.41554416e-09\n  -2.96656019e-11 -2.87635532e-11 -1.29575728e-12 -4.21504820e-13\n   1.28931020e-09 -5.59909080e-12 -2.20336479e-11  7.83958584e-14\n  -4.77059402e-10  2.73119811e-12 -1.48091626e-12 -5.06186965e-11\n   5.61063552e-13 -1.54912441e-12  2.03479901e-16  1.01454739e-16\n  -1.38602872e-18]\n [-1.27306971e-18 -3.21368222e-11 -1.83783968e-11 -3.38437100e-11\n  -1.04681983e-12 -5.22675917e-12  3.30466688e-17 -5.18874700e-19\n  -2.23626390e-18  4.37631636e-12  2.81428971e-12  5.88587039e-13\n  -2.29453473e-13  3.19695233e-09 -3.38980072e-11 -4.99099080e-11\n   8.75134876e-12  6.45259318e-13  1.58473233e-12  1.75879164e-09\n  -1.90918904e-11 -3.11963951e-11  8.50356596e-13  3.28044831e-12\n   3.78288818e-09 -2.03024864e-11 -2.06797920e-11  1.77596187e-13\n   1.19355270e-10 -8.75542761e-13 -1.06613096e-12  6.28566402e-10\n  -1.20343963e-12 -2.74190063e-12  1.01454739e-16  1.88346661e-16\n  -1.49832214e-18]\n [ 1.03093755e-20  3.61996228e-13  2.23336085e-13  1.20133018e-13\n   1.50707269e-14  1.19386188e-14  7.55923466e-20  7.60431352e-21\n   2.35771879e-20 -5.25486280e-14 -6.85744598e-14 -4.39357613e-15\n  -6.45157930e-15 -3.58531503e-11  3.89971459e-13  5.48374554e-13\n  -5.79773076e-14 -7.06635051e-15 -6.89398853e-15 -2.19725311e-11\n   2.47261757e-13  3.51517828e-13 -9.10531282e-15 -7.61929472e-15\n  -1.18195469e-11  1.42839467e-13  1.97035001e-13  5.50372490e-16\n  -1.55635277e-12  1.42497655e-14  1.55424196e-14 -1.20863679e-12\n   1.27806600e-14  1.63051546e-14 -1.38602872e-18 -1.49832214e-18\n   1.67510089e-20]]', 'hess_sum': '[[ 1.48365399e-11 -4.25839214e-13 -1.32841414e-12 -1.54220418e-12\n  -5.80839040e-13  1.84675260e-13  5.29882214e-10 -2.06371663e-12\n  -3.02219065e-12  2.99945330e-13  7.09837910e-13 -1.73618780e-13\n  -1.40379638e-13 -1.34078311e-10 -1.52794453e-12 -1.19185321e-12\n   2.30555383e-12  1.24354144e-14 -1.07730597e-13  3.30406011e-11\n  -2.19157466e-12 -2.43057383e-13  2.94666513e-13 -6.90858176e-14\n   4.59175070e-10  4.53785304e-12  3.83383507e-13  8.72031001e-15\n   2.77440294e-11 -9.37278575e-14  4.36281052e-14  1.60016596e-11\n  -3.61557839e-13 -2.60168460e-14  7.94001684e-11 -1.40558201e-10\n   9.89580098e-12]\n [-4.25839214e-13 -1.30153030e-05 -4.62563762e-07 -1.53524195e-06\n   2.45689856e-07 -1.50353670e-07 -1.34001186e-11 -4.36930305e-13\n  -2.11303476e-12  1.96413005e-06  8.70201177e-07 -6.65851986e-08\n  -5.93621817e-08  1.34299255e-03 -1.61935985e-05 -1.13934634e-05\n   8.96692383e-07 -2.77308925e-07 -2.74564377e-07  7.21771644e-05\n   1.39836428e-07  1.64566867e-06  1.82313594e-08 -1.45614038e-07\n   1.78912471e-04  5.29749751e-07 -7.81497077e-07  7.21910837e-09\n  -3.56501322e-05 -1.20454839e-07 -4.48554933e-07  1.59701461e-05\n  -2.32001891e-07 -4.78552878e-07  1.74251027e-10 -9.77881739e-11\n  -3.33001258e-12]\n [-1.32841414e-12 -4.62563762e-07 -1.86979808e-05 -5.78602168e-06\n   1.00930132e-07  6.36615155e-07 -2.81009673e-12 -6.96094941e-13\n  -3.03920622e-13 -9.36863884e-07 -1.85664944e-08 -1.68629358e-07\n  -2.55948199e-07  7.21771656e-05  1.39836222e-07  1.64566836e-06\n   2.58586762e-06  3.46808903e-07 -3.42011686e-07  2.05261481e-03\n  -6.84337586e-06 -9.66786510e-06 -3.74339964e-07  1.29040143e-07\n   6.50591900e-04  5.73403620e-07 -1.51111290e-06 -4.33370172e-09\n  -2.53081883e-05 -7.55691609e-07 -5.01255573e-07 -6.91515140e-05\n   4.81257898e-07 -1.97695655e-07 -3.73259872e-10 -4.51549929e-11\n  -4.90045406e-13]\n [-1.54220418e-12 -1.53524195e-06 -5.78602168e-06 -2.27404977e-05\n  -1.46106314e-07 -4.50105115e-07 -3.48978819e-10  1.10975784e-12\n   3.44896067e-13  4.41850987e-08 -1.14191227e-06  2.56877160e-07\n  -3.79111938e-07  1.78912571e-04  5.29750314e-07 -7.81497278e-07\n   5.91607024e-06  2.74459237e-07  1.09797088e-07  6.50592091e-04\n   5.73404842e-07 -1.51111297e-06  4.30408576e-07  2.37230880e-07\n   2.57510948e-03 -1.12126252e-05 -3.27864680e-06  7.09646555e-08\n   3.06832221e-05 -6.84028337e-08  4.17121819e-07  6.48762220e-05\n   5.81510812e-07  1.53752937e-07 -1.78636782e-10  1.13617445e-10\n  -1.92341386e-12]\n [-5.80839040e-13  2.45689856e-07  1.00930132e-07 -1.46106314e-07\n  -1.49120051e-06 -5.14005737e-08  2.42122656e-11  2.84217655e-13\n  -2.58637244e-14 -2.93244129e-07 -5.73230256e-08 -2.09645878e-07\n  -1.08838058e-08 -3.56501263e-05 -1.20454957e-07 -4.48555035e-07\n  -3.44104372e-07  3.98509399e-07  1.00553824e-08 -2.53081873e-05\n  -7.55691663e-07 -5.01255453e-07  5.27723887e-07  7.22294636e-08\n   3.06832356e-05 -6.84030669e-08  4.17121802e-07 -2.15411485e-08\n   1.70545796e-04 -7.94029102e-07 -4.44762590e-07  4.37263928e-06\n  -1.92656569e-07 -3.81465990e-08 -3.08992085e-11  1.77853220e-12\n   2.72103564e-13]\n [ 1.84675260e-13 -1.50353670e-07  6.36615155e-07 -4.50105115e-07\n  -5.14005737e-08 -9.93603553e-07  4.24220986e-11 -2.67983069e-13\n  -5.18816576e-14 -2.39692011e-07 -1.34272595e-07 -1.31679268e-08\n  -1.26819213e-07  1.59701507e-05 -2.32001831e-07 -4.78552927e-07\n   3.67776079e-07  2.97433195e-09  2.21554826e-07 -6.91515305e-05\n   4.81257866e-07 -1.97695674e-07  6.39677679e-08  3.38624881e-07\n   6.48762323e-05  5.81510653e-07  1.53753055e-07  6.39292529e-08\n   4.37263646e-06 -1.92656569e-07 -3.81465955e-08  1.16560511e-04\n  -1.05223288e-07 -2.62147357e-07  2.32746671e-11  5.06763794e-12\n   3.51211725e-14]\n [ 5.29882214e-10 -1.34001186e-11 -2.81009673e-12 -3.48978819e-10\n   2.42122656e-11  4.24220986e-11 -1.27908849e-07  5.26279483e-10\n  -8.46747157e-10  1.76648702e-11 -8.63007074e-11  6.20813135e-12\n   2.77132680e-12 -2.57692579e-09 -9.13507698e-11  4.17726583e-11\n   2.01756957e-10 -6.32797904e-13 -2.54216886e-12  6.47414157e-09\n  -1.53048340e-10 -7.58247249e-12 -6.39647407e-12  2.56790231e-12\n   1.01011717e-07 -4.28367505e-10 -3.14495382e-11  1.64873755e-12\n   9.73028056e-10 -4.84209257e-13  1.77784251e-11  1.99775835e-09\n  -9.80880256e-12  6.85857714e-13 -1.50588897e-07  1.03312723e-07\n  -1.50217277e-09]\n [-2.06371663e-12 -4.36930305e-13 -6.96094941e-13  1.10975784e-12\n   2.84217655e-13 -2.67983069e-13  5.26279483e-10  5.49928636e-12\n   5.11488080e-12  2.34968347e-13 -1.01232960e-12  1.74417114e-14\n   1.89633847e-14 -1.21894352e-10  2.31030938e-12 -3.25455688e-12\n  -1.56432721e-12  2.96882560e-14 -4.02663771e-14 -1.56042431e-10\n  -3.43483526e-13  2.72976626e-13  2.69113782e-14  2.92398463e-14\n  -4.28181122e-10  3.38273236e-12 -3.43222889e-13 -9.15964992e-15\n   1.00950957e-12  1.22886943e-13 -3.39728479e-13 -1.96731845e-11\n  -2.34893873e-13 -1.17845675e-13 -8.25010611e-10  3.06631741e-10\n   2.15664068e-11]\n [-3.02219065e-12 -2.11303476e-12 -3.03920622e-13  3.44896067e-13\n  -2.58637244e-14 -5.18816576e-14 -8.46747157e-10  5.11488080e-12\n   2.00777052e-12 -1.06382371e-13  3.99451950e-13 -8.59522701e-14\n   3.87970506e-14 -6.02993851e-13 -2.07464637e-12 -1.30032177e-12\n  -1.34426879e-13  5.34217778e-14  1.48758667e-14 -2.77969204e-11\n   4.38995067e-13 -8.25215605e-13 -7.45272533e-14  3.70807070e-15\n  -4.03837505e-10 -1.25204421e-12  2.16343260e-13  5.24802230e-15\n   6.69494788e-12  4.13308934e-13 -6.06438413e-14 -1.34875089e-11\n  -1.05303770e-13  8.08522316e-14  2.37115080e-10 -8.26802721e-10\n  -8.14301563e-12]\n [ 2.99945330e-13  1.96413005e-06 -9.36863884e-07  4.41850987e-08\n  -2.93244129e-07 -2.39692011e-07  1.76648702e-11  2.34968347e-13\n  -1.06382371e-13 -1.33392838e-06 -5.90829486e-08 -8.19264487e-08\n   1.97406783e-08 -2.21177919e-04  1.39967937e-06  3.62978894e-07\n  -3.01642551e-07  1.49733750e-07  1.03291414e-07  9.42545012e-05\n  -5.33974252e-07 -1.22237458e-06 -8.18841006e-08  1.17628859e-07\n  -4.03179801e-06 -4.02717017e-07  1.96465019e-07  1.15988227e-08\n   3.32213847e-05 -1.87247163e-07 -5.60361922e-08  2.64852110e-05\n  -6.49769787e-08 -7.26367885e-08 -3.99761999e-11 -2.32972304e-11\n   1.09866707e-13]\n [ 7.09837910e-13  8.70201177e-07 -1.85664944e-08 -1.14191227e-06\n  -5.73230256e-08 -1.34272595e-07 -8.63007074e-11 -1.01232960e-12\n   3.99451950e-13 -5.90829486e-08 -9.19038779e-07  6.80384212e-08\n   1.35283842e-08 -8.59688832e-05  1.47300101e-06  1.58643254e-06\n   5.91259589e-07  1.31573162e-08  5.78356885e-08 -7.16842012e-07\n   2.58934838e-07 -3.20895805e-07  1.03705252e-07 -3.50863678e-08\n   1.30360332e-04 -1.99372964e-07 -3.20697600e-08  9.24655858e-09\n   9.74504393e-06  7.46941638e-08  5.97660339e-08  1.58274140e-05\n   1.74589899e-08  6.25809922e-08  2.75627935e-11  1.63055901e-11\n  -3.74227152e-14]\n [-1.73618780e-13 -6.65851986e-08 -1.68629358e-07  2.56877160e-07\n  -2.09645878e-07 -1.31679268e-08  6.20813135e-12  1.74417114e-14\n  -8.59522701e-14 -8.19264487e-08  6.80384212e-08 -1.13022945e-07\n  -5.09297698e-09  2.29866122e-06 -5.82205618e-07 -2.91326446e-07\n  -1.54119085e-07  3.39393992e-08  1.29035002e-08  1.77577307e-05\n  -1.22352560e-07 -1.04550203e-07  4.55783790e-08  1.10681450e-08\n  -2.90149560e-05  1.45839356e-07  1.93156535e-08 -2.17673615e-09\n   2.32350063e-05 -1.11248506e-07 -1.53913923e-07  6.42370844e-07\n  -4.34883051e-08 -3.21437612e-08 -5.11447786e-12  6.98395435e-12\n  -7.28559443e-14]\n [-1.40379638e-13 -5.93621817e-08 -2.55948199e-07 -3.79111938e-07\n  -1.08838058e-08 -1.26819213e-07  2.77132680e-12  1.89633847e-14\n   3.87970506e-14  1.97406783e-08  1.35283842e-08 -5.09297698e-09\n  -5.85925603e-08  9.28643887e-06  8.77694842e-08  3.48086302e-08\n   1.57226361e-07  9.53894387e-09  2.08576552e-08  2.86123017e-05\n  -6.50287721e-08 -1.54725987e-07  2.25490693e-08  3.63862463e-08\n   4.52922074e-05 -4.02001740e-08 -6.45937720e-08  1.08175260e-08\n   5.16899724e-07 -3.97072903e-08 -2.52548749e-08  1.52799270e-05\n  -6.83106055e-09 -4.78812297e-08  2.23401605e-12  1.04917848e-13\n  -3.12273467e-14]\n [-1.34078311e-10  1.34299255e-03  7.21771656e-05  1.78912571e-04\n  -3.56501263e-05  1.59701507e-05 -2.57692579e-09 -1.21894352e-10\n  -6.02993851e-13 -2.21177919e-04 -8.59688832e-05  2.29866122e-06\n   9.28643887e-06 -1.41450410e-01  1.43735226e-03  1.03008689e-03\n  -1.01842788e-04  3.34704642e-05  3.00842340e-05 -1.00104855e-02\n   3.07319510e-05 -1.52645781e-04 -4.54850031e-07  1.58306874e-05\n  -2.07073958e-02 -3.62267694e-05  1.08638301e-04 -1.17272903e-06\n   4.91498681e-03  1.03920254e-05  4.44632054e-05 -1.83331000e-03\n   1.60829748e-05  4.73803699e-05  8.24147405e-09  1.76205536e-08\n   1.93202977e-10]\n [-1.52794453e-12 -1.61935985e-05  1.39836222e-07  5.29750314e-07\n  -1.20454957e-07 -2.32001831e-07 -9.13507698e-11  2.31030938e-12\n  -2.07464637e-12  1.39967937e-06  1.47300101e-06 -5.82205618e-07\n   8.77694842e-08  1.43735226e-03 -4.24852101e-05 -2.51582449e-05\n   2.37710098e-07 -5.24961989e-08 -9.24970458e-08  3.07319413e-05\n   3.53710578e-06  3.06229756e-06  9.83945496e-08 -8.20173651e-08\n  -3.62268319e-05  4.02110423e-06  1.06986993e-06 -9.43774679e-09\n   1.03920306e-05  1.42963854e-07 -4.54073811e-07  1.60829753e-05\n  -9.34533433e-07 -7.35010545e-07  4.46313073e-11 -1.29171435e-10\n  -3.49492927e-12]\n [-1.19185321e-12 -1.13934634e-05  1.64566836e-06 -7.81497278e-07\n  -4.48555035e-07 -4.78552927e-07  4.17726583e-11 -3.25455688e-12\n  -1.30032177e-12  3.62978894e-07  1.58643254e-06 -2.91326446e-07\n   3.48086302e-08  1.03008689e-03 -2.51582449e-05 -1.93405067e-05\n   3.09857409e-07  3.24448374e-08 -4.76997380e-08 -1.52645766e-04\n   3.06229748e-06  2.72269899e-06  6.04317816e-08  5.84715811e-08\n   1.08638287e-04  1.06986997e-06  4.97173755e-07  6.13233658e-09\n   4.44632095e-05 -4.54073948e-07 -6.31959745e-07  4.73803779e-05\n  -7.35010646e-07 -7.10300339e-07  2.79099612e-11  4.53467278e-10\n   2.08221851e-12]\n [ 2.30555383e-12  8.96692383e-07  2.58586762e-06  5.91607024e-06\n  -3.44104372e-07  3.67776079e-07  2.01756957e-10 -1.56432721e-12\n  -1.34426879e-13 -3.01642551e-07  5.91259589e-07 -1.54119085e-07\n   1.57226361e-07 -1.01842788e-04  2.37710098e-07  3.09857409e-07\n  -3.07967029e-06 -2.74931061e-08 -3.65867419e-08 -3.04342630e-04\n  -1.68070576e-06  9.39221036e-07 -1.25423012e-08  7.41361352e-09\n  -6.84118001e-04  1.43762004e-06  3.49338758e-07 -4.69583864e-08\n   3.99213549e-05  2.78810045e-07 -2.39747107e-08 -4.44144523e-05\n   3.38255481e-08  9.97161348e-08  2.24152458e-10  3.18445098e-11\n  -2.63014451e-13]\n [ 1.24354144e-14 -2.77308925e-07  3.46808903e-07  2.74459237e-07\n   3.98509399e-07  2.97433195e-09 -6.32797904e-13  2.96882560e-14\n   5.34217778e-14  1.49733750e-07  1.31573162e-08  3.39393992e-08\n   9.53894387e-09  3.34704642e-05 -5.24961989e-08  3.24448374e-08\n  -2.74931061e-08 -1.87221042e-07  8.18117733e-09 -3.44346765e-05\n   1.58885318e-07  4.13143917e-07 -1.93592875e-07 -5.03602104e-08\n  -3.55472436e-05  1.36502386e-07 -3.97978080e-08  6.77010134e-09\n  -4.69988407e-05  1.43176757e-07  4.18817388e-08 -5.28398565e-07\n   1.07555440e-08 -2.21529738e-09 -6.23463957e-13  1.61935074e-12\n  -2.94261715e-14]\n [-1.07730597e-13 -2.74564377e-07 -3.42011686e-07  1.09797088e-07\n   1.00553824e-08  2.21554826e-07 -2.54216886e-12 -4.02663771e-14\n   1.48758667e-14  1.03291414e-07  5.78356885e-08  1.29035002e-08\n   2.08576552e-08  3.00842340e-05 -9.24970458e-08 -4.76997380e-08\n  -3.65867419e-08  8.18117733e-09 -1.20161640e-07  4.17657266e-05\n   1.77244864e-07  2.70711026e-07 -2.29675603e-08 -6.43988763e-08\n  -1.28892384e-05  1.94581676e-07  5.66507433e-08 -1.43389046e-08\n  -1.25363225e-06  1.64788991e-08  6.13838033e-09 -2.56172782e-05\n   7.55107979e-08  4.75424785e-08  3.85161265e-12 -3.67439557e-12\n   3.53943793e-15]\n [ 3.30406011e-11  7.21771644e-05  2.05261481e-03  6.50592091e-04\n  -2.53081873e-05 -6.91515305e-05  6.47414157e-09 -1.56042431e-10\n  -2.77969204e-11  9.42545012e-05 -7.16842012e-07  1.77577307e-05\n   2.86123017e-05 -1.00104855e-02  3.07319413e-05 -1.52645766e-04\n  -3.04342630e-04 -3.44346765e-05  4.17657266e-05 -2.27166586e-01\n   5.91400076e-04  9.46925270e-04  4.64411207e-05 -1.44271518e-05\n  -7.33688292e-02 -9.33907123e-05  1.60643583e-04  1.66080428e-07\n   4.38123102e-03  7.49367577e-05  4.65334694e-05  7.39763072e-03\n  -6.20108559e-05  1.82332843e-05  3.40988603e-08 -2.31126767e-09\n   1.17257129e-10]\n [-2.19157466e-12  1.39836428e-07 -6.84337586e-06  5.73404842e-07\n  -7.55691663e-07  4.81257866e-07 -1.53048340e-10 -3.43483526e-13\n   4.38995067e-13 -5.33974252e-07  2.58934838e-07 -1.22352560e-07\n  -6.50287721e-08  3.07319510e-05  3.53710578e-06  3.06229748e-06\n  -1.68070576e-06  1.58885318e-07  1.77244864e-07  5.91400076e-04\n  -1.85128492e-05 -1.24546642e-05  8.57759954e-08  3.56071879e-08\n  -9.33907310e-05 -1.83230628e-06 -1.14593886e-06 -3.30558581e-08\n   7.49367583e-05 -6.71766349e-07 -8.93871439e-07 -6.20108589e-05\n  -5.82385433e-07 -4.41766214e-07 -4.15758755e-10  1.13134054e-10\n  -1.14278341e-12]\n [-2.43057383e-13  1.64566867e-06 -9.66786510e-06 -1.51111297e-06\n  -5.01255453e-07 -1.97695674e-07 -7.58247249e-12  2.72976626e-13\n  -8.25215605e-13 -1.22237458e-06 -3.20895805e-07 -1.04550203e-07\n  -1.54725987e-07 -1.52645781e-04  3.06229756e-06  2.72269899e-06\n   9.39221036e-07  4.13143917e-07  2.70711026e-07  9.46925270e-04\n  -1.24546642e-05 -1.41499677e-05  9.46429652e-08  1.20400787e-07\n   1.60643609e-04 -1.14593871e-06 -1.24879833e-06  2.36055422e-08\n   4.65334712e-05 -8.93871405e-07 -7.12712981e-07  1.82332892e-05\n  -4.41766223e-07 -4.36660106e-07 -4.84409342e-11 -1.12046289e-10\n  -1.35274075e-13]\n [ 2.94666513e-13  1.82313594e-08 -3.74339964e-07  4.30408576e-07\n   5.27723887e-07  6.39677679e-08 -6.39647407e-12  2.69113782e-14\n  -7.45272533e-14 -8.18841006e-08  1.03705252e-07  4.55783790e-08\n   2.25490693e-08 -4.54850031e-07  9.83945496e-08  6.04317816e-08\n  -1.25423012e-08 -1.93592875e-07 -2.29675603e-08  4.64411207e-05\n   8.57759954e-08  9.46429652e-08 -3.50627064e-07 -2.85470868e-08\n  -5.39914366e-05  7.65959303e-08  3.84690622e-08  5.99615258e-09\n  -6.28582019e-05  1.29352890e-07  8.19249533e-08 -7.49659246e-06\n   4.22479891e-08 -1.00281068e-08 -1.28970598e-11  4.45670924e-12\n   5.08819836e-14]\n [-6.90858176e-14 -1.45614038e-07  1.29040143e-07  2.37230880e-07\n   7.22294636e-08  3.38624881e-07  2.56790231e-12  2.92398463e-14\n   3.70807070e-15  1.17628859e-07 -3.50863678e-08  1.10681450e-08\n   3.63862463e-08  1.58306874e-05 -8.20173651e-08  5.84715811e-08\n   7.41361352e-09 -5.03602104e-08 -6.43988763e-08 -1.44271518e-05\n   3.56071879e-08  1.20400787e-07 -2.85470868e-08 -2.80457425e-07\n  -3.11433353e-05 -7.12848950e-09  1.74062042e-08 -1.99803724e-08\n  -8.18833124e-06  6.90386272e-08 -2.50374122e-08 -4.20633063e-05\n  -1.09906397e-07  7.89084978e-08 -1.26187078e-11 -2.16558804e-12\n  -5.03359443e-14]\n [ 4.59175070e-10  1.78912471e-04  6.50591900e-04  2.57510948e-03\n   3.06832356e-05  6.48762323e-05  1.01011717e-07 -4.28181122e-10\n  -4.03837505e-10 -4.03179801e-06  1.30360332e-04 -2.90149560e-05\n   4.52922074e-05 -2.07073958e-02 -3.62268319e-05  1.08638287e-04\n  -6.84118001e-04 -3.55472436e-05 -1.28892384e-05 -7.33688292e-02\n  -9.33907310e-05  1.60643609e-04 -5.39914366e-05 -3.11433353e-05\n  -2.93156625e-01  1.16523414e-03  3.20584612e-04 -8.73819899e-06\n  -5.03983870e-03  2.28377792e-05 -4.10087571e-05 -8.86312084e-03\n  -5.02166319e-05 -7.17866494e-06  9.76285056e-08  5.14065017e-09\n   5.12756551e-11]\n [ 4.53785304e-12  5.29749751e-07  5.73403620e-07 -1.12126252e-05\n  -6.84030669e-08  