{'theta_hat': '[-6.43825788e-11  1.44930162e-03 -1.69051725e-03 -1.30499362e-02\n -1.06532822e-04 -1.83864872e-03 -1.03663785e-09 -8.58294419e-11\n  8.52936196e-11 -2.62114120e-04 -2.79550622e-03  1.08098855e-04\n -2.21438162e-04 -1.61462081e-01  4.51615081e-03  5.95311396e-04\n  3.07238043e-03  1.25124151e-04  4.55773173e-04  1.72646724e-01\n -7.70711580e-05 -1.39132886e-03  4.77152785e-04  1.29997692e-03\n  1.54233102e+00 -4.43682451e-03 -4.11818129e-03  1.17223616e-04\n  3.10734466e-02  9.93298621e-04 -4.12779849e-04  2.36751500e-01\n  4.96411642e-04 -9.19607064e-04 -3.12840216e-09  1.53006648e-08\n -1.47276235e-10]', 'theta_bar': '[ 5.72726651e-03  2.64234248e-03 -4.94346698e-04 -6.75313554e-03\n -5.70846035e-04  3.56303571e-04 -1.27383172e+00 -8.70209825e-04\n  3.05238073e-03 -5.42064086e-04 -1.84009839e-03 -4.97775502e-06\n  4.48224891e-05 -3.74092365e-01  1.97524956e-03  2.00227546e-03\n  1.20437447e-03  2.25587962e-04 -6.49298445e-05  2.22359575e-01\n  1.08177547e-03 -2.88386814e-04  4.03401600e-04 -2.42467495e-04\n  1.24852958e+00 -2.22981864e-04 -4.03824396e-03 -7.19098416e-06\n  7.44767455e-02 -6.40124838e-04 -1.14781066e-03 -3.90906791e-02\n -1.45148934e-04 -3.91707754e-04  1.24146452e-01 -5.41041521e-01\n -8.89560698e-03]', 'grad_op_sum': '[[ 1.82034415e-19  1.75874894e-13  3.57070140e-13  5.36311579e-13\n  -1.59530423e-13  9.52967776e-14 -1.02259913e-17 -2.84577956e-21\n   3.98629470e-20 -5.81533733e-15  3.36780611e-14 -2.87277960e-14\n   1.54279032e-14 -1.71267261e-11  2.46325613e-13  4.54326081e-13\n  -1.48381038e-13  2.82274878e-14 -1.24610546e-14 -4.09156879e-11\n  -5.11956311e-14  2.89484899e-13  1.07210982e-13 -4.70135149e-14\n  -5.74857917e-11  3.62922025e-13 -1.29411803e-13 -7.61162990e-15\n   2.07719174e-11 -3.19684726e-14  4.83108813e-15 -1.14434237e-11\n   4.19322368e-14 -7.58875563e-14 -2.84319489e-18 -1.54104350e-18\n  -1.92733153e-21]\n [ 1.75874894e-13  1.35024047e-05  5.88381352e-06  1.20512915e-06\n  -4.79435488e-08 -1.76412745e-07 -1.07038189e-11  1.55759937e-13\n   6.13482577e-13 -1.15970394e-06 -3.04308524e-06  1.41828564e-07\n  -1.90020489e-07 -1.27126958e-03  2.56743967e-05  2.10057058e-05\n  -1.19951584e-06  9.83112420e-08 -9.63709312e-08 -5.73844564e-04\n   8.41655468e-06  8.64625341e-06  1.77421012e-07  2.88256075e-07\n  -1.00348096e-04  2.57892054e-07  2.76196594e-06  3.65463867e-08\n   2.20684623e-05  1.35521589e-06  8.66062759e-07  3.27386920e-05\n   7.01685177e-07  4.09013270e-07 -3.86754427e-11 -3.26173206e-11\n   3.54852608e-13]\n [ 3.57070140e-13  5.88381352e-06  7.02941743e-06  7.89836156e-06\n  -1.33034537e-06 -1.20692325e-07 -1.58137316e-11 -4.57321382e-14\n   3.78921441e-13 -5.31529109e-07 -3.74520413e-07 -9.45354453e-08\n  -1.65481739e-07 -5.73844603e-04  8.41655447e-06  8.64625313e-06\n  -3.45574395e-06  4.38461818e-07 -1.62221025e-07 -7.62488909e-04\n   4.38260666e-06  5.13536936e-06  4.98351219e-07  1.57951540e-07\n  -8.41702078e-04  2.73298478e-06  3.28424014e-06 -3.73799194e-08\n   1.51137086e-04 -8.43819778e-07  2.27034542e-07  1.91209609e-05\n  -2.89174463e-07  8.71916532e-08 -3.33744814e-11 -2.15948437e-11\n   1.91955329e-13]\n [ 5.36311579e-13  1.20512915e-06  7.89836156e-06  4.58606668e-05\n  -4.95600262e-06  1.55007809e-06 -2.08771245e-11 -3.61120207e-13\n   1.14917493e-13  9.16105787e-07  5.76177769e-06 -4.48258764e-07\n   9.27199311e-08 -1.00348013e-04  2.57892196e-07  2.76196634e-06\n  -1.08674017e-05  1.78590003e-06 -8.61651802e-07 -8.41702136e-04\n   2.73298468e-06  3.28424060e-06  1.78015993e-06 -9.09147365e-07\n  -5.19451429e-03  1.86881896e-05  7.37804306e-06 -2.30604593e-07\n   5.27886655e-04 -2.85294056e-06 -7.84659002e-07 -1.98970503e-04\n  -3.31584254e-07  6.84797664e-07 -1.17816924e-11 -3.00764821e-11\n   1.75861464e-13]\n [-1.59530423e-13 -4.79435488e-08 -1.33034537e-06 -4.95600262e-06\n   3.45083636e-06  4.92151374e-07  1.84781764e-11  8.69119308e-14\n   8.15590930e-14 -3.35974079e-08 -4.89186557e-07  4.46670402e-07\n   7.28925997e-08  2.20684665e-05  1.35521573e-06  8.66062816e-07\n   1.19471008e-06 -1.04902245e-06 -1.51789371e-08  1.51137091e-04\n  -8.43819695e-07  2.27034570e-07 -2.23017144e-06 -4.17453148e-07\n   5.27886765e-04 -2.85294033e-06 -7.84659057e-07  5.36859203e-08\n  -4.31599148e-04  3.72468850e-08  8.48614129e-07 -6.14245966e-05\n  -1.67376314e-07  2.04783556e-07  1.23341239e-11  3.06489394e-12\n   3.74818495e-14]\n [ 9.52967776e-14 -1.76412745e-07 -1.20692325e-07  1.55007809e-06\n   4.92151374e-07  1.73633242e-06 -1.21411718e-11  6.23050029e-14\n  -2.38421451e-14  5.53111014e-08  5.65504884e-07  3.80599280e-08\n   2.70614960e-07  3.27387135e-05  7.01685205e-07  4.09013227e-07\n  -9.81583212e-08 -1.91112523e-07 -3.59572249e-07  1.91209557e-05\n  -2.89174524e-07  8.71916015e-08 -4.15963485e-07 -1.26319005e-06\n  -1.98970474e-04 -3.31584135e-07  6.84797641e-07 -9.69473979e-08\n  -6.14245928e-05 -1.67376345e-07  2.04783547e-07 -2.25834104e-04\n  -2.18411548e-07  3.15677448e-07  4.97705785e-12 -5.35815750e-12\n   3.54397691e-14]\n [-1.02259913e-17 -1.07038189e-11 -1.58137316e-11 -2.08771245e-11\n   1.84781764e-11 -1.21411718e-11  1.11394650e-15 -3.69556825e-19\n  -1.61537531e-18  1.90285372e-12  1.75569634e-12  2.75796088e-12\n  -2.47781486e-12  1.36893258e-09 -1.27333846e-12 -6.09064521e-12\n   4.27789878e-12 -4.79046876e-12  2.35087551e-12  1.92301752e-09\n  -3.74333572e-12 -1.16428652e-12 -1.15022259e-11  7.03274550e-12\n   2.11599050e-09 -1.73037855e-11  6.63420116e-12  1.02710182e-12\n  -2.29755891e-09  6.95057517e-12 -5.77717155e-12  1.57988866e-09\n  -2.07893103e-12  1.29494600e-12  1.85341112e-16  7.93840353e-17\n   9.84111658e-19]\n [-2.84577956e-21  1.55759937e-13 -4.57321382e-14 -3.61120207e-13\n   8.69119308e-14  6.23050029e-14 -3.69556825e-19  2.09876645e-20\n   6.22994142e-21 -3.72995721e-14 -6.42362391e-14  1.45244704e-15\n   7.79981017e-15 -1.53346991e-11  1.63425928e-13  2.23869873e-13\n   1.11927466e-13 -3.39885234e-14 -4.54971411e-15  7.14077856e-12\n   1.15998138e-13  1.25515318e-13 -4.30917471e-14 -4.34383177e-14\n   3.86691101e-11 -1.44399431e-13  7.85855592e-14 -3.35428374e-16\n  -9.54913482e-12  4.46730291e-14  9.95980814e-15 -7.95229023e-12\n   1.22775843e-14  2.44912289e-14 -3.93024933e-19 -5.22858831e-19\n   1.01722621e-20]\n [ 3.98629470e-20  6.13482577e-13  3.78921441e-13  1.14917493e-13\n   8.15590930e-14 -2.38421451e-14 -1.61537531e-18  6.22994142e-21\n   8.50872987e-20 -9.84041715e-14 -1.89071356e-13  5.89235442e-15\n  -1.37598041e-14 -6.40481076e-11  5.40001182e-13  7.81664151e-13\n  -6.76348279e-14 -1.97434633e-14 -3.61316941e-15 -3.86820344e-11\n   3.46877360e-13  5.82763572e-13 -5.88747778e-14  2.20433870e-14\n  -6.44376883e-12  3.17938550e-13  1.63931260e-13  6.12213497e-15\n  -1.13674807e-11 -1.13329413e-14 -3.98801220e-14  3.51501580e-12\n   2.53119006e-14 -2.15455766e-14 -1.72937687e-18 -4.54235500e-18\n   2.56477431e-20]\n [-5.81533733e-15 -1.15970394e-06 -5.31529109e-07  9.16105787e-07\n  -3.35974079e-08  5.53111014e-08  1.90285372e-12 -3.72995721e-14\n  -9.84041715e-14  2.99523539e-07  5.10444791e-07  4.29012926e-08\n   3.11055481e-08  1.30616884e-04 -4.61014123e-08 -1.13947844e-06\n  -1.66447040e-07  2.04241741e-08 -5.54439327e-09  5.03737583e-05\n  -8.61395862e-07 -1.01201029e-06 -1.46640935e-09 -3.74246335e-08\n  -1.16957084e-04 -2.84665357e-07 -6.45409842e-07 -1.07556994e-08\n   2.81045358e-06 -5.67256778e-09  1.08096622e-08 -7.78032877e-06\n  -6.44570293e-08 -1.95648936e-08  5.84123921e-12  4.45086346e-12\n  -5.23236055e-14]\n [ 3.36780611e-14 -3.04308524e-06 -3.74520413e-07  5.76177769e-06\n  -4.89186557e-07  5.65504884e-07  1.75569634e-12 -6.42362391e-14\n  -1.89071356e-13  5.10444791e-07  1.72621800e-06 -5.79675737e-08\n   1.09604359e-07  3.09288764e-04 -4.38979834e-06 -3.87542621e-06\n  -1.20503267e-06  1.37374105e-07 -1.39980694e-07  2.77801889e-05\n  -1.73175252e-06 -1.60368059e-06  1.15350327e-07 -4.09184013e-07\n  -6.78698384e-04  1.56789024e-06  3.33771719e-07 -5.93898146e-08\n   5.01697068e-05 -5.13120294e-07 -2.34902247e-07 -7.47306053e-05\n  -2.60765709e-07  9.84405146e-08  8.77838016e-12  2.91916694e-12\n  -5.45846081e-14]\n [-2.87277960e-14  1.41828564e-07 -9.45354453e-08 -4.48258764e-07\n   4.46670402e-07  3.80599280e-08  2.75796088e-12  1.45244704e-15\n   5.89235442e-15  4.29012926e-08 -5.79675737e-08  8.48802237e-08\n   6.71561170e-09 -5.35528665e-06  1.13205215e-06  4.65811499e-07\n   6.64635816e-08 -1.22344705e-07 -2.73070461e-09  1.03979161e-05\n  -3.55863155e-08 -2.27770836e-08 -2.99195933e-07 -3.16246190e-08\n   4.52408790e-05 -5.23453229e-07 -2.40932020e-07  7.04720341e-09\n  -5.65231934e-05  2.65511610e-08  1.58101212e-07 -4.73032776e-06\n  -2.39219742e-08  2.85202536e-08  1.96855761e-12  1.04300508e-12\n  -1.28957224e-15]\n [ 1.54279032e-14 -1.90020489e-07 -1.65481739e-07  9.27199311e-08\n   7.28925997e-08  2.70614960e-07 -2.47781486e-12  7.79981017e-15\n  -1.37598041e-14  3.11055481e-08  1.09604359e-07  6.71561170e-09\n   4.84388363e-08  2.12062369e-05 -4.70954040e-08 -1.82854633e-07\n   4.39227297e-08 -3.01683091e-08 -5.09720343e-08  1.79055610e-05\n  -1.78582391e-07 -1.57788035e-07 -5.49541863e-08 -1.93899159e-07\n  -1.57752223e-05 -1.55573183e-07 -1.09910158e-08 -1.52595367e-08\n  -8.76423226e-06 -7.90017539e-09  1.50336320e-08 -3.52435344e-05\n  -2.62913638e-08  4.10596015e-08  1.41622658e-12 -5.33321941e-13\n  -3.39479388e-15]\n [-1.71267261e-11 -1.27126958e-03 -5.73844603e-04 -1.00348013e-04\n   2.20684665e-05  3.27387135e-05  1.36893258e-09 -1.53346991e-11\n  -6.40481076e-11  1.30616884e-04  3.09288764e-04 -5.35528665e-06\n   2.12062369e-05  1.22627048e-01 -2.14577652e-03 -1.88017834e-03\n   1.06785369e-04 -1.44108220e-05  6.62174809e-06  5.61308699e-02\n  -8.12220402e-04 -8.36484666e-04 -2.54359934e-05 -3.80247014e-05\n   6.35899695e-03 -1.08518520e-04 -3.08072770e-04 -4.52043525e-06\n  -3.91394183e-03 -1.03657300e-04 -6.65337040e-05 -5.13777937e-03\n  -6.78818236e-05 -3.31978796e-05  4.00345874e-09  3.24651813e-09\n  -3.49264668e-11]\n [ 2.46325613e-13  2.56743967e-05  8.41655447e-06  2.57892196e-07\n   1.35521573e-06  7.01685205e-07 -1.27333846e-12  1.63425928e-13\n   5.40001182e-13 -4.61014123e-08 -4.38979834e-06  1.13205215e-06\n  -4.70954040e-08 -2.14577652e-03  7.77130474e-05  4.82064778e-05\n  -2.08961843e-06 -1.80233755e-07 -2.70409652e-07 -8.12220348e-04\n   1.32775180e-05  1.19605098e-05 -2.96354246e-07 -4.74613327e-08\n  -1.08518510e-04 -1.07539039e-05 -1.64299885e-06 -6.25820258e-09\n  -1.03657294e-04  4.85320652e-06  2.85187218e-06 -6.78818321e-05\n   1.03882328e-06  9.88945636e-07 -3.86140565e-11 -3.61062249e-11\n   3.98781171e-13]\n [ 4.54326081e-13  2.10057058e-05  8.64625313e-06  2.76196634e-06\n   8.66062816e-07  4.09013227e-07 -6.09064521e-12  2.23869873e-13\n   7.81664151e-13 -1.13947844e-06 -3.87542621e-06  4.65811499e-07\n  -1.82854633e-07 -1.88017834e-03  4.82064778e-05  3.68427874e-05\n  -2.12239847e-06 -1.84371871e-07 -2.40067098e-07 -8.36484598e-04\n   1.19605097e-05  1.34702987e-05 -1.73517044e-07 -2.15200604e-08\n  -3.08072788e-04 -1.64299825e-06  2.63954250e-06  2.57787507e-08\n  -6.65337212e-05  2.85187250e-06  2.09916905e-06 -3.31978858e-05\n   9.88945573e-07  7.72925713e-07 -4.83708840e-11 -4.32355812e-11\n   5.15876698e-13]\n [-1.48381038e-13 -1.19951584e-06 -3.45574395e-06 -1.08674017e-05\n   1.19471008e-06 -9.81583212e-08  4.27789878e-12  1.11927466e-13\n  -6.76348279e-14 -1.66447040e-07 -1.20503267e-06  6.64635816e-08\n   4.39227297e-08  1.06785369e-04 -2.08961843e-06 -2.12239847e-06\n   3.20967238e-06 -4.29571986e-07  1.73408631e-07  3.80663439e-04\n  -1.29823625e-06 -1.48516808e-06 -3.72213675e-07  1.27179473e-08\n   1.22251579e-03 -3.72423388e-06 -2.04467594e-06  4.89730232e-08\n  -1.26147675e-04  8.73914798e-07  6.69845148e-09  1.15777835e-05\n   2.50040328e-07 -1.57704272e-07  9.65693598e-12  8.89848553e-12\n  -5.30675519e-14]\n [ 2.82274878e-14  9.83112420e-08  4.38461818e-07  1.78590003e-06\n  -1.04902245e-06 -1.91112523e-07 -4.79046876e-12 -3.39885234e-14\n  -1.97434633e-14  2.04241741e-08  1.37374105e-07 -1.22344705e-07\n  -3.01683091e-08 -1.44108220e-05 -1.80233755e-07 -1.84371871e-07\n  -4.29571986e-07  3.35684403e-07  3.04462088e-09 -4.92531273e-05\n   3.56784074e-07 -7.64125826e-08  6.58851080e-07  1.53530197e-07\n  -1.90342878e-04  1.02621827e-06  2.27016100e-07 -1.40581928e-08\n   1.29321978e-04 -3.64624945e-08 -2.31117701e-07  2.36797186e-05\n   6.21788371e-08 -6.16125527e-08 -3.31870238e-12 -4.31459690e-13\n  -1.28019135e-14]\n [-1.24610546e-14 -9.63709312e-08 -1.62221025e-07 -8.61651802e-07\n  -1.51789371e-08 -3.59572249e-07  2.35087551e-12 -4.54971411e-15\n  -3.61316941e-15 -5.54439327e-09 -1.39980694e-07 -2.73070461e-09\n  -5.09720343e-08  6.62174809e-06 -2.70409652e-07 -2.40067098e-07\n   1.73408631e-07  3.04462088e-09  8.90758642e-08  1.59649390e-05\n  -8.96592816e-08 -1.34221575e-07  5.25245606e-08  2.64456910e-07\n   9.95357464e-05 -2.18045810e-07 -2.82040357e-07  2.27671506e-08\n   3.54672706e-06  8.25100510e-08 -5.15859028e-08  4.70352189e-05\n   5.12491732e-08 -7.72051083e-08 -6.86347921e-13  1.68461054e-12\n  -1.20765331e-14]\n [-4.09156879e-11 -5.73844564e-04 -7.62488909e-04 -8.41702136e-04\n   1.51137091e-04  1.91209557e-05  1.92301752e-09  7.14077856e-12\n  -3.86820344e-11  5.03737583e-05  2.77801889e-05  1.03979161e-05\n   1.79055610e-05  5.61308699e-02 -8.12220348e-04 -8.36484598e-04\n   3.80663439e-04 -4.92531273e-05  1.59649390e-05  8.34965995e-02\n  -4.32094585e-04 -5.09360635e-04 -5.64908925e-05 -2.13529946e-05\n   8.95005890e-02 -2.72907101e-04 -3.29473939e-04  4.24563185e-06\n  -1.71127128e-02  1.05140421e-04 -2.29359292e-05 -2.80571896e-03\n   3.90270210e-05 -4.02689012e-06  3.55048037e-09  2.17236754e-09\n  -1.78200472e-11]\n [-5.11956311e-14  8.41655468e-06  4.38260666e-06  2.73298468e-06\n  -8.43819695e-07 -2.89174524e-07 -3.74333572e-12  1.15998138e-13\n   3.46877360e-13 -8.61395862e-07 -1.73175252e-06 -3.55863155e-08\n  -1.78582391e-07 -8.12220402e-04  1.32775180e-05  1.19605097e-05\n  -1.29823625e-06  3.56784074e-07 -8.96592816e-08 -4.32094585e-04\n   6.51501583e-06  5.59239083e-06  4.85309777e-07  2.65446744e-07\n  -2.72907125e-04  1.92269474e-06  3.17728732e-06  1.26107327e-08\n   1.05140413e-04  4.93907322e-07  5.59710852e-07  3.90270333e-05\n   4.97666545e-07  3.95068151e-07 -2.92161329e-11 -1.71254267e-11\n   2.54792247e-13]\n [ 2.89484899e-13  8.64625341e-06  5.13536936e-06  3.28424060e-06\n   2.27034570e-07  8.71916015e-08 -1.16428652e-12  1.25515318e-13\n   5.82763572e-13 -1.01201029e-06 -1.60368059e-06 -2.27770836e-08\n  -1.57788035e-07 -8.36484666e-04  1.19605098e-05  1.34702987e-05\n  -1.48516808e-06 -7.64125826e-08 -1.34221575e-07 -5.09360635e-04\n   5.59239083e-06  7.90925989e-06 -1.29713173e-07 -1.42071966e-08\n  -3.29473963e-04  3.17728754e-06  3.56829759e-06  1.73286475e-08\n  -2.29359331e-05  5.59710899e-07  1.25453587e-07 -4.02688637e-06\n   3.95068146e-07  2.13839378e-07 -2.85065628e-11 -3.94442169e-11\n   3.52302888e-13]\n [ 1.07210982e-13  1.77421012e-07  4.98351219e-07  1.78015993e-06\n  -2.23017144e-06 -4.15963485e-07 -1.15022259e-11 -4.30917471e-14\n  -5.88747778e-14 -1.46640935e-09  1.15350327e-07 -2.99195933e-07\n  -5.49541863e-08 -2.54359934e-05 -2.96354246e-07 -1.73517044e-07\n  -3.72213675e-07  6.58851080e-07  5.25245606e-08 -5.64908925e-05\n   4.85309777e-07 -1.29713173e-07  1.53950942e-06  3.46401575e-07\n  -1.81410705e-04  1.33705453e-06  1.89382605e-07 -2.59992490e-08\n   2.85116150e-04  2.28498019e-07 -5.76918982e-07  5.30383684e-05\n   1.79065689e-07 -1.63103219e-07 -7.68907142e-12 -2.25090831e-12\n  -2.83544375e-14]\n [-4.70135149e-14  2.88256075e-07  1.57951540e-07 -9.09147365e-07\n  -4.17453148e-07 -1.26319005e-06  7.03274550e-12 -4.34383177e-14\n   2.20433870e-14 -3.74246335e-08 -4.09184013e-07 -3.16246190e-08\n  -1.93899159e-07 -3.80247014e-05 -4.74613327e-08 -2.15200604e-08\n   1.27179473e-08  1.53530197e-07  2.64456910e-07 -2.13529946e-05\n   2.65446744e-07 -1.42071966e-08  3.46401575e-07  9.34243249e-07\n   1.17958604e-04  2.18780012e-07 -5.13531882e-07  6.97304536e-08\n   5.27058938e-05  1.56624574e-07 -1.71675272e-07  1.64786442e-04\n   1.77930195e-07 -2.28348560e-07 -4.40116657e-12  2.97905307e-12\n  -2.63439880e-14]\n [-5.74857917e-11 -1.00348096e-04 -8.41702078e-04 -5.19451429e-03\n   5.27886765e-04 -1.98970474e-04  2.11599050e-09  3.86691101e-11\n  -6.44376883e-12 -1.16957084e-04 -6.78698384e-04  4.52408790e-05\n  -1.57752223e-05  6.35899695e-03 -1.08518510e-04 -3.08072788e-04\n   1.22251579e-03 -1.90342878e-04  9.95357464e-05  8.95005890e-02\n  -2.72907125e-04 -3.29473963e-04 -1.81410705e-04  1.17958604e-04\n   5.90631937e-01 -2.03686890e-03 -8.19020879e-04  2.68443118e-05\n  -5.58853342e-02  3.07761492e-04  8.40011392e-05  2.54840701e-02\n   3.91510445e-05 -8.82543959e-05  1.02098743e-09  3.33253822e-09\n  -1.91714352e-11]\n [ 3.62922025e-13  2.57892054e-07  2.73298478e-06  1.86881896e-05\n  -2.85294033e-06 -3.31584135e-07 -1.73037855e-11 -1.44399431e-13\n   3.17938550e-13 -2.84665357e-07  1.56789024e-06 -5.23453229e-07\n  -1.55573183e-07 -1.08518520e-04 -1.07539039e-05 -1.64299825e-06\n  -3.72423388e-06  1.02621827e-06 -2.18045810e-07 -2.72907101e-04\n   1.92269474e-06  3.17728754e-06  1.33705453e-06  2.18780012e-07\n  -2.03686890e-03  1.44329874e-05  4.06635261e-06 -2.91279437e-08\n   3.07761468e-04 -1.39084529e-06 -6.78704152e-07  3.91510568e-05\n   6.08767241e-07 -1.12106812e-07 -7.99597659e-12 -1.90504020e-11\n   1.18840875e-13]\n [-1.29411803e-13  2.76196594e-06  3.28424014e-06  7.37804306e-06\n  -7.84659057e-07  6.84797641e-07  6.63420116e-12  7.85855592e-14\n   1.63931260e-13 -6.45409842e-07  3.33771719e-07 -2.40932020e-07\n  -1.09910158e-08 -3.08072770e-04 -1.64299885e-06  2.63954250e-06\n  -2.04467594e-06  2.27016100e-07 -2.82040357e-07 -3.29473939e-04\n   3.17728732e-06  3.56829759e-06  1.89382605e-07 -5.13531882e-07\n  -8.19020879e-04  4.06635261e-06  5.04456742e-06 -5.73060532e-08\n   8.40011195e-05 -6.78704239e-07 -1.22588668e-07 -8.82544006e-05\n  -1.12106842e-07  5.63565528e-07 -1.86642037e-11 -1.99836658e-11\n   2.46523807e-13]\n [-7.61162990e-15  3.65463867e-08 -3.73799194e-08 -2.30604593e-07\n   5.36859203e-08 -9.69473979e-08  1.02710182e-12 -3.35428374e-16\n   6.12213497e-15 -1.07556994e-08 -5.93898146e-08  7.04720341e-09\n  -1.52595367e-08 -4.52043525e-06 -6.25820258e-09  2.57787507e-08\n   4.89730232e-08 -1.40581928e-08  2.27671506e-08  4.24563185e-06\n   1.26107327e-08  1.73286475e-08 -2.59992490e-08  6.97304536e-08\n   2.68443118e-05 -2.91279437e-08 -5.73060532e-08  7.92735412e-09\n  -6.62004532e-06  1.75853728e-08  8.44546031e-09  1.27168232e-05\n   1.63654508e-08 -1.41821076e-08 -9.26135789e-14  3.57595220e-13\n  -9.45311147e-17]\n [ 2.07719174e-11  2.20684623e-05  1.51137086e-04  5.27886655e-04\n  -4.31599148e-04 -6.14245928e-05 -2.29755891e-09 -9.54913482e-12\n  -1.13674807e-11  2.81045358e-06  5.01697068e-05 -5.65231934e-05\n  -8.76423226e-06 -3.91394183e-03 -1.03657294e-04 -6.65337212e-05\n  -1.26147675e-04  1.29321978e-04  3.54672706e-06 -1.71127128e-02\n   1.05140413e-04 -2.29359331e-05  2.85116150e-04  5.27058938e-05\n  -5.58853342e-02  3.07761468e-04  8.40011195e-05 -6.62004532e-06\n   5.44623013e-02  1.25224820e-05 -1.07080810e-04  7.72612650e-03\n   2.36670526e-05 -2.59516063e-05 -1.58372883e-09 -4.01199792e-10\n  -4.56381337e-12]\n [-3.19684726e-14  1.35521589e-06 -8.43819778e-07 -2.85294056e-06\n   3.72468850e-08 -1.67376345e-07  6.95057517e-12  4.46730291e-14\n  -1.13329413e-14 -5.67256778e-09 -5.13120294e-07  2.65511610e-08\n  -7.90017539e-09 -1.03657300e-04  4.85320652e-06  2.85187250e-06\n   8.73914798e-07 -3.64624945e-08  8.25100510e-08  1.05140421e-04\n   4.93907322e-07  5.59710899e-07  2.28498019e-07  1.56624574e-07\n   3.07761492e-04 -1.39084529e-06 -6.78704239e-07  1.75853728e-08\n   1.25224820e-05  1.06166680e-06 -2.89184322e-07  2.36670585e-05\n   3.61732747e-07 -2.89448895e-08  6.55356787e-13 -6.96893419e-12\n   2.30399605e-14]\n [ 4.83108813e-15  8.66062759e-07  2.27034542e-07 -7.84659002e-07\n   8.48614129e-07  2.04783547e-07 -5.77717155e-12  9.95980814e-15\n  -3.98801220e-14  1.08096622e-08 -2.34902247e-07  1.58101212e-07\n   1.50336320e-08 -6.65337040e-05  2.85187218e-06  2.09916905e-06\n   6.69845148e-09 -2.31117701e-07 -5.15859028e-08 -2.29359292e-05\n   5.59710852e-07  1.25453587e-07 -5.76918982e-07 -1.71675272e-07\n   8.40011392e-05 -6.78704152e-07 -1.22588668e-07  8.44546031e-09\n  -1.07080810e-04 -2.89184322e-07  1.70332671e-06 -2.59516074e-05\n  -2.89448818e-08  3.14503553e-07 -5.14814821e-13  2.09224804e-11\n  -2.59712758e-14]\n [-1.14434237e-11  3.27386920e-05  1.91209609e-05 -1.98970503e-04\n  -6.14245966e-05 -2.25834104e-04  1.57988866e-09 -7.95229023e-12\n   3.51501580e-12 -7.78032877e-06 -7.47306053e-05 -4.73032776e-06\n  -3.52435344e-05 -5.13777937e-03 -6.78818321e-05 -3.31978858e-05\n   1.15777835e-05  2.36797186e-05  4.70352189e-05 -2.80571896e-03\n   3.90270333e-05 -4.02688637e-06  5.30383684e-05  1.64786442e-04\n   2.54840701e-02  3.91510568e-05 -8.82544006e-05  1.27168232e-05\n   7.72612650e-03  2.36670585e-05 -2.59516074e-05  2.94160727e-02\n   2.86798276e-05 -4.07817012e-05 -6.85354116e-10  6.70232391e-10\n  -4.32321466e-12]\n [ 4.19322368e-14  7.01685177e-07 -2.89174463e-07 -3.31584254e-07\n  -1.67376314e-07 -2.18411548e-07 -2.07893103e-12  1.22775843e-14\n   2.53119006e-14 -6.44570293e-08 -2.60765709e-07 -2.39219742e-08\n  -2.62913638e-08 -6.78818236e-05  1.03882328e-06  9.88945573e-07\n   2.50040328e-07  6.21788371e-08  5.12491732e-08  3.90270210e-05\n   4.97666545e-07  3.95068146e-07  1.79065689e-07  1.77930195e-07\n   3.91510445e-05  6.08767241e-07 -1.12106842e-07  1.63654508e-08\n   2.36670526e-05  3.61732747e-07 -2.89448818e-08  2.86798276e-05\n   3.40681219e-07 -4.48087059e-08 -1.94469785e-12 -1.14651750e-12\n   5.31118082e-15]\n [-7.58875563e-14  4.09013270e-07  8.71916532e-08  6.84797664e-07\n   2.04783556e-07  3.15677448e-07  1.29494600e-12  2.44912289e-14\n  -2.15455766e-14 -1.95648936e-08  9.84405146e-08  2.85202536e-08\n   4.10596015e-08 -3.31978796e-05  9.88945636e-07  7.72925713e-07\n  -1.57704272e-07 -6.16125527e-08 -7.72051083e-08 -4.02689012e-06\n   3.95068151e-07  2.13839378e-07 -1.63103219e-07 -2.28348560e-07\n  -8.82543959e-05 -1.12106812e-07  5.63565528e-07 -1.41821076e-08\n  -2.59516063e-05 -2.89448895e-08  3.14503553e-07 -4.07817012e-05\n  -4.48087059e-08  2.26205133e-07  3.21740584e-13  2.88916990e-13\n   2.47350399e-14]\n [-2.84319489e-18 -3.86754427e-11 -3.33744814e-11 -1.17816924e-11\n   1.23341239e-11  4.97705785e-12  1.85341112e-16 -3.93024933e-19\n  -1.72937687e-18  5.84123921e-12  8.77838016e-12  1.96855761e-12\n   1.41622658e-12  4.00345874e-09 -3.86140565e-11 -4.83708840e-11\n   9.65693598e-12 -3.31870238e-12 -6.86347921e-13  3.55048037e-09\n  -2.92161329e-11 -2.85065628e-11 -7.68907142e-12 -4.40116657e-12\n   1.02098743e-09 -7.99597659e-12 -1.86642037e-11 -9.26135789e-14\n  -1.58372883e-09  6.55356787e-13 -5.14814821e-13 -6.85354116e-10\n  -1.94469785e-12  3.21740584e-13  2.96566662e-16  5.93727829e-17\n  -1.13095016e-18]\n [-1.54104350e-18 -3.26173206e-11 -2.15948437e-11 -3.00764821e-11\n   3.06489394e-12 -5.35815750e-12  7.93840353e-17 -5.22858831e-19\n  -4.54235500e-18  4.45086346e-12  2.91916694e-12  1.04300508e-12\n  -5.33321941e-13  3.24651813e-09 -3.61062249e-11 -4.32355812e-11\n   8.89848553e-12 -4.31459690e-13  1.68461054e-12  2.17236754e-09\n  -1.71254267e-11 -3.94442169e-11 -2.25090831e-12  2.97905307e-12\n   3.33253822e-09 -1.90504020e-11 -1.99836658e-11  3.57595220e-13\n  -4.01199792e-10 -6.96893419e-12  2.09224804e-11  6.70232391e-10\n  -1.14651750e-12  2.88916990e-13  5.93727829e-17  6.95405929e-16\n  -2.21643009e-18]\n [-1.92733153e-21  3.54852608e-13  1.91955329e-13  1.75861464e-13\n   3.74818495e-14  3.54397691e-14  9.84111658e-19  1.01722621e-20\n   2.56477431e-20 -5.23236055e-14 -5.45846081e-14 -1.28957224e-15\n  -3.39479388e-15 -3.49264668e-11  3.98781171e-13  5.15876698e-13\n  -5.30675519e-14 -1.28019135e-14 -1.20765331e-14 -1.78200472e-11\n   2.54792247e-13  3.52302888e-13 -2.83544375e-14 -2.63439880e-14\n  -1.91714352e-11  1.18840875e-13  2.46523807e-13 -9.45311147e-17\n  -4.56381337e-12  2.30399605e-14 -2.59712758e-14 -4.32321466e-12\n   5.31118082e-15  2.47350399e-14 -1.13095016e-18 -2.21643009e-18\n   2.27059862e-20]]', 'hess_sum': '[[ 1.58321723e-11 -8.98159294e-13  5.34609174e-12  3.30595340e-12\n  -1.05977249e-12  6.40833548e-14  4.02660810e-10 -5.13542627e-13\n  -5.89567083e-12  4.31501800e-13  1.82780759e-12 -1.41444741e-13\n  -1.50346151e-13 -7.58820300e-11 -2.15361131e-12 -2.16176253e-12\n  -1.26425350e-13 -9.37937989e-14 -1.85109742e-13 -4.33675133e-10\n  -2.88263051e-12 -6.12319213e-13  1.83790988e-13 -2.80737494e-13\n   1.04775134e-09  5.52547264e-12  7.95298707e-12  1.83769429e-14\n  -2.98138863e-12  7.17449690e-14  1.65783867e-14  5.48976487e-12\n  -4.95556834e-13 -7.70981953e-14 -9.27400804e-10 -1.27094331e-10\n   1.20048674e-11]\n [-8.98159294e-13 -1.64223025e-05 -1.56576937e-06 -2.50529805e-06\n   3.94848281e-07 -3.15828773e-07 -3.65889441e-11 -1.82312863e-12\n  -1.06223351e-12  2.77734482e-06  2.11324308e-06  2.92956662e-08\n  -1.95307541e-07  1.79255124e-03 -1.60747907e-05 -1.23729492e-05\n   1.48256226e-06 -4.03875768e-07 -2.47707090e-07  2.16336997e-04\n   2.37069368e-07  1.18688999e-06  2.00106735e-07 -1.58441563e-07\n   3.04860701e-04  6.93329730e-07 -1.38224016e-06  2.00127047e-08\n  -5.40321112e-05 -8.52480809e-08 -3.71851565e-07  3.77575522e-05\n  -3.14251428e-07 -4.87153357e-07  2.32568384e-10 -7.59524805e-11\n  -2.95365775e-12]\n [ 5.34609174e-12 -1.56576937e-06 -2.42386720e-05 -4.17673942e-06\n   8.63202775e-07  4.12866124e-08 -3.79602988e-10 -5.02166912e-13\n   1.92780857e-13 -8.99198585e-07  5.01783387e-07 -1.53717748e-07\n  -3.38332428e-07  2.16336985e-04  2.37069300e-07  1.18688968e-06\n   4.25950641e-06  2.34754728e-07 -4.36703076e-07  2.77859419e-03\n  -7.40884353e-06 -1.06651890e-05 -7.11355514e-07  3.61480560e-07\n   4.33715676e-04 -1.54295048e-07 -3.78973594e-07  4.74905024e-08\n  -1.25254988e-04 -7.84005458e-07 -3.53705527e-07  7.69690130e-06\n   3.79723271e-07 -3.06093085e-07 -3.23547459e-10 -6.20707493e-11\n  -2.51637730e-13]\n [ 3.30595340e-12 -2.50529805e-06 -4.17673942e-06 -3.39427236e-05\n  -2.27705659e-07 -6.93812253e-07 -7.63099248e-10 -9.97066038e-13\n   8.02601406e-12  9.73241708e-08 -2.98353815e-06  5.10462505e-07\n  -5.35348611e-07  3.04860678e-04  6.93330722e-07 -1.38224051e-06\n   8.58382403e-06  4.55605478e-07  6.99704842e-09  4.33715550e-04\n  -1.54294499e-07 -3.78971690e-07  9.43720781e-07  2.13529426e-07\n   4.04824273e-03 -9.97667982e-06 -8.42027650e-06  9.90794354e-08\n   4.17281887e-05 -9.02208488e-08  6.29897439e-07  9.61608338e-05\n   4.62476784e-07  1.77268334e-07  1.05400291e-11  3.98029313e-10\n  -5.27903724e-12]\n [-1.05977249e-12  3.94848281e-07  8.63202775e-07 -2.27705659e-07\n  -3.53124090e-06 -1.69721052e-08  5.33343680e-11  4.68684567e-13\n   1.01781943e-13 -3.40461002e-07  6.40070802e-08 -4.90009992e-07\n  -2.89918493e-09 -5.40321020e-05 -8.52481962e-08 -3.71851672e-07\n  -6.87625599e-07  9.54721894e-07  3.81934149e-08 -1.25254986e-04\n  -7.84005472e-07 -3.53705451e-07  1.94134264e-06  6.38337792e-08\n   4.17282019e-05 -9.02209919e-08  6.29897370e-07 -7.14037615e-08\n   4.41674793e-04 -3.93855209e-07 -1.11577912e-06  2.79752699e-08\n  -1.66990611e-07 -9.16544104e-08 -1.30706981e-11 -8.91843349e-12\n   1.90216860e-13]\n [ 6.40833548e-14 -3.15828773e-07  4.12866124e-08 -6.93812253e-07\n  -1.69721052e-08 -2.78778050e-06  6.39210325e-12 -3.00508436e-13\n  -4.10535904e-14 -2.66500170e-07 -1.54072902e-07  4.98106598e-09\n  -3.75544658e-07  3.77575563e-05 -3.14251358e-07 -4.87153390e-07\n   6.26180620e-07  3.61475598e-08  6.03801894e-07  7.69686936e-06\n   3.79723224e-07 -3.06093027e-07  8.32602802e-08  1.59011475e-06\n   9.61608128e-05  4.62476555e-07  1.77268571e-07  1.81406353e-07\n   2.79686695e-08 -1.66990606e-07 -9.16544115e-08  3.54715179e-04\n   1.48267058e-07 -8.15713279e-07 -1.79883780e-12 -1.90566762e-11\n   2.08990954e-14]\n [ 4.02660810e-10 -3.65889441e-11 -3.79602988e-10 -7.63099248e-10\n   5.33343680e-11  6.39210325e-12 -2.19412767e-07 -4.68141396e-10\n  -9.57995484e-10  3.12057917e-11 -1.32769338e-10  5.70138460e-12\n   3.92947482e-12 -4.69367849e-08 -1.01078238e-10  1.09005907e-10\n  -5.80793228e-12  1.61716362e-11  5.03915248e-12  9.16798162e-08\n  -1.40973877e-10  1.52578828e-10  4.49215537e-11 -6.56549999e-12\n   4.34224179e-07 -1.67048774e-10 -2.52369823e-10  2.08770759e-12\n   7.53376376e-09 -1.59885400e-12  1.97147871e-11  2.48831672e-09\n   2.55192309e-13 -1.86303635e-11 -6.29680031e-08  1.47375734e-07\n  -1.48681330e-09]\n [-5.13542627e-13 -1.82312863e-12 -5.02166912e-13 -9.97066038e-13\n   4.68684567e-13 -3.00508436e-13 -4.68141396e-10  4.36180903e-12\n   6.85171419e-12  2.46261633e-13 -9.75820835e-13  1.23673606e-14\n   3.14426771e-15 -1.28342049e-10  2.37005172e-12 -3.55754823e-12\n  -8.75591697e-13  6.18008915e-14 -4.95761652e-14  1.27203063e-11\n  -2.32917562e-13  7.06490479e-14  9.23724630e-14 -1.32836454e-14\n  -1.05611526e-10  3.52556878e-12 -2.86296811e-12 -1.07215452e-14\n   7.97731031e-12  1.33056254e-13 -4.03842571e-13 -1.97062268e-12\n  -3.13505508e-13 -1.07249737e-13 -1.00963102e-09  3.44874820e-10\n   2.20664947e-11]\n [-5.89567083e-12 -1.06223351e-12  1.92780857e-13  8.02601406e-12\n   1.01781943e-13 -4.10535904e-14 -9.57995484e-10  6.85171419e-12\n  -1.82778797e-12  1.85421902e-13  5.70618639e-13 -1.10777970e-13\n   6.60387582e-14  4.78305211e-11 -1.84862651e-12 -1.48492131e-12\n  -4.56347618e-13  1.75505174e-14  1.74313965e-14 -3.44933361e-10\n  -4.69946830e-14 -2.02920597e-12 -1.59884497e-13 -8.51518851e-14\n  -8.61114062e-11 -4.37614563e-12 -1.05669238e-12  6.57405962e-15\n  -2.94812915e-11  3.79269736e-13  5.00837754e-14 -5.12581578e-11\n  -1.23525354e-13  1.06661942e-13  1.31592332e-10 -5.78689565e-10\n  -8.91834371e-12]\n [ 4.31501800e-13  2.77734482e-06 -8.99198585e-07  9.73241708e-08\n  -3.40461002e-07 -2.66500170e-07  3.12057917e-11  2.46261633e-13\n   1.85421902e-13 -1.59715095e-06 -3.20836792e-07 -1.09974537e-07\n   3.91946573e-08 -3.28377414e-04  1.35838111e-06  6.40722928e-07\n  -3.12889841e-07  2.07088644e-07  8.74727473e-08  8.86825700e-05\n  -6.41879863e-07 -1.11876049e-06 -1.32113019e-07  1.31772231e-07\n  -1.07369140e-05 -5.16909986e-07  4.45334144e-07  1.38925694e-08\n   3.91992167e-05 -1.91553025e-07 -7.33235812e-08  2.98145363e-05\n  -5.68190272e-08 -8.76653276e-08 -2.72968572e-11 -3.62409919e-11\n   9.96591313e-14]\n [ 1.82780759e-12  2.11324308e-06  5.01783387e-07 -2.98353815e-06\n   6.40070802e-08 -1.54072902e-07 -1.32769338e-10 -9.75820835e-13\n   5.70618639e-13 -3.20836792e-07 -2.04051244e-06  1.07218461e-07\n   2.63122638e-08 -2.50640032e-04  1.49899886e-06  1.78280602e-06\n   9.69365375e-07  2.69846664e-08  4.39893702e-08 -6.85930097e-05\n   1.21954902e-07  8.15116270e-08  6.33101676e-08 -6.11985776e-09\n   3.73597398e-04  1.35673321e-07 -1.19477291e-06  1.59630826e-08\n  -7.06525438e-06  2.17855241e-08  1.26446567e-07  1.83580873e-05\n   5.42084074e-08  5.43749514e-08  8.18675795e-11 -4.75087110e-11\n   1.27751689e-13]\n [-1.41444741e-13  2.92956662e-08 -1.53717748e-07  5.10462505e-07\n  -4.90009992e-07  4.98106598e-09  5.70138460e-12  1.23673606e-14\n  -1.10777970e-13 -1.09974537e-07  1.07218461e-07 -1.70305063e-07\n   5.63391313e-09 -1.00714851e-05 -5.73790865e-07 -2.37974657e-07\n  -2.47633748e-07  1.01626258e-07  1.12563834e-08  1.59002874e-05\n  -1.20536096e-07 -9.05411903e-08  2.31520766e-07  1.27724893e-08\n  -6.23446796e-05  1.07779848e-07  1.57188954e-07 -1.05553433e-08\n   6.05551146e-05 -5.74846586e-08 -2.47114732e-07 -1.70418128e-06\n  -3.49329838e-08 -3.77954198e-08 -5.47850834e-12  2.12627174e-12\n  -7.02242727e-14]\n [-1.50346151e-13 -1.95307541e-07 -3.38332428e-07 -5.35348611e-07\n  -2.89918493e-09 -3.75544658e-07  3.92947482e-12  3.14426771e-15\n   6.60387582e-14  3.91946573e-08  2.63122638e-08  5.63391313e-09\n  -1.08222540e-07  2.70697663e-05  6.53893476e-08  1.14990189e-08\n   2.18850433e-07  1.18200259e-08  7.60237433e-08  3.92834101e-05\n  -7.74280647e-08 -1.70135115e-07  3.57079358e-08  1.88248692e-07\n   6.58476141e-05 -5.19237587e-08 -1.02202232e-07  2.79384363e-08\n  -4.75441641e-07 -3.15786009e-08 -3.23675998e-08  4.82388173e-05\n   1.95105318e-08 -1.22358312e-07 -5.02124252e-13 -1.14054864e-12\n  -3.05666547e-14]\n [-7.58820300e-11  1.79255124e-03  2.16336985e-04  3.04860678e-04\n  -5.40321020e-05  3.77575563e-05 -4.69367849e-08 -1.28342049e-10\n   4.78305211e-11 -3.28377414e-04 -2.50640032e-04 -1.00714851e-05\n   2.70697663e-05 -2.00794830e-01  1.42022981e-03  1.16035629e-03\n  -1.77297337e-04  4.98897881e-05  2.65447434e-05 -2.88505793e-02\n   1.75211787e-05 -9.20666420e-05 -2.52331876e-05  1.75642125e-05\n  -3.70647761e-02 -5.95072655e-05  1.88647465e-04 -2.81625528e-06\n   7.17019393e-03  5.95504420e-06  3.45209539e-05 -4.70632263e-03\n   2.64822875e-05  4.90669038e-05  1.35140223e-08 -3.15071666e-09\n   1.72134776e-10]\n [-2.15361131e-12 -1.60747907e-05  2.37069300e-07  6.93330722e-07\n  -8.52481962e-08 -3.14251358e-07 -1.01078238e-10  2.37005172e-12\n  -1.84862651e-12  1.35838111e-06  1.49899886e-06 -5.73790865e-07\n   6.53893476e-08  1.42022981e-03 -4.27983084e-05 -2.48075658e-05\n   1.43880271e-07 -5.35997363e-08 -7.17471099e-08  1.75211636e-05\n   3.43228654e-06  3.17964220e-06  4.19496181e-08 -2.56339202e-08\n  -5.95073384e-05  3.82885019e-06  1.32538833e-06 -2.70064612e-09\n   5.95505197e-06  1.77526191e-07 -4.62232752e-07  2.64822888e-05\n  -9.60044691e-07 -7.23368903e-07  7.66419761e-11 -1.27435503e-10\n  -3.70629684e-12]\n [-2.16176253e-12 -1.23729492e-05  1.18688968e-06 -1.38224051e-06\n  -3.71851672e-07 -4.87153390e-07  1.09005907e-10 -3.55754823e-12\n  -1.48492131e-12  6.40722928e-07  1.78280602e-06 -2.37974657e-07\n   1.14990189e-08  1.16035629e-03 -2.48075658e-05 -2.02806977e-05\n   7.48127012e-07  6.71021103e-09 -5.11409407e-08 -9.20665895e-05\n   3.17964200e-06  2.46645683e-06  1.21087755e-07  3.03541415e-08\n   1.88647460e-04  1.32538852e-06  1.45926152e-07  7.08909129e-09\n   3.45209608e-05 -4.62232877e-07 -6.74549057e-07  4.90669099e-05\n  -7.23369017e-07 -7.25088862e-07  2.64939133e-11  3.93460088e-10\n   2.08339414e-12]\n [-1.26425350e-13  1.48256226e-06  4.25950641e-06  8.58382403e-06\n  -6.87625599e-07  6.26180620e-07 -5.80793228e-12 -8.75591697e-13\n  -4.56347618e-13 -3.12889841e-07  9.69365375e-07 -2.47633748e-07\n   2.18850433e-07 -1.77297337e-04  1.43880271e-07  7.48127012e-07\n  -4.82154771e-06 -3.12373045e-08  9.35941272e-09 -5.23591169e-04\n  -1.38125020e-06  1.21606362e-06  5.81500261e-08 -8.89410721e-08\n  -1.03298871e-03  1.33775014e-06  1.33605448e-06 -7.45492064e-08\n   8.48137986e-05  3.21426324e-07 -1.99899446e-07 -7.76274172e-05\n   9.09466844e-08  1.45463820e-07  2.53340439e-10  2.28310415e-10\n   1.12650679e-13]\n [-9.37937989e-14 -4.03875768e-07  2.34754728e-07  4.55605478e-07\n   9.54721894e-07  3.61475598e-08  1.61716362e-11  6.18008915e-14\n   1.75505174e-14  2.07088644e-07  2.69846664e-08  1.01626258e-07\n   1.18200259e-08  4.98897881e-05 -5.35997363e-08  6.71021103e-09\n  -3.12373045e-08 -3.65901137e-07  2.87012592e-09 -1.94002150e-05\n   2.17649638e-07  3.94568357e-07 -5.64245846e-07 -6.25109362e-08\n  -5.93465895e-05  1.71140312e-07 -1.35239699e-07  1.70008494e-08\n  -1.20793027e-04  3.47537000e-08  2.33710184e-07 -4.82798201e-06\n   8.45830296e-09  2.39834740e-08 -5.76781330e-12  4.26273618e-12\n  -1.29947958e-14]\n [-1.85109742e-13 -2.47707090e-07 -4.36703076e-07  6.99704842e-09\n   3.81934149e-08  6.03801894e-07  5.03915248e-12 -4.95761652e-14\n   1.74313965e-14  8.74727473e-08  4.39893702e-08  1.12563834e-08\n   7.60237433e-08  2.65447434e-05 -7.17471099e-08 -5.11409407e-08\n   9.35941272e-09  2.87012592e-09 -2.28587842e-07  5.37331902e-05\n   1.13179524e-07  3.08342711e-07 -3.80150294e-08 -3.43996127e-07\n   3.26467290e-07  1.78054631e-07  3.02678605e-08 -3.88741028e-08\n  -4.94082036e-06  1.01036469e-08  3.02094736e-08 -7.65203072e-05\n   3.34609332e-09  1.81527383e-07  4.46141238e-12 -5.74733843e-12\n   1.15052487e-14]\n [-4.33675133e-10  2.16336997e-04  2.77859419e-03  4.33715550e-04\n  -1.25254986e-04  7.69686936e-06  9.16798162e-08  1.27203063e-11\n  -3.44933361e-10  8.86825700e-05 -6.85930097e-05  1.59002874e-05\n   3.92834101e-05 -2.88505793e-02  1.75211636e-05 -9.20665895e-05\n  -5.23591169e-04 -1.94002150e-05  5.37331902e-05 -3.22337633e-01\n   6.62660149e-04  1.07989490e-03  9.07232101e-05 -4.45053997e-05\n  -4.41595061e-02  8.56040999e-07  1.18829555e-05 -6.54399817e-06\n   1.74907317e-02  7.91427087e-05  2.70262501e-05 -2.52312110e-03\n  -4.92091238e-05  3.25477361e-05  9.56367480e-09  1.39438455e-09\n   1.62105963e-11]\n [-2.88263051e-12  2.37069368e-07 -7.40884353e-06 -1.54294499e-07\n  -7.84005472e-07  3.79723224e-07 -1.40973877e-10 -2.32917562e-13\n  -4.69946830e-14 -6.41879863e-07  1.21954902e-07 -1.20536096e-07\n  -7.74280647e-08  1.75211787e-05  3.43228654e-06  3.17964200e-06\n  -1.38125020e-06  2.17649638e-07  1.13179524e-07  6.62660149e-04\n  -1.90239463e-05 -1.20981647e-05  1.41884272e-07  5.30055744e-08\n   8.56045261e-07 -1.86639705e-06 -1.37567513e-06 -2.75704188e-08\n   7.91427092e-05 -5.77006504e-07 -9.68706634e-07 -4.92091237e-05\n  -6.69734688e-07 -4.03890714e-07 -4.59684718e-10  1.26967472e-10\n  -8.29505824e-13]\n [-6.12319213e-13  1.18688999e-06 -1.06651890e-05 -3.78971690e-07\n  -3.53705451e-07 -3.06093027e-07  1.52578828e-10  7.06490479e-14\n  -2.02920597e-12 -1.11876049e-06  8.15116270e-08 -9.05411903e-08\n  -1.70135115e-07 -9.20666420e-05  3.17964220e-06  2.46645683e-06\n   1.21606362e-06  3.94568357e-07  3.08342711e-07  1.07989490e-03\n  -1.20981647e-05 -1.53720002e-05 -4.54454888e-08  1.79286249e-07\n   1.18827123e-05 -1.37567502e-06 -3.14881549e-07  3.38198420e-08\n   2.70262440e-05 -9.68706595e-07 -5.47175010e-07  3.25477481e-05\n  -4.03890718e-07 -4.68222542e-07 -3.71611840e-11 -2.76439477e-10\n   2.67276815e-13]\n [ 1.83790988e-13  2.00106735e-07 -7.11355514e-07  9.43720781e-07\n   1.94134264e-06  8.32602802e-08  4.49215537e-11  9.23724630e-14\n  -1.59884497e-13 -1.32113019e-07  6.33101676e-08  2.31520766e-07\n   3.57079358e-08 -2.52331876e-05  4.19496181e-08  1.21087755e-07\n   5.81500261e-08 -5.64245846e-07 -3.80150294e-08  9.07232101e-05\n   1.41884272e-07 -4.54454888e-08 -1.41898396e-06 -4.16633010e-08\n  -1.21237316e-04  1.45182157e-08  2.74801838e-07  3.82505243e-08\n  -2.51034774e-04 -1.65753871e-07  5.48806970e-07 -1.01650702e-05\n   3.26004690e-08  2.71254152e-08 -2.42410843e-11  3.03772809e-11\n   1.03469721e-13]\n [-2.80737494e-13 -1.58441563e-07  3.61480560e-07  2.13529426e-07\n   6.38337792e-08  1.59011475e-06 -6.56549999e-12 -1.32836454e-14\n  -8.51518851e-14  1.31772231e-07 -6.11985776e-09  1.27724893e-08\n   1.88248692e-07  1.75642125e-05 -2.56339202e-08  3.03541415e-08\n  -8.89410721e-08 -6.25109362e-08 -3.43996127e-07 -4.45053997e-05\n   5.30055744e-08  1.79286249e-07 -4.16633010e-08 -1.21635285e-06\n  -2.70276615e-05  6.95748037e-08 -2.75311447e-09 -1.00131511e-07\n  -7.23797784e-06  5.46209689e-08  1.41604151e-08 -2.08468345e-04\n  -3.07774404e-07  4.66306290e-07 -1.90882311e-11  7.05748663e-12\n  -7.92665270e-14]\n [ 1.04775134e-09  3.04860701e-04  4.33715676e-04  4.04824273e-03\n   4.17282019e-05  9.61608128e-05  4.34224179e-07 -1.05611526e-10\n  -8.61114062e-11 -1.07369140e-05  3.73597398e-04 -6.23446796e-05\n   6.58476141e-05 -3.70647761e-02 -5.95073384e-05  1.88647460e-04\n  -1.03298871e-03 -5.93465895e-05  3.26467290e-07 -4.41595061e-02\n   8.56045261e-07  1.18827123e-05 -1.21237316e-04 -2.70276615e-05\n  -4.86942340e-01  9.98534161e-04  9.98739659e-04 -1.24172374e-05\n  -6.53185406e-03  2.58604216e-05 -6.92770712e-05 -1.28831135e-02\n  -3.54296382e-05 -9.59285292e-06  8.53722732e-08  2.45518956e-08\n   1.15554064e-10]\n [ 5.52547264e-12  6.93329730e-07 -1.54295048e-07 -9.97667982e-06\n  -9.02209919e-08  