{'theta_hat': '[-1.09135683e-11  1.04133727e-03 -1.39392871e-03 -1.27261079e-02\n -1.82783367e-04 -1.65576859e-03 -1.39859542e-08 -9.98253197e-11\n  2.86999875e-11 -1.35155025e-04 -2.45028792e-03  1.13267253e-04\n -1.89801627e-04 -1.05722698e-01  4.55531354e-03  5.48192645e-04\n  2.74912592e-03  1.26878021e-04  3.98830348e-04  1.32181751e-01\n -7.89618920e-05 -1.51627981e-03  5.20469644e-04  1.15479005e-03\n  1.49802267e+00 -4.51504891e-03 -3.83942180e-03  9.87194213e-05\n  4.12707796e-02  8.12109205e-04  5.03237745e-04  2.11720019e-01\n  4.20338199e-04 -6.37278606e-04 -2.85514216e-09  1.81655095e-08\n -1.67221210e-10]', 'theta_bar': '[ 6.58142138e-03  2.54456855e-03 -5.43914962e-04 -7.24609545e-03\n -6.45078412e-04  5.67207423e-04 -1.26254718e+00 -7.51348897e-04\n  3.79699010e-03 -5.00903064e-04 -1.75841732e-03 -2.78181466e-05\n  7.30158409e-05 -3.45897169e-01  1.79236572e-03  2.20718590e-03\n  1.17902057e-03  2.20041475e-04 -1.23833664e-04  1.95567443e-01\n  9.42803112e-04 -3.96425408e-04  4.66194978e-04 -4.05961378e-04\n  1.21423696e+00 -5.06692148e-04 -4.63407459e-03 -3.55829008e-05\n  8.18488708e-02 -9.27007679e-04  4.27007509e-04 -6.99679760e-02\n -2.71092973e-04  1.41958925e-04  9.67347435e-02 -6.33132850e-01\n -5.18505651e-03]', 'grad_op_sum': '[[ 1.71801052e-19  1.88045916e-13  3.37479955e-13  5.35516877e-13\n  -1.31833204e-13  9.13011686e-14 -9.05282346e-18 -1.02847320e-21\n   5.09164486e-20 -9.68173300e-15  2.33109466e-14 -2.47685691e-14\n   1.49794440e-14 -1.87771238e-11  2.51589794e-13  4.18707233e-13\n  -1.34358499e-13  2.20971151e-14 -1.10684987e-14 -3.82467574e-11\n  -5.32564194e-14  3.09880822e-13  8.56825749e-14 -4.41474252e-14\n  -5.73862234e-11  3.59696461e-13 -1.07654370e-13 -6.61396331e-15\n   1.69971527e-11 -2.31483440e-14 -4.39109269e-14 -1.08987010e-11\n   4.45849830e-14 -8.32580374e-14 -2.61218579e-18 -2.30758428e-18\n   2.17235936e-21]\n [ 1.88045916e-13  1.33968731e-05  5.95905145e-06  1.29227991e-06\n  -5.33955524e-08 -1.24199474e-07 -1.39507186e-11  1.52150585e-13\n   6.01852966e-13 -1.12690196e-06 -2.95352174e-06  1.45529362e-07\n  -1.80965294e-07 -1.25684797e-03  2.56869172e-05  2.09815336e-05\n  -1.28312325e-06  9.51617823e-08 -1.12436843e-07 -5.84111285e-04\n   8.41438128e-06  8.62250744e-06  1.77254759e-07  2.46740342e-07\n  -1.12273726e-04  2.36078357e-07  2.84093143e-06  3.17340803e-08\n   2.27605700e-05  1.31047226e-06  1.08730260e-06  2.55937740e-05\n   6.81717185e-07  4.81405388e-07 -3.85085931e-11 -3.23304835e-11\n   3.51120351e-13]\n [ 3.37479955e-13  5.95905145e-06  6.96151419e-06  7.84542977e-06\n  -1.30551663e-06 -1.61579560e-07 -1.24471785e-11 -4.10833880e-14\n   3.97603376e-13 -5.54985402e-07 -4.38788652e-07 -9.38503894e-08\n  -1.72236017e-07 -5.84111328e-04  8.41438107e-06  8.62250719e-06\n  -3.38961663e-06  4.35927649e-07 -1.49633241e-07 -7.53227144e-04\n   4.38300231e-06  5.16695985e-06  4.81812871e-07  1.90076959e-07\n  -8.34471220e-04  2.74212095e-06  3.26465426e-06 -3.32535155e-08\n   1.47781602e-04 -8.09356391e-07  5.60593475e-08  2.47108615e-05\n  -2.74022022e-07  3.79127438e-08 -3.32510583e-11 -2.22748009e-11\n   1.98146680e-13]\n [ 5.35516877e-13  1.29227991e-06  7.84542977e-06  4.57725260e-05\n  -5.01601564e-06  1.48702600e-06 -1.88466199e-11 -3.58615092e-13\n   1.09681227e-13  8.89198574e-07  5.68679042e-06 -4.61970329e-07\n   8.16283334e-08 -1.12273655e-04  2.36078454e-07  2.84093192e-06\n  -1.07997524e-05  1.80468343e-06 -8.42984201e-07 -8.34471272e-04\n   2.74212088e-06  3.26465468e-06  1.83169352e-06 -8.58689092e-07\n  -5.18244626e-03  1.87141873e-05  7.27633108e-06 -2.26665919e-07\n   5.36111817e-04 -2.82548609e-06 -8.98359813e-07 -1.90347842e-04\n  -3.14062935e-07  6.27231979e-07 -1.23750947e-11 -2.82995477e-11\n   1.72196010e-13]\n [-1.31833204e-13 -5.33955524e-08 -1.30551663e-06 -5.01601564e-06\n   3.16558008e-06  3.89096559e-07  1.69039761e-11  8.79816395e-14\n   2.51453659e-14 -3.11209570e-08 -4.90384801e-07  3.99558989e-07\n   5.48275702e-08  2.27605728e-05  1.31047209e-06  1.08730264e-06\n   1.19482590e-06 -9.76877550e-07  1.28873146e-08  1.47781606e-04\n  -8.09356311e-07  5.60593961e-08 -2.00310856e-06 -3.34567827e-07\n   5.36111917e-04 -2.82548589e-06 -8.98359913e-07  5.44758896e-08\n  -3.92718489e-04 -7.91627459e-09  1.18084652e-06 -4.73586480e-05\n  -1.61666609e-07  2.23652737e-07  1.04953279e-11  1.22864579e-11\n   9.82539768e-15]\n [ 9.13011686e-14 -1.24199474e-07 -1.61579560e-07  1.48702600e-06\n   3.89096559e-07  1.66098119e-06 -1.02044836e-11  6.65048873e-14\n  -3.31486882e-14  3.93603686e-08  5.18273073e-07  1.85380948e-08\n   2.57765384e-07  2.55937933e-05  6.81717210e-07  4.81405349e-07\n  -4.89948171e-08 -1.62241475e-07 -3.37973333e-07  2.47108545e-05\n  -2.74022079e-07  3.79127037e-08 -3.31589668e-07 -1.20320977e-06\n  -1.90347824e-04 -3.14062851e-07  6.27231987e-07 -9.34874769e-08\n  -4.73586444e-05 -1.61666642e-07  2.23652732e-07 -2.15543407e-04\n  -2.04761818e-07  2.88569740e-07  4.30474651e-12 -1.90279401e-12\n   2.84536666e-14]\n [-9.05282346e-18 -1.39507186e-11 -1.24471785e-11 -1.88466199e-11\n   1.69039761e-11 -1.02044836e-11  9.36425317e-16 -6.35977125e-19\n  -2.71738954e-18  2.91689681e-12  4.54536346e-12  2.64974013e-12\n  -2.16692952e-12  1.81155053e-09 -1.36684459e-12 -3.90060699e-12\n   1.21718659e-12 -4.57030887e-12  1.75642247e-12  1.46391575e-09\n  -3.74293524e-12 -2.89563863e-12 -1.03888782e-11  5.52101537e-12\n   1.83904627e-09 -1.75122346e-11  6.39132553e-12  8.26640965e-13\n  -2.08399315e-09  5.40607501e-12  1.84304943e-12  1.31527374e-09\n  -2.76524217e-12  3.34019943e-12  1.73410493e-16  1.18658669e-16\n   6.21025532e-19]\n [-1.02847320e-21  1.52150585e-13 -4.10833880e-14 -3.58615092e-13\n   8.79816395e-14  6.65048873e-14 -6.35977125e-19  2.04893505e-20\n   5.00671591e-21 -3.61789360e-14 -6.10037702e-14  1.81352833e-15\n   8.47408320e-15 -1.48431243e-11  1.63472005e-13  2.26258550e-13\n   1.07882049e-13 -3.45059655e-14 -5.78150275e-15  6.50657059e-12\n   1.15535093e-13  1.25078860e-13 -4.41034478e-14 -4.67281580e-14\n   3.83281841e-11 -1.44536264e-13  7.70254333e-14 -6.36092618e-16\n  -9.69541919e-12  4.34313255e-14  1.43524101e-14 -8.52551677e-12\n   1.13243992e-14  2.63136591e-14 -3.97339443e-19 -5.87895832e-19\n   9.90802743e-21]\n [ 5.09164486e-20  6.01852966e-13  3.97603376e-13  1.09681227e-13\n   2.51453659e-14 -3.31486882e-14 -2.71738954e-18  5.00671591e-21\n   6.97660096e-20 -9.46298755e-14 -1.79925798e-13 -2.88871571e-15\n  -1.55709373e-14 -6.24747276e-11  5.30801970e-13  8.34749053e-13\n  -7.93635706e-14 -6.19291145e-15 -1.33420575e-15 -4.12240947e-11\n   3.52724018e-13  5.45820279e-13 -1.44353743e-14  2.97840584e-14\n  -5.71909565e-12  3.23265410e-13  1.35697895e-13  5.41372777e-15\n  -3.67965362e-12 -2.43670053e-14  4.22242353e-14  4.78530713e-12\n   2.37338936e-14 -1.23072899e-14 -2.12550913e-18 -2.80698930e-18\n   1.91101542e-20]\n [-9.68173300e-15 -1.12690196e-06 -5.54985402e-07  8.89198574e-07\n  -3.11209570e-08  3.93603686e-08  2.91689681e-12 -3.61789360e-14\n  -9.46298755e-14  2.89325666e-07  4.82621232e-07  4.18806068e-08\n   2.83401146e-08  1.26134427e-04 -4.98651088e-08 -1.13260051e-06\n  -1.40464879e-07  2.12052758e-08 -6.26655771e-10  5.35744362e-05\n  -8.60813761e-07 -1.00416149e-06 -2.03767179e-09 -2.47448238e-08\n  -1.13275173e-04 -2.77967882e-07 -6.69602769e-07 -9.26197400e-09\n   2.48875010e-06  8.35189479e-09 -5.88271120e-08 -5.59752267e-06\n  -5.82675148e-08 -4.21042726e-08  5.79455461e-12  4.33665256e-12\n  -5.10866403e-14]\n [ 2.33109466e-14 -2.95352174e-06 -4.38788652e-07  5.68679042e-06\n  -4.90384801e-07  5.18273073e-07  4.54536346e-12 -6.10037702e-14\n  -1.79925798e-13  4.82621232e-07  1.65003153e-06 -6.20854420e-08\n   1.01430508e-07  2.97048959e-04 -4.40112585e-06 -3.85199477e-06\n  -1.13353189e-06  1.41560463e-07 -1.25539323e-07  3.65505756e-05\n  -1.72910934e-06 -1.58685272e-06  1.20135073e-07 -3.71630710e-07\n  -6.68437678e-04  1.58670173e-06  2.66205139e-07 -5.52333139e-08\n   5.03758742e-05 -4.76061569e-07 -4.15424236e-07 -6.82686123e-05\n  -2.43587784e-07  3.75394819e-08  8.60607404e-12  2.87725044e-12\n  -5.18783221e-14]\n [-2.47685691e-14  1.45529362e-07 -9.38503894e-08 -4.61970329e-07\n   3.99558989e-07  1.85380948e-08  2.64974013e-12  1.81352833e-15\n  -2.88871571e-15  4.18806068e-08 -6.20854420e-08  7.68969096e-08\n   3.30190649e-09 -5.86968074e-06  1.12411975e-06  5.03294437e-07\n   7.02138272e-08 -1.10225599e-07  2.66821385e-09  1.03098204e-05\n  -2.97542906e-08 -5.00944710e-08 -2.61498417e-07 -1.59494486e-08\n   4.71191833e-05 -5.17995822e-07 -2.62914963e-07  7.39761144e-09\n  -5.00997338e-05  2.10003322e-08  2.03716279e-07 -2.06503886e-06\n  -2.20858225e-08  2.85341840e-08  1.65733468e-12  2.56357491e-12\n  -5.69921018e-15]\n [ 1.49794440e-14 -1.80965294e-07 -1.72236017e-07  8.16283334e-08\n   5.48275702e-08  2.57765384e-07 -2.16692952e-12  8.47408320e-15\n  -1.55709373e-14  2.83401146e-08  1.01430508e-07  3.30190649e-09\n   4.62399375e-08  1.99667956e-05 -5.06756858e-08 -1.69525256e-07\n   5.22784781e-08 -2.51259731e-08 -4.72892379e-08  1.88291241e-05\n  -1.75966344e-07 -1.66504446e-07 -4.01688235e-08 -1.83661950e-07\n  -1.42580886e-05 -1.52405822e-07 -2.17652142e-08 -1.46783553e-08\n  -6.29838208e-06 -6.92407436e-09  1.82609362e-08 -3.34885571e-05\n  -2.39553628e-08  3.62813063e-08  1.29567891e-12  6.70541179e-14\n  -4.66326090e-15]\n [-1.87771238e-11 -1.25684797e-03 -5.84111328e-04 -1.12273655e-04\n   2.27605728e-05  2.55937933e-05  1.81155053e-09 -1.48431243e-11\n  -6.24747276e-11  1.26134427e-04  2.97048959e-04 -5.86968074e-06\n   1.99667956e-05  1.20656217e-01 -2.14749896e-03 -1.87681212e-03\n   1.18205712e-04 -1.39674608e-05  8.81977665e-06  5.75318410e-02\n  -8.11918184e-04 -8.33273073e-04 -2.53711110e-05 -3.23431918e-05\n   7.99090338e-03 -1.05528435e-04 -3.18910430e-04 -3.86328473e-06\n  -4.00129929e-03 -9.75502265e-05 -9.67170905e-05 -4.16006097e-03\n  -6.51530471e-05 -4.30909652e-05  3.98022087e-09  3.20885409e-09\n  -3.44228573e-11]\n [ 2.51589794e-13  2.56869172e-05  8.41438107e-06  2.36078454e-07\n   1.31047209e-06  6.81717210e-07 -1.36684459e-12  1.63472005e-13\n   5.30801970e-13 -4.98651088e-08 -4.40112585e-06  1.12411975e-06\n  -5.06756858e-08 -2.14749896e-03  7.77034143e-05  4.82513983e-05\n  -2.08083133e-06 -1.68486455e-07 -2.64775808e-07 -8.11918132e-04\n   1.32829106e-05  1.19357023e-05 -2.60174810e-07 -3.13492676e-08\n  -1.05528422e-04 -1.07456045e-05 -1.67866287e-06 -5.72913310e-09\n  -9.75502224e-05  4.85184683e-06  2.87394633e-06 -6.51530562e-05\n   1.04188688e-06  9.81841589e-07 -3.89567416e-11 -3.47278293e-11\n   3.94443432e-13]\n [ 4.18707233e-13  2.09815336e-05  8.62250719e-06  2.84093192e-06\n   1.08730264e-06  4.81405349e-07 -3.90060699e-12  2.26258550e-13\n   8.34749053e-13 -1.13260051e-06 -3.85199477e-06  5.03294437e-07\n  -1.69525256e-07 -1.87681212e-03  4.82513983e-05  3.66158727e-05\n  -2.13176003e-06 -2.40512280e-07 -2.60002383e-07 -8.33273008e-04\n   1.19357023e-05  1.36016204e-05 -3.50779255e-07 -8.04282391e-08\n  -3.18910451e-04 -1.67866225e-06  2.80389288e-06  2.53596325e-08\n  -9.67170989e-05  2.87394664e-06  1.91938046e-06 -4.30909693e-05\n   9.81841522e-07  7.84362355e-07 -4.66839563e-11 -4.99685897e-11\n   5.39390771e-13]\n [-1.34358499e-13 -1.28312325e-06 -3.38961663e-06 -1.07997524e-05\n   1.19482590e-06 -4.89948171e-08  1.21718659e-12  1.07882049e-13\n  -7.93635706e-14 -1.40464879e-07 -1.13353189e-06  7.02138272e-08\n   5.22784781e-08  1.18205712e-04 -2.08083133e-06 -2.13176003e-06\n   3.13968197e-06 -4.33479851e-07  1.58478193e-07  3.71640328e-04\n  -1.30124249e-06 -1.50251554e-06 -3.75895424e-07 -2.62178832e-08\n   1.21326461e-03 -3.73963877e-06 -1.99537796e-06  4.47290361e-08\n  -1.26199888e-04  8.39448447e-07  1.71424714e-07  4.85496356e-06\n   2.33356158e-07 -1.02440210e-07  9.76051074e-12  8.87423854e-12\n  -5.64106584e-14]\n [ 2.20971151e-14  9.51617823e-08  4.35927649e-07  1.80468343e-06\n  -9.76877550e-07 -1.62241475e-07 -4.57030887e-12 -3.45059655e-14\n  -6.19291145e-15  2.12052758e-08  1.41560463e-07 -1.10225599e-07\n  -2.51259731e-08 -1.39674608e-05 -1.68486455e-07 -2.40512280e-07\n  -4.33479851e-07  3.17221131e-07 -4.90351204e-09 -4.89155142e-05\n   3.47887989e-07 -3.41421823e-08  6.01229227e-07  1.30347871e-07\n  -1.92916011e-04  1.01849635e-06  2.58079907e-07 -1.44977305e-08\n   1.19486694e-04 -2.69003607e-08 -3.06347068e-07  1.97384821e-05\n   5.98131645e-08 -6.34354643e-08 -2.84944682e-12 -2.76740064e-12\n  -6.00832954e-15]\n [-1.10684987e-14 -1.12436843e-07 -1.49633241e-07 -8.42984201e-07\n   1.28873146e-08 -3.37973333e-07  1.75642247e-12 -5.78150275e-15\n  -1.33420575e-15 -6.26655771e-10 -1.25539323e-07  2.66821385e-09\n  -4.72892379e-08  8.81977665e-06 -2.64775808e-07 -2.60002383e-07\n   1.58478193e-07 -4.90351204e-09  8.28661541e-08  1.42443833e-05\n  -9.38511583e-08 -1.21184017e-07  2.94667122e-08  2.47268169e-07\n   9.69828667e-05 -2.23160127e-07 -2.65258146e-07  2.17316437e-08\n  -2.84843581e-07  8.01933162e-08 -5.30785334e-08  4.40852686e-05\n   4.71643163e-08 -6.86000740e-08 -5.00913020e-13  7.43237229e-13\n  -1.02470502e-14]\n [-3.82467574e-11 -5.84111285e-04 -7.53227144e-04 -8.34471272e-04\n   1.47781606e-04  2.47108545e-05  1.46391575e-09  6.50657059e-12\n  -4.12240947e-11  5.35744362e-05  3.65505756e-05  1.03098204e-05\n   1.88291241e-05  5.75318410e-02 -8.11918132e-04 -8.33273008e-04\n   3.71640328e-04 -4.89155142e-05  1.42443833e-05  8.22333233e-02\n  -4.32152339e-04 -5.13651682e-04 -5.42600665e-05 -2.57452711e-05\n   8.85127967e-02 -2.74157634e-04 -3.26784118e-04  3.68254043e-06\n  -1.66592742e-02  1.00442479e-04  3.59504739e-07 -3.56994054e-03\n   3.69587864e-05  2.69627842e-06  3.53386376e-09  2.26412705e-09\n  -1.86615590e-11]\n [-5.32564194e-14  8.41438128e-06  4.38300231e-06  2.74212088e-06\n  -8.09356311e-07 -2.74022079e-07 -3.74293524e-12  1.15535093e-13\n   3.52724018e-13 -8.60813761e-07 -1.72910934e-06 -2.97542906e-08\n  -1.75966344e-07 -8.11918184e-04  1.32829106e-05  1.19357023e-05\n  -1.30124249e-06  3.47887989e-07 -9.38511583e-08 -4.32152339e-04\n   6.51062485e-06  5.61225881e-06  4.57752764e-07  2.53318531e-07\n  -2.74157661e-04  1.91924814e-06  3.19014546e-06  1.23014807e-08\n   1.00442471e-04  4.98248770e-07  5.24218503e-07  3.69587978e-05\n   4.96283499e-07  3.94347994e-07 -2.90001734e-11 -1.82584862e-11\n   2.57882671e-13]\n [ 3.09880822e-13  8.62250744e-06  5.16695985e-06  3.26465468e-06\n   5.60593961e-08  3.79127037e-08 -2.89563863e-12  1.25078860e-13\n   5.45820279e-13 -1.00416149e-06 -1.58685272e-06 -5.00944710e-08\n  -1.66504446e-07 -8.33273073e-04  1.19357023e-05  1.36016204e-05\n  -1.50251554e-06 -3.41421823e-08 -1.21184017e-07 -5.13651682e-04\n   5.61225881e-06  7.80242832e-06  5.50202514e-09  2.55921881e-08\n  -3.26784138e-04  3.19014566e-06  3.51108673e-06  1.67318123e-08\n   3.59497777e-07  5.24218535e-07  3.64549739e-07  2.69628077e-06\n   3.94347984e-07  2.38548506e-07 -2.95877774e-11 -3.39301349e-11\n   3.34844152e-13]\n [ 8.56825749e-14  1.77254759e-07  4.81812871e-07  1.83169352e-06\n  -2.00310856e-06 -3.31589668e-07 -1.03888782e-11 -4.41034478e-14\n  -1.44353743e-14 -2.03767179e-09  1.20135073e-07 -2.61498417e-07\n  -4.01688235e-08 -2.53711110e-05 -2.60174810e-07 -3.50779255e-07\n  -3.75895424e-07  6.01229227e-07  2.94667122e-08 -5.42600665e-05\n   4.57752764e-07  5.50202514e-09  1.35857559e-06  2.78562516e-07\n  -1.88472865e-04  1.31425625e-06  2.83290242e-07 -2.68361952e-08\n   2.54165134e-04  2.62573613e-07 -8.32214335e-07  4.15214142e-05\n   1.73659372e-07 -1.75052412e-07 -6.21701338e-12 -9.58698152e-12\n  -6.48047856e-15]\n [-4.41474252e-14  2.46740342e-07  1.90076959e-07 -8.58689092e-07\n  -3.34567827e-07 -1.20320977e-06  5.52101537e-12 -4.67281580e-14\n   2.97840584e-14 -2.47448238e-08 -3.71630710e-07 -1.59494486e-08\n  -1.83661950e-07 -3.23431918e-05 -3.13492676e-08 -8.04282391e-08\n  -2.62178832e-08  1.30347871e-07  2.47268169e-07 -2.57452711e-05\n   2.53318531e-07  2.55921881e-08  2.78562516e-07  8.86487491e-07\n   1.11057863e-04  2.04646828e-07 -4.66674609e-07  6.69950940e-08\n   4.13928635e-05  1.52212209e-07 -1.87485756e-07  1.56594859e-04\n   1.67089691e-07 -2.06759502e-07 -3.85783375e-12  2.06098953e-13\n  -2.06607005e-14]\n [-5.73862234e-11 -1.12273726e-04 -8.34471220e-04 -5.18244626e-03\n   5.36111917e-04 -1.90347824e-04  1.83904627e-09  3.83281841e-11\n  -5.71909565e-12 -1.13275173e-04 -6.68437678e-04  4.71191833e-05\n  -1.42580886e-05  7.99090338e-03 -1.05528422e-04 -3.18910451e-04\n   1.21326461e-03 -1.92916011e-04  9.69828667e-05  8.85127967e-02\n  -2.74157661e-04 -3.26784138e-04 -1.88472865e-04  1.11057863e-04\n   5.88979601e-01 -2.04043155e-03 -8.05072355e-04  2.63059865e-05\n  -5.70126399e-02  3.04006086e-04  9.95543855e-05  2.43048785e-02\n   3.67543913e-05 -8.03747866e-05  1.10236738e-09  3.08914232e-09\n  -1.86672569e-11]\n [ 3.59696461e-13  2.36078357e-07  2.74212095e-06  1.87141873e-05\n  -2.82548589e-06 -3.14062851e-07 -1.75122346e-11 -1.44536264e-13\n   3.23265410e-13 -2.77967882e-07  1.58670173e-06 -5.17995822e-07\n  -1.52405822e-07 -1.05528435e-04 -1.07456045e-05 -1.67866225e-06\n  -3.73963877e-06  1.01849635e-06 -2.23160127e-07 -2.74157634e-04\n   1.91924814e-06  3.19014566e-06  1.31425625e-06  2.04646828e-07\n  -2.04043155e-03  1.44241483e-05  4.10400329e-06 -2.99650577e-08\n   3.04006063e-04 -1.39599465e-06 -6.61644241e-07  3.67544061e-05\n   6.04442501e-07 -9.74923732e-08 -7.74004298e-12 -1.98462899e-11\n   1.21336747e-13]\n [-1.07654370e-13  2.84093143e-06  3.26465426e-06  7.27633108e-06\n  -8.98359913e-07  6.27231987e-07  6.39132553e-12  7.70254333e-14\n   1.35697895e-13 -6.69602769e-07  2.66205139e-07 -2.62914963e-07\n  -2.17652142e-08 -3.18910430e-04 -1.67866287e-06  2.80389288e-06\n  -1.99537796e-06  2.58079907e-07 -2.65258146e-07 -3.26784118e-04\n   3.19014546e-06  3.51108673e-06  2.83290242e-07 -4.66674609e-07\n  -8.05072355e-04  4.10400329e-06  4.87493590e-06 -5.49778287e-08\n   9.95543777e-05 -6.61644307e-07 -1.78325800e-07 -8.03747898e-05\n  -9.74923901e-08  5.08055287e-07 -1.97876840e-11 -1.68365921e-11\n   2.34631193e-13]\n [-6.61396331e-15  3.17340803e-08 -3.32535155e-08 -2.26665919e-07\n   5.44758896e-08 -9.34874769e-08  8.26640965e-13 -6.36092618e-16\n   5.41372777e-15 -9.26197400e-09 -5.52333139e-08  7.39761144e-09\n  -1.46783553e-08 -3.86328473e-06 -5.72913310e-09  2.53596325e-08\n   4.47290361e-08 -1.44977305e-08  2.17316437e-08  3.68254043e-06\n   1.23014807e-08  1.67318123e-08 -2.68361952e-08  6.69950940e-08\n   2.63059865e-05 -2.99650577e-08 -5.49778287e-08  7.65730619e-09\n  -6.72960067e-06  1.57367078e-08  1.67383254e-08  1.22439696e-05\n   1.53446899e-08 -1.11450477e-08 -8.47395896e-14  3.24922061e-13\n  -2.56366524e-16]\n [ 1.69971527e-11  2.27605700e-05  1.47781602e-04  5.36111817e-04\n  -3.92718489e-04 -4.73586444e-05 -2.08399315e-09 -9.69541919e-12\n  -3.67965362e-12  2.48875010e-06  5.03758742e-05 -5.00997338e-05\n  -6.29838208e-06 -4.00129929e-03 -9.75502224e-05 -9.67170989e-05\n  -1.26199888e-04  1.19486694e-04 -2.84843581e-07 -1.66592742e-02\n   1.00442471e-04  3.59497777e-07  2.54165134e-04  4.13928635e-05\n  -5.70126399e-02  3.04006063e-04  9.95543777e-05 -6.72960067e-06\n   4.91628073e-02  1.86566840e-05 -1.52254318e-04  5.80625453e-03\n   2.28799317e-05 -2.84866187e-05 -1.33293909e-09 -1.65793466e-09\n  -7.94878132e-13]\n [-2.31483440e-14  1.31047226e-06 -8.09356391e-07 -2.82548609e-06\n  -7.91627459e-09 -1.61666642e-07  5.40607501e-12  4.34313255e-14\n  -2.43670053e-14  8.35189479e-09 -4.76061569e-07  2.10003322e-08\n  -6.92407436e-09 -9.75502265e-05  4.85184683e-06  2.87394664e-06\n   8.39448447e-07 -2.69003607e-08  8.01933162e-08  1.00442479e-04\n   4.98248770e-07  5.24218535e-07  2.62573613e-07  1.52212209e-07\n   3.04006086e-04 -1.39599465e-06 -6.61644307e-07  1.57367078e-08\n   1.86566840e-05  1.03622573e-06 -1.46668078e-07  2.28799375e-05\n   3.54345276e-07  4.18157226e-09  4.53206506e-13 -5.45365242e-12\n   1.73973999e-14]\n [-4.39109269e-14  1.08730260e-06  5.60593475e-08 -8.98359813e-07\n   1.18084652e-06  2.23652732e-07  1.84304943e-12  1.43524101e-14\n   4.22242353e-14 -5.88271120e-08 -4.15424236e-07  2.03716279e-07\n   1.82609362e-08 -9.67170905e-05  2.87394633e-06  1.91938046e-06\n   1.71424714e-07 -3.06347068e-07 -5.30785334e-08  3.59504739e-07\n   5.24218503e-07  3.64549739e-07 -8.32214335e-07 -1.87485756e-07\n   9.95543855e-05 -6.61644241e-07 -1.78325800e-07  1.67383254e-08\n  -1.52254318e-04 -1.46668078e-07  8.69989602e-07 -2.84866183e-05\n   4.18157780e-09  1.42910550e-07  1.12851241e-12  9.79361168e-12\n   1.15417943e-14]\n [-1.08987010e-11  2.55937740e-05  2.47108615e-05 -1.90347842e-04\n  -4.73586480e-05 -2.15543407e-04  1.31527374e-09 -8.52551677e-12\n   4.78530713e-12 -5.59752267e-06 -6.82686123e-05 -2.06503886e-06\n  -3.34885571e-05 -4.16006097e-03 -6.51530562e-05 -4.30909693e-05\n   4.85496356e-06  1.97384821e-05  4.40852686e-05 -3.56994054e-03\n   3.69587978e-05  2.69628077e-06  4.15214142e-05  1.56594859e-04\n   2.43048785e-02  3.67544061e-05 -8.03747898e-05  1.22439696e-05\n   5.80625453e-03  2.28799375e-05 -2.84866183e-05  2.80106711e-02\n   2.68137068e-05 -3.70682197e-05 -5.93523439e-10  1.98689151e-10\n  -3.36978764e-12]\n [ 4.45849830e-14  6.81717185e-07 -2.74022022e-07 -3.14062935e-07\n  -1.61666609e-07 -2.04761818e-07 -2.76524217e-12  1.13243992e-14\n   2.37338936e-14 -5.82675148e-08 -2.43587784e-07 -2.20858225e-08\n  -2.39553628e-08 -6.51530471e-05  1.04188688e-06  9.81841522e-07\n   2.33356158e-07  5.98131645e-08  4.71643163e-08  3.69587864e-05\n   4.96283499e-07  3.94347984e-07  1.73659372e-07  1.67089691e-07\n   3.67543913e-05  6.04442501e-07 -9.74923901e-08  1.53446899e-08\n   2.28799317e-05  3.54345276e-07  4.18157780e-09  2.68137068e-05\n   3.36586887e-07 -3.18512030e-08 -1.88125545e-12 -1.33235150e-12\n   5.08686632e-15]\n [-8.32580374e-14  4.81405388e-07  3.79127438e-08  6.27231979e-07\n   2.23652737e-07  2.88569740e-07  3.34019943e-12  2.63136591e-14\n  -1.23072899e-14 -4.21042726e-08  3.75394819e-08  2.85341840e-08\n   3.62813063e-08 -4.30909652e-05  9.81841589e-07  7.84362355e-07\n  -1.02440210e-07 -6.34354643e-08 -6.86000740e-08  2.69627842e-06\n   3.94347994e-07  2.38548506e-07 -1.75052412e-07 -2.06759502e-07\n  -8.03747866e-05 -9.74923732e-08  5.08055287e-07 -1.11450477e-08\n  -2.84866187e-05  4.18157226e-09  1.42910550e-07 -3.70682197e-05\n  -3.18512030e-08  1.74810325e-07  2.76504167e-13 -4.51069923e-13\n   2.83439587e-14]\n [-2.61218579e-18 -3.85085931e-11 -3.32510583e-11 -1.23750947e-11\n   1.04953279e-11  4.30474651e-12  1.73410493e-16 -3.97339443e-19\n  -2.12550913e-18  5.79455461e-12  8.60607404e-12  1.65733468e-12\n   1.29567891e-12  3.98022087e-09 -3.89567416e-11 -4.66839563e-11\n   9.76051074e-12 -2.84944682e-12 -5.00913020e-13  3.53386376e-09\n  -2.90001734e-11 -2.95877774e-11 -6.21701338e-12 -3.85783375e-12\n   1.10236738e-09 -7.74004298e-12 -1.97876840e-11 -8.47395896e-14\n  -1.33293909e-09  4.53206506e-13  1.12851241e-12 -5.93523439e-10\n  -1.88125545e-12  2.76504167e-13  2.83433184e-16  1.16919038e-16\n  -1.31576045e-18]\n [-2.30758428e-18 -3.23304835e-11 -2.22748009e-11 -2.82995477e-11\n   1.22864579e-11 -1.90279401e-12  1.18658669e-16 -5.87895832e-19\n  -2.80698930e-18  4.33665256e-12  2.87725044e-12  2.56357491e-12\n   6.70541179e-14  3.20885409e-09 -3.47278293e-11 -4.99685897e-11\n   8.87423854e-12 -2.76740064e-12  7.43237229e-13  2.26412705e-09\n  -1.82584862e-11 -3.39301349e-11 -9.58698152e-12  2.06098953e-13\n   3.08914232e-09 -1.98462899e-11 -1.68365921e-11  3.24922061e-13\n  -1.65793466e-09 -5.45365242e-12  9.79361168e-12  1.98689151e-10\n  -1.33235150e-12 -4.51069923e-13  1.16919038e-16  3.94002984e-16\n  -1.34291371e-18]\n [ 2.17235936e-21  3.51120351e-13  1.98146680e-13  1.72196010e-13\n   9.82539768e-15  2.84536666e-14  6.21025532e-19  9.90802743e-21\n   1.91101542e-20 -5.10866403e-14 -5.18783221e-14 -5.69921018e-15\n  -4.66326090e-15 -3.44228573e-11  3.94443432e-13  5.39390771e-13\n  -5.64106584e-14 -6.00832954e-15 -1.02470502e-14 -1.86615590e-11\n   2.57882671e-13  3.34844152e-13 -6.48047856e-15 -2.06607005e-14\n  -1.86672569e-11  1.21336747e-13  2.34631193e-13 -2.56366524e-16\n  -7.94878132e-13  1.73973999e-14  1.15417943e-14 -3.36978764e-12\n   5.08686632e-15  2.83439587e-14 -1.31576045e-18 -1.34291371e-18\n   1.97475248e-20]]', 'hess_sum': '[[ 1.87495265e-11 -6.96683125e-13  5.21957445e-12  2.74286235e-13\n  -1.02052767e-12  4.55305111e-14 -2.13040436e-12 -1.85157717e-12\n  -2.20360799e-12  3.04017690e-13  1.36421000e-12 -1.40369247e-13\n  -1.50358424e-13 -1.10832691e-10 -2.26420450e-12 -2.01553352e-12\n   1.13552835e-13 -7.78570539e-14 -1.84685006e-13 -3.74804841e-10\n  -2.84159521e-12 -8.12658877e-13  1.93224344e-13 -2.09938421e-13\n   1.04933846e-09  6.66584701e-12  3.47544199e-12  2.62407353e-14\n   9.38821009e-12  1.11119795e-13  8.49512377e-14  4.78076004e-13\n  -5.26537982e-13 -7.61536339e-14 -7.66751045e-10 -1.02076831e-10\n   1.15472644e-11]\n [-6.96683125e-13 -1.62623615e-05 -1.67055617e-06 -2.59962671e-06\n   4.65734234e-07 -2.83518968e-07 -1.30676266e-10 -1.78108628e-12\n  -1.83198334e-12  2.73282172e-06  1.98566929e-06  3.25331391e-08\n  -1.93824931e-07  1.77068295e-03 -1.61057115e-05 -1.22807039e-05\n   1.59388581e-06 -4.13079068e-07 -2.50401289e-07  2.30616034e-04\n   2.38878211e-07  1.24613316e-06  1.48677173e-07 -1.82556376e-07\n   3.17779778e-04  7.19673617e-07 -1.49002093e-06  2.01778687e-08\n  -6.37153999e-05 -9.45449967e-08 -3.56529925e-07  3.33426905e-05\n  -3.22178295e-07 -4.65471784e-07  2.21913741e-10 -6.10414877e-11\n  -3.03890477e-12]\n [ 5.21957445e-12 -1.67055617e-06 -2.38341911e-05 -4.24734251e-06\n   8.22827135e-07 -3.56457343e-08 -2.67263408e-10 -4.85484053e-13\n   2.49954073e-13 -8.58662321e-07  5.83608229e-07 -1.51334236e-07\n  -3.42596273e-07  2.30616031e-04  2.38878124e-07  1.24613277e-06\n   3.98569355e-06  2.22063190e-07 -4.28735802e-07  2.72328271e-03\n  -7.49480532e-06 -1.03950473e-05 -6.78510344e-07  4.19323134e-07\n   4.43418731e-04 -1.20228094e-07 -5.48231830e-07  5.14889817e-08\n  -1.19737782e-04 -7.78211028e-07 -3.66154020e-07  1.82065553e-05\n   3.93666336e-07 -3.37118380e-07 -3.44668518e-10 -7.31810445e-11\n  -4.00914204e-14]\n [ 2.74286235e-13 -2.59962671e-06 -4.24734251e-06 -3.38230760e-05\n  -2.37511299e-07 -6.62174370e-07 -4.40609467e-10  3.23881769e-13\n   7.34838493e-12  1.20210057e-07 -2.90740160e-06  5.12123278e-07\n  -5.30927008e-07  3.17779750e-04  7.19674466e-07 -1.49002149e-06\n   8.59244737e-06  4.59907712e-07 -1.33067220e-09  4.43418690e-04\n  -1.20227321e-07 -5.48231133e-07  9.47024110e-07  1.89084910e-07\n   4.03184130e-03 -1.00159051e-05 -8.24671048e-06  9.61627139e-08\n   4.30681466e-05 -8.84901151e-08  6.25643898e-07  9.18409581e-05\n   4.59878821e-07  1.76318602e-07  1.74106390e-11  5.36744558e-10\n  -4.26050127e-12]\n [-1.02052767e-12  4.65734234e-07  8.22827135e-07 -2.37511299e-07\n  -3.24703681e-06  4.00918145e-08  4.14289162e-11  4.78448917e-13\n   1.21442116e-13 -3.58146587e-07  8.30756032e-09 -4.49278048e-07\n   5.16646888e-09 -6.37153911e-05 -9.45451190e-08 -3.56530033e-07\n  -6.54807912e-07  8.88525759e-07  2.61402474e-08 -1.19737777e-04\n  -7.78211037e-07 -3.66153950e-07  1.72004064e-06  1.84185186e-08\n   4.30681874e-05 -8.84902583e-08  6.25643829e-07 -6.83483669e-08\n   4.02867948e-04 -4.21947971e-07 -1.10572778e-06 -7.77066675e-06\n  -1.75892258e-07 -7.03482943e-08 -1.33605202e-11 -1.45156260e-11\n   2.19609514e-13]\n [ 4.55305111e-14 -2.83518968e-07 -3.56457343e-08 -6.62174370e-07\n   4.00918145e-08 -2.57577905e-06  8.89090853e-12 -3.49794412e-13\n   9.14241646e-14 -2.77905521e-07 -1.75530112e-07  1.19966819e-08\n  -3.48858416e-07  3.33426930e-05 -3.22178230e-07 -4.65471806e-07\n   6.75310903e-07  2.67599006e-08  5.52639957e-07  1.82065324e-05\n   3.93666295e-07 -3.37118351e-07  3.67741711e-08  1.42853874e-06\n   9.18409396e-05  4.59878584e-07  1.76318857e-07  1.68438027e-07\n  -7.77067362e-06 -1.75892254e-07 -7.03482945e-08  3.25779290e-04\n   1.25083004e-07 -8.13321594e-07  1.42575217e-12 -2.45225690e-11\n   1.82007656e-14]\n [-2.13040436e-12 -1.30676266e-10 -2.67263408e-10 -4.40609467e-10\n   4.14289162e-11  8.89090853e-12 -1.72124262e-07 -3.98597040e-10\n  -1.29237546e-09  3.72339692e-11 -9.86800891e-11  5.20269110e-12\n   5.07903880e-12 -3.26557032e-08 -1.02866007e-10  1.01940935e-10\n  -1.44398674e-10  1.12327634e-11  6.19312530e-12  8.32658625e-08\n  -1.12308566e-10  2.85388507e-11  2.56010050e-11 -4.87276679e-12\n   3.29857724e-07 -2.46491067e-10 -3.98635842e-10  1.23926850e-12\n   6.13996809e-09 -2.14690389e-12  1.14112606e-11  3.56910265e-09\n   2.85344718e-13 -2.33520070e-11 -8.14065212e-08  1.95391422e-07\n  -1.42930229e-09]\n [-1.85157717e-12 -1.78108628e-12 -4.85484053e-13  3.23881769e-13\n   4.78448917e-13 -3.49794412e-13 -3.98597040e-10  4.51944272e-12\n   6.39237208e-12  2.57245843e-13 -9.30884126e-13  1.00824807e-14\n   5.16305792e-15 -1.26027030e-10  2.36690654e-12 -3.60493256e-12\n  -1.00075133e-12  4.82454947e-14 -4.87639011e-14 -9.94859127e-12\n  -2.92005471e-13  3.80115668e-13  7.30215450e-14  1.52422869e-15\n  -2.35193747e-10  3.36655455e-12 -2.50445329e-12 -1.17293366e-14\n   6.90659681e-12  1.27761665e-13 -3.66081201e-13 -1.10571428e-12\n  -3.13910171e-13 -1.19357598e-13 -1.05527686e-09  4.05330521e-10\n   2.22538924e-11]\n [-2.20360799e-12 -1.83198334e-12  2.49954073e-13  7.34838493e-12\n   1.21442116e-13  9.14241646e-14 -1.29237546e-09  6.39237208e-12\n   9.58288457e-13  1.20861628e-13  4.11027379e-13 -9.86575472e-14\n   6.29495680e-14  3.89250020e-11 -1.80305883e-12 -1.73667988e-12\n  -2.31693492e-13  3.99928458e-14  3.74773556e-14 -2.48098050e-10\n   1.18125007e-13 -9.15021415e-14 -1.89208742e-13 -9.22222758e-14\n  -9.77796139e-11 -3.66583061e-12 -1.68298507e-12  8.96856516e-15\n  -1.86631198e-11  3.71270482e-13 -4.13658832e-14 -4.24925321e-11\n  -1.07892999e-13  1.31360648e-13  1.05589982e-10 -5.84354418e-10\n  -7.57484339e-12]\n [ 3.04017690e-13  2.73282172e-06 -8.58662321e-07  1.20210057e-07\n  -3.58146587e-07 -2.77905521e-07  3.72339692e-11  2.57245843e-13\n   1.20861628e-13 -1.58398000e-06 -2.85452451e-07 -1.10525340e-07\n   3.85464491e-08 -3.22291092e-04  1.36655302e-06  6.17931586e-07\n  -3.51334411e-07  2.08607438e-07  8.85676366e-08  8.31532541e-05\n  -6.45060013e-07 -1.12661573e-06 -1.19261504e-07  1.40330800e-07\n  -1.38707778e-05 -5.22952391e-07  4.69576427e-07  1.40268058e-08\n   4.16155855e-05 -1.88960100e-07 -7.86309998e-08  3.13727083e-05\n  -5.40944854e-08 -9.47529628e-08 -2.77301265e-11 -1.64002439e-11\n   1.45907676e-13]\n [ 1.36421000e-12  1.98566929e-06  5.83608229e-07 -2.90740160e-06\n   8.30756032e-09 -1.75530112e-07 -9.86800891e-11 -9.30884126e-13\n   4.11027379e-13 -2.85452451e-07 -1.93848927e-06  1.04739480e-07\n   2.56859351e-08 -2.33197470e-04  1.52353575e-06  1.70994127e-06\n   8.81861398e-07  3.42720660e-08  4.51594849e-08 -7.97429153e-05\n   1.20806098e-07  3.40853113e-08  1.03601030e-07  9.77959047e-09\n   3.63170762e-04  1.14742001e-07 -1.10995448e-06  1.55338989e-08\n   5.43579464e-07  2.92132910e-08  1.13884643e-07  2.12909653e-05\n   6.02163178e-08  3.62596262e-08  8.12988630e-11 -4.58423034e-11\n   1.00578542e-13]\n [-1.40369247e-13  3.25331391e-08 -1.51334236e-07  5.12123278e-07\n  -4.49278048e-07  1.19966819e-08  5.20269110e-12  1.00824807e-14\n  -9.86575472e-14 -1.10525340e-07  1.04739480e-07 -1.64012796e-07\n   6.84086149e-09 -1.05132675e-05 -5.73963118e-07 -2.38703277e-07\n  -2.50055323e-07  9.15131066e-08  9.48732244e-09  1.55758000e-05\n  -1.20659468e-07 -9.19296430e-08  1.99629802e-07  7.09180574e-09\n  -6.25722960e-05  1.07301072e-07  1.59316473e-07 -1.00579581e-08\n   5.49929511e-05 -6.19792825e-08 -2.43547491e-07 -2.66300063e-06\n  -3.58761879e-08 -3.56906683e-08 -5.15984069e-12  3.84424876e-12\n  -6.44180166e-14]\n [-1.50358424e-13 -1.93824931e-07 -3.42596273e-07 -5.30927008e-07\n   5.16646888e-09 -3.48858416e-07  5.07903880e-12  5.16305792e-15\n   6.29495680e-14  3.85464491e-08  2.56859351e-08  6.84086149e-09\n  -1.04672268e-07  2.68671928e-05  6.48604360e-08  1.30781346e-08\n   2.20892817e-07  1.00854389e-08  6.93401849e-08  3.98658981e-05\n  -7.64780133e-08 -1.72505451e-07  2.91179216e-08  1.67834094e-07\n   6.52438153e-05 -5.24127029e-08 -1.01807035e-07  2.63134176e-08\n  -1.57751636e-06 -3.26797193e-08 -3.01645841e-08  4.45960382e-05\n   1.60244169e-08 -1.19564651e-07 -5.71100324e-13 -1.30434930e-12\n  -3.12771897e-14]\n [-1.10832691e-10  1.77068295e-03  2.30616031e-04  3.17779750e-04\n  -6.37153911e-05  3.33426930e-05 -3.26557032e-08 -1.26027030e-10\n   3.89250020e-11 -3.22291092e-04 -2.33197470e-04 -1.05132675e-05\n   2.68671928e-05 -1.97804817e-01  1.42446939e-03  1.14767429e-03\n  -1.92491400e-04  5.11483705e-05  2.69132242e-05 -3.07963367e-02\n   1.72767095e-05 -1.00162034e-04 -1.82087955e-05  2.08591593e-05\n  -3.88341706e-02 -6.31212384e-05  2.03444791e-04 -2.83885793e-06\n   8.49297665e-03  7.23042874e-06  3.23981215e-05 -4.10306763e-03\n   2.75655205e-05  4.61025108e-05  1.04480561e-08 -3.26713753e-09\n   1.73721652e-10]\n [-2.26420450e-12 -1.61057115e-05  2.38878124e-07  7.19674466e-07\n  -9.45451190e-08 -3.22178230e-07 -1.02866007e-10  2.36690654e-12\n  -1.80305883e-12  1.36655302e-06  1.52353575e-06 -5.73963118e-07\n   6.48604360e-08  1.42446939e-03 -4.27845340e-05 -2.48666574e-05\n   1.32707391e-07 -5.19794133e-08 -7.05578528e-08  1.72766980e-05\n   3.42886449e-06  3.18867963e-06  4.82634527e-08 -1.97771184e-08\n  -6.31213004e-05  3.81810495e-06  1.37429132e-06 -2.54504784e-09\n   7.23043683e-06  1.82908912e-07 -4.85236174e-07  2.75655215e-05\n  -9.58350456e-07 -7.27883106e-07  7.02018329e-11 -1.27466869e-10\n  -3.67620538e-12]\n [-2.01553352e-12 -1.22807039e-05  1.24613277e-06 -1.49002149e-06\n  -3.56530033e-07 -4.65471806e-07  1.01940935e-10 -3.60493256e-12\n  -1.73667988e-12  6.17931586e-07  1.70994127e-06 -2.38703277e-07\n   1.30781346e-08  1.14767429e-03 -2.48666574e-05 -2.00017165e-05\n   7.45312681e-07  1.71297213e-09 -5.52356321e-08 -1.00162005e-04\n   3.18867941e-06  2.42124740e-06  1.12716568e-07  1.45408408e-08\n   2.03444801e-04  1.37429149e-06 -8.45829254e-08  6.52774970e-09\n   3.23981267e-05 -4.85236291e-07 -5.62454377e-07  4.61025168e-05\n  -7.27883222e-07 -7.11490984e-07  1.30474798e-11  4.20977888e-10\n   1.85643483e-12]\n [ 1.13552835e-13  1.59388581e-06  3.98569355e-06  8.59244737e-06\n  -6.54807912e-07  6.75310903e-07 -1.44398674e-10 -1.00075133e-12\n  -2.31693492e-13 -3.51334411e-07  8.81861398e-07 -2.50055323e-07\n   2.20892817e-07 -1.92491400e-04  1.32707391e-07  7.45312681e-07\n  -4.62139497e-06 -2.31969438e-08  5.67192797e-09 -4.86166921e-04\n  -1.33022436e-06  1.07979336e-06  3.30700816e-08 -1.25735886e-07\n  -1.03418780e-03  1.32739581e-06  1.39444988e-06 -7.67280296e-08\n   8.03292279e-05  3.16562633e-07 -1.89076537e-07 -8.43386873e-05\n   8.16081388e-08  1.66444013e-07  2.57305300e-10  2.36492365e-10\n  -8.58361739e-14]\n [-7.78570539e-14 -4.13079068e-07  2.22063190e-07  4.59907712e-07\n   8.88525759e-07  2.67599006e-08  1.12327634e-11  4.82454947e-14\n   3.99928458e-14  2.08607438e-07  3.42720660e-08  9.15131066e-08\n   1.00854389e-08  5.11483705e-05 -5.19794133e-08  1.71297213e-09\n  -2.31969438e-08 -3.49086744e-07  5.39922730e-09 -1.76646805e-05\n   2.20724355e-07  3.84718060e-07 -5.12680190e-07 -5.48429404e-08\n  -5.99365553e-05  1.69564863e-07 -1.28163319e-07  1.60405249e-08\n  -1.11753679e-04  4.20009570e-08  2.28214110e-07 -3.54453935e-06\n   9.95943912e-09  1.98207123e-08 -5.00683288e-12  5.85241079e-12\n  -1.23158518e-14]\n [-1.84685006e-13 -2.50401289e-07 -4.28735802e-07 -1.33067220e-09\n   2.61402474e-08  5.52639957e-07  6.19312530e-12 -4.87639011e-14\n   3.74773556e-14  8.85676366e-08  4.51594849e-08  9.48732244e-09\n   6.93401849e-08  2.69132242e-05 -7.05578528e-08 -5.52356321e-08\n   5.67192797e-09  5.39922730e-09 -2.15770470e-07  5.26451641e-05\n   1.11590867e-07  3.11666110e-07 -2.80736213e-08 -3.04964599e-07\n   1.46337401e-06  1.78779449e-07  3.05573461e-08 -3.56880364e-08\n  -3.29336648e-06  1.20865583e-08  2.51100084e-08 -6.95368234e-05\n   9.59764402e-09  1.78092366e-07  4.52940207e-12 -5.07845542e-12\n   5.37401269e-15]\n [-3.74804841e-10  2.30616034e-04  2.72328271e-03  4.43418690e-04\n  -1.19737777e-04  1.82065324e-05  8.32658625e-08 -9.94859127e-12\n  -2.48098050e-10  8.31532541e-05 -7.97429153e-05  1.55758000e-05\n   3.98658981e-05 -3.07963367e-02  1.72766980e-05 -1.00162005e-04\n  -4.86166921e-04 -1.76646805e-05  5.26451641e-05 -3.14773910e-01\n   6.74441124e-04  1.04279678e-03  8.62331937e-05 -5.24074016e-05\n  -4.54930106e-02 -3.81687509e-06  3.50922365e-05 -7.09040587e-06\n   1.67368151e-02  7.83475041e-05  2.87464183e-05 -3.95884176e-03\n  -5.11170138e-05  3.68045319e-05  1.30263943e-08 -1.12888526e-08\n   1.66566714e-11]\n [-2.84159521e-12  2.38878211e-07 -7.49480532e-06 -1.20227321e-07\n  -7.78211037e-07  3.93666295e-07 -1.12308566e-10 -2.92005471e-13\n   1.18125007e-13 -6.45060013e-07  1.20806098e-07 -1.20659468e-07\n  -7.64780133e-08  1.72767095e-05  3.42886449e-06  3.18867941e-06\n  -1.33022436e-06  2.20724355e-07  1.11590867e-07  6.74441124e-04\n  -1.89895039e-05 -1.22426751e-05  1.36398744e-07  4.24100362e-08\n  -3.81688074e-06 -1.87788213e-06 -1.32178578e-06 -2.84157139e-08\n   7.83475043e-05 -5.80322533e-07 -9.54177114e-07 -5.11170137e-05\n  -6.74589495e-07 -3.86390668e-07 -4.51093370e-10  1.38766127e-10\n  -8.89364286e-13]\n [-8.12658877e-13  1.24613316e-06 -1.03950473e-05 -5.48231133e-07\n  -3.66153950e-07 -3.37118351e-07  2.85388507e-11  3.80115668e-13\n  -9.15021415e-14 -1.12661573e-06  3.40853113e-08 -9.19296430e-08\n  -1.72505451e-07 -1.00162034e-04  3.18867963e-06  2.42124740e-06\n   1.07979336e-06  3.84718060e-07  3.11666110e-07  1.04279678e-03\n  -1.22426751e-05 -1.47036843e-05 -3.05215067e-08  2.03216553e-07\n   3.50921208e-05 -1.32178588e-06 -5.62765708e-07  3.60658192e-08\n   2.87464174e-05 -9.54177066e-07 -6.18152722e-07  3.68045440e-05\n  -3.86390669e-07 -5.44004902e-07 -8.54506579e-11 -1.88825792e-12\n  -2.45089494e-13]\n [ 1.93224344e-13  1.48677173e-07 -6.78510344e-07  9.47024110e-07\n   1.72004064e-06  3.67741711e-08  2.56010050e-11  7.30215450e-14\n  -1.89208742e-13 -1.19261504e-07  1.03601030e-07  1.99629802e-07\n   2.91179216e-08 -1.82087955e-05  4.82634527e-08  1.12716568e-07\n   3.30700816e-08 -5.12680190e-07 -2.80736213e-08  8.62331937e-05\n   1.36398744e-07 -3.05215067e-08 -1.24647743e-06 -4.70618449e-09\n  -1.21687113e-04  1.44812910e-08  2.72502531e-07  3.60332455e-08\n  -2.20816741e-04 -1.43682683e-07  5.40047276e-07 -3.81241514e-06\n   3.96704601e-08  1.08334935e-08 -2.32315870e-11  3.56044646e-11\n   6.10087652e-14]\n [-2.09938421e-13 -1.82556376e-07  4.19323134e-07  1.89084910e-07\n   1.84185186e-08  1.42853874e-06 -4.87276679e-12  1.52422869e-15\n  -9.22222758e-14  1.40330800e-07  9.77959047e-09  7.09180574e-09\n   1.67834094e-07  2.08591593e-05 -1.97771184e-08  1.45408408e-08\n  -1.25735886e-07 -5.48429404e-08 -3.04964599e-07 -5.24074016e-05\n   4.24100362e-08  2.03216553e-07 -4.70618449e-09 -1.09315059e-06\n  -2.36898016e-05  7.17130787e-08 -2.67738042e-09 -9.02813615e-08\n  -1.03162109e-06  6.15194761e-08 -1.76968583e-09 -1.86414756e-04\n  -2.89844332e-07  4.63295136e-07 -1.99812985e-11 -2.59978062e-12\n  -8.45600885e-14]\n [ 1.04933846e-09  3.17779778e-04  4.43418731e-04  4.03184130e-03\n   4.30681874e-05  9.18409396e-05  3.29857724e-07 -2.35193747e-10\n  -9.77796139e-11 -1.38707778e-05  3.63170762e-04 -6.25722960e-05\n   6.52438153e-05 -3.88341706e-02 -6.31213004e-05  2.03444801e-04\n  -1.03418780e-03 -5.99365553e-05  1.46337401e-06 -4.54930106e-02\n  -3.81688074e-06  3.50921208e-05 -1.21687113e-04 -2.36898016e-05\n  -4.84693970e-01  1.00391560e-03  9.74920475e-04 -1.20187294e-05\n  -6.71496597e-03  2.56233142e-05 -6.86923399e-05 -1.22932677e-02\n  -3.50722788e-05 -9.47720865e-06  9.54161960e-08 -1.36201066e-08\n   1.20477657e-10]\n [ 6.66584701e-12  7.19673617e-07 -1.20228094e-07 -1.00159051e-05\n  -8.84902583e-08  