{'theta_hat': '[-3.09589842e-10  3.48998225e-04 -1.64133409e-03 -1.06618483e-02\n  1.17771661e-04 -1.38450401e-03  1.01711826e-08 -1.36622754e-11\n -4.48089012e-11  6.32672216e-05 -1.63801661e-03  1.65233885e-04\n -1.60544692e-04 -1.24625771e-02  4.63469947e-03  2.76303750e-04\n  2.26422634e-03  2.96880006e-05  3.47028439e-04  1.64716671e-01\n  1.19691951e-04 -1.73306818e-03  2.72722135e-04  9.63611118e-04\n  1.22234545e+00 -4.94453154e-03 -3.13990506e-03  8.45653558e-05\n  1.93677870e-03  9.40641423e-04  7.31887961e-05  1.74837423e-01\n  1.64633016e-04 -3.27682222e-04  5.94036507e-09  1.05098022e-08\n -1.19240484e-10]', 'theta_bar': '[ 7.85170088e-03  1.87245729e-03 -1.21091721e-03 -7.38606380e-03\n -1.01492593e-03 -5.36402476e-04 -1.13152623e+00  1.39591181e-03\n  3.17692209e-03 -3.88683398e-04 -1.38104785e-03 -1.16302995e-04\n -8.06133172e-05 -2.37488418e-01  1.05322229e-03  1.20887155e-03\n  1.37634364e-03  2.87691440e-04  1.31567220e-04  1.98424058e-01\n  1.43414281e-04 -5.50501043e-04  7.65699142e-04  4.35562063e-04\n  1.01860816e+00 -1.77965970e-03 -3.48894577e-03  1.05169780e-05\n  1.25346032e-01 -3.11513539e-04 -3.14128576e-04  6.92702724e-02\n -1.34647460e-04 -1.28471043e-04 -2.08677540e-01 -4.70792689e-01\n -2.40835530e-03]', 'grad_op_sum': '[[ 1.40179608e-19  1.40160396e-13  3.12558405e-13  7.21241277e-13\n  -7.41705198e-14  1.10607541e-13 -7.22452402e-18  8.60092397e-21\n   4.66788217e-20  4.98659873e-15  8.51092868e-14 -1.60402633e-14\n   1.62290496e-14 -1.23442484e-11  2.63614584e-13  3.98523311e-13\n  -1.77346271e-13  5.28541169e-15 -1.45715332e-14 -3.49595954e-11\n  -3.51601261e-14  2.89512190e-13  4.17144324e-14 -5.72608303e-14\n  -8.21360140e-11  3.14027344e-13 -5.07254614e-14 -6.73044417e-15\n   9.37716725e-12 -3.15109781e-14 -6.98515604e-14 -1.35282005e-11\n   7.36413508e-15 -5.12966087e-14 -1.65601899e-18 -2.99139900e-18\n   6.49843478e-21]\n [ 1.40160396e-13  1.31492505e-05  5.95252778e-06  1.70739143e-06\n  -1.44147951e-07  2.28356657e-08 -7.70176858e-12  1.64379990e-13\n   5.70977267e-13 -1.05951848e-06 -2.70328562e-06  1.36171559e-07\n  -1.57721756e-07 -1.22339058e-03  2.56870879e-05  2.08902949e-05\n  -1.40407700e-06  1.15066180e-07 -1.44735970e-07 -5.83296580e-04\n   8.43800132e-06  8.60337194e-06  2.32279458e-07  1.38643177e-07\n  -1.68163415e-04  1.90219952e-07  3.01101464e-06  1.67286233e-08\n   3.49956559e-05  1.42954914e-06  9.07431095e-07  5.70479075e-06\n   6.78712163e-07  5.27478471e-07 -3.66469415e-11 -3.50981015e-11\n   3.56274926e-13]\n [ 3.12558405e-13  5.95252778e-06  6.81854689e-06  7.98387120e-06\n  -1.36225972e-06 -1.70757408e-08 -1.17906114e-11 -2.53342260e-14\n   3.94038479e-13 -5.68354393e-07 -4.05932972e-07 -1.06413241e-07\n  -1.54732480e-07 -5.83296625e-04  8.43800114e-06  8.60337174e-06\n  -3.31344477e-06  4.50443601e-07 -1.79984574e-07 -7.34355713e-04\n   4.45227256e-06  5.08273979e-06  5.20185368e-07  7.75320389e-08\n  -8.52643896e-04  2.61655243e-06  3.40984708e-06 -3.99126526e-08\n   1.55501159e-04 -8.19158274e-07  3.98414062e-08  5.64698664e-06\n  -3.38175323e-07  9.56804510e-08 -3.27219760e-11 -2.17880650e-11\n   2.16709261e-13]\n [ 7.21241277e-13  1.70739143e-06  7.98387120e-06  4.42295480e-05\n  -5.15047225e-06  1.71401050e-06 -3.76497019e-11 -4.01202222e-13\n   1.63195449e-13  7.53107319e-07  5.15941798e-06 -4.88923040e-07\n   1.20530093e-07 -1.68163358e-04  1.90220083e-07  3.01101512e-06\n  -1.03808023e-05  1.85558792e-06 -9.04790202e-07 -8.52643937e-04\n   2.61655246e-06  3.40984751e-06  1.93439365e-06 -1.04836698e-06\n  -4.97665735e-03  1.89859339e-05  6.83314908e-06 -2.43200326e-07\n   5.53291750e-04 -3.00565860e-06 -5.38713015e-07 -2.20177207e-04\n  -2.33782229e-07  4.63082962e-07 -1.54145498e-11 -2.35755961e-11\n   1.38766834e-13]\n [-7.41705198e-14 -1.44147951e-07 -1.36225972e-06 -5.15047225e-06\n   1.57055876e-06  4.07505953e-07  1.28649081e-11  8.41705961e-14\n  -7.61869310e-14 -2.49205869e-08 -3.29274006e-07  1.49457352e-07\n   7.20500402e-08  3.49956608e-05  1.42954892e-06  9.07431088e-07\n   1.33707133e-06 -5.67228878e-07  1.99427039e-08  1.55501153e-04\n  -8.19158241e-07  3.98414472e-08 -8.12646599e-07 -3.19102816e-07\n   5.53291827e-04 -3.00565847e-06 -5.38713015e-07  1.38743297e-08\n  -1.78485356e-04  5.52970163e-07  3.15460730e-07 -4.93876647e-05\n  -5.23523339e-08  1.25135074e-07  4.95439948e-12  3.03026383e-12\n   2.31854708e-14]\n [ 1.10607541e-13  2.28356657e-08 -1.70757408e-08  1.71401050e-06\n   4.07505953e-07  7.67880406e-07 -7.14250391e-12  3.65764541e-14\n  -3.19633642e-14  4.50424605e-08  4.29704011e-07  2.57288471e-08\n   1.29629085e-07  5.70480339e-06  6.78712169e-07  5.27478429e-07\n  -2.86960288e-07 -1.73861595e-07 -1.29646007e-07  5.64697666e-06\n  -3.38175388e-07  9.56804566e-08 -3.12183472e-07 -5.06641515e-07\n  -2.20177200e-04 -2.33782146e-07  4.63082942e-07 -3.59773630e-08\n  -4.93876628e-05 -5.23523426e-08  1.25135067e-07 -9.65024972e-05\n  -5.45161719e-08  1.85078049e-07 -6.33879390e-13 -2.00559377e-12\n   1.76050793e-14]\n [-7.22452402e-18 -7.70176858e-12 -1.17906114e-11 -3.76497019e-11\n   1.28649081e-11 -7.14250391e-12  6.56253912e-16 -8.89992927e-19\n  -2.17417106e-18  8.86831556e-13 -2.39774462e-12  1.84719413e-12\n  -1.68291594e-12  9.68018357e-10 -8.67950403e-13 -2.07964654e-12\n   7.20709154e-12 -3.35515943e-12  9.82543318e-13  1.38025900e-09\n  -5.02502216e-12 -1.58644912e-12 -7.23897407e-12  3.09915808e-12\n   4.35092998e-09 -1.60950838e-11  2.16135721e-12  5.67882632e-13\n  -1.54840163e-09  2.89503603e-12  4.54037560e-12  9.15468608e-10\n  -3.27873722e-12  1.69377233e-12  1.39230646e-16  1.44966785e-16\n   3.28815252e-19]\n [ 8.60092397e-21  1.64379990e-13 -2.53342260e-14 -4.01202222e-13\n   8.41705961e-14  3.65764541e-14 -8.89992927e-19  1.64397595e-20\n   6.54005171e-21 -3.82863245e-14 -7.76362341e-14  1.72598244e-15\n   4.68930784e-15 -1.64813949e-11  1.57180701e-13  2.33502704e-13\n   1.08208896e-13 -3.31557203e-14  7.37739955e-16  4.42394118e-12\n   1.07262193e-13  1.34701094e-13 -4.04199252e-14 -2.41836423e-14\n   4.39966197e-11 -1.23556783e-13  5.23934230e-14  1.09569582e-15\n  -9.21490364e-12  4.82217086e-14  2.39287898e-14 -4.53654233e-12\n   2.88663859e-14  1.40094710e-14 -7.53047321e-19 -3.52888193e-19\n   7.82330125e-21]\n [ 4.66788217e-20  5.70977267e-13  3.94038479e-13  1.63195449e-13\n  -7.61869310e-14 -3.19633642e-14 -2.17417106e-18  6.54005171e-21\n   6.01098753e-20 -8.62908318e-14 -1.41752656e-13 -1.83179070e-14\n  -1.44550834e-14 -5.83096354e-11  5.40031373e-13  8.13577349e-13\n  -9.09110109e-14  1.91585835e-14 -6.14476674e-16 -4.07423859e-11\n   3.54641755e-13  5.42384711e-13  6.05656449e-14  3.16349680e-14\n  -1.29433191e-11  3.04072726e-13  1.76716188e-13  2.44596833e-15\n   9.95800072e-12  2.21005541e-14 -3.37496510e-14  4.61979547e-12\n   2.80143486e-14 -1.25719445e-14 -2.26781525e-18 -3.74937081e-18\n   2.05820785e-20]\n [ 4.98659873e-15 -1.05951848e-06 -5.68354393e-07  7.53107319e-07\n  -2.49205869e-08  4.50424605e-08  8.86831556e-13 -3.82863245e-14\n  -8.62908318e-14  2.67538609e-07  4.12784809e-07  4.10763243e-08\n   2.85398708e-08  1.17030076e-04 -4.90641327e-08 -1.10899188e-06\n  -8.48681647e-08  2.10897749e-08 -2.30508902e-09  5.53522796e-05\n  -8.61081968e-07 -1.00594582e-06 -4.75154524e-09 -3.11441886e-08\n  -9.49782436e-05 -2.73937394e-07 -7.03380950e-07 -8.15681093e-09\n   1.61695542e-06 -2.64318272e-08 -6.24381895e-09 -6.24913118e-06\n  -6.35354000e-08 -5.01646990e-08  5.38044069e-12  5.20768648e-12\n  -5.09719903e-14]\n [ 8.51092868e-14 -2.70328562e-06 -4.05932972e-07  5.15941798e-06\n  -3.29274006e-07  4.29704011e-07 -2.39774462e-12 -7.76362341e-14\n  -1.41752656e-13  4.12784809e-07  1.37477044e-06 -4.09201585e-08\n   8.71966591e-08  2.63275581e-04 -4.42030574e-06 -3.74502660e-06\n  -9.95010835e-07  1.05190489e-07 -1.08587054e-07  3.22406131e-05\n  -1.76546175e-06 -1.54869614e-06  9.66190656e-09 -3.11877688e-07\n  -5.97664112e-04  1.68059848e-06  4.45034070e-08 -4.28743250e-08\n   2.85611519e-05 -6.25716189e-07 -1.64571891e-07 -5.62189072e-05\n  -2.28599648e-07 -1.70873149e-08  7.03724436e-12  6.41800930e-12\n  -6.18739744e-14]\n [-1.60402633e-14  1.36171559e-07 -1.06413241e-07 -4.88923040e-07\n   1.49457352e-07  2.57288471e-08  1.84719413e-12  1.72598244e-15\n  -1.83179070e-14  4.10763243e-08 -4.09201585e-08  3.74052369e-08\n   6.47921578e-09 -4.61235141e-06  1.14431983e-06  4.76031115e-07\n   9.75428183e-08 -4.59326958e-08  2.82622793e-09  1.20067889e-05\n  -3.01486829e-08 -5.42447200e-08 -7.47025649e-08 -1.68710306e-08\n   5.06122777e-05 -5.49707385e-07 -2.05639175e-07  8.86778165e-10\n  -1.65043420e-05  1.05051765e-07  7.03222354e-08 -2.94630393e-06\n  -8.61711876e-09  1.42129504e-08  8.02948047e-13  1.13577883e-12\n  -3.27183448e-15]\n [ 1.62290496e-14 -1.57721756e-07 -1.54732480e-07  1.20530093e-07\n   7.20500402e-08  1.29629085e-07 -1.68291594e-12  4.68930784e-15\n  -1.44550834e-14  2.85398708e-08  8.71966591e-08  6.47921578e-09\n   2.75882801e-08  1.68204034e-05 -5.11148012e-08 -1.61438352e-07\n   1.80852837e-08 -3.05852332e-08 -1.74033145e-08  1.65188252e-05\n  -1.83324354e-07 -1.60338289e-07 -4.81641215e-08 -8.39667452e-08\n  -1.93623043e-05 -1.43149978e-07 -4.53017965e-08 -5.94845827e-09\n  -8.54088836e-06  2.62288399e-09  1.16488153e-08 -1.64068474e-05\n  -5.63571101e-09  2.38588311e-08  6.43468149e-13  1.45541344e-13\n  -5.84255153e-15]\n [-1.23442484e-11 -1.22339058e-03 -5.83296625e-04 -1.68163358e-04\n   3.49956608e-05  5.70480339e-06  9.68018357e-10 -1.64813949e-11\n  -5.83096354e-11  1.17030076e-04  2.63275581e-04 -4.61235141e-06\n   1.68204034e-05  1.16135559e-01 -2.14748499e-03 -1.86450633e-03\n   1.34534303e-04 -1.66525106e-05  1.31918039e-05  5.74306075e-02\n  -8.15077436e-04 -8.30730679e-04 -3.27822603e-05 -1.77162007e-05\n   1.55162382e-02 -9.94332191e-05 -3.41797838e-04 -1.83372836e-06\n  -5.65058843e-03 -1.13641785e-04 -7.24844082e-05 -1.46970409e-03\n  -6.48081372e-05 -4.92789932e-05  3.72911073e-09  3.58175956e-09\n  -3.51094440e-11]\n [ 2.63614584e-13  2.56870879e-05  8.43800114e-06  1.90220083e-07\n   1.42954892e-06  6.78712169e-07 -8.67950403e-13  1.57180701e-13\n   5.40031373e-13 -4.90641327e-08 -4.42030574e-06  1.14431983e-06\n  -5.11148012e-08 -2.14748499e-03  7.76762805e-05  4.82719360e-05\n  -2.08788158e-06 -1.98089429e-07 -2.65779455e-07 -8.15077388e-04\n   1.32759008e-05  1.19481150e-05 -3.50733587e-07 -3.33282803e-08\n  -9.94332090e-05 -1.06938584e-05 -1.73275193e-06 -2.76150614e-09\n  -1.13641773e-04  4.82328174e-06  2.96251438e-06 -6.48081441e-05\n   1.06731611e-06  9.74673622e-07 -3.88964613e-11 -3.34478334e-11\n   3.90916474e-13]\n [ 3.98523311e-13  2.08902949e-05  8.60337174e-06  3.01101512e-06\n   9.07431088e-07  5.27478429e-07 -2.07964654e-12  2.33502704e-13\n   8.13577349e-13 -1.10899188e-06 -3.74502660e-06  4.76031115e-07\n  -1.61438352e-07 -1.86450633e-03  4.82719360e-05  3.65635616e-05\n  -2.16469962e-06 -1.96107133e-07 -2.68479921e-07 -8.30730620e-04\n   1.19481149e-05  1.35861911e-05 -2.19864605e-07 -1.10260109e-07\n  -3.41797854e-04 -1.73275130e-06  2.91258885e-06  1.69719757e-08\n  -7.24844140e-05  2.96251474e-06  1.76247042e-06 -4.92789963e-05\n   9.74673570e-07  7.99026795e-07 -4.64131719e-11 -5.20758969e-11\n   5.44078596e-13]\n [-1.77346271e-13 -1.40407700e-06 -3.31344477e-06 -1.03808023e-05\n   1.33707133e-06 -2.86960288e-07  7.20709154e-12  1.08208896e-13\n  -9.09110109e-14 -8.48681647e-08 -9.95010835e-07  9.75428183e-08\n   1.80852837e-08  1.34534303e-04 -2.08788158e-06 -2.16469962e-06\n   2.92350443e-06 -4.75777661e-07  2.13919879e-07  3.61545969e-04\n  -1.31732376e-06 -1.48071751e-06 -4.77859697e-07  1.62514734e-07\n   1.15720953e-03 -3.72118642e-06 -1.98333193e-06  5.98907856e-08\n  -1.45065578e-04  8.94008378e-07  8.76310066e-08  3.62641227e-05\n   2.61128635e-07 -9.57630188e-08  1.02699990e-11  7.21048385e-12\n  -6.09588202e-14]\n [ 5.28541169e-15  1.15066180e-07  4.50443601e-07  1.85558792e-06\n  -5.67228878e-07 -1.73861595e-07 -3.35515943e-12 -3.31557203e-14\n   1.91585835e-14  2.10897749e-08  1.05190489e-07 -4.59326958e-08\n  -3.05852332e-08 -1.66525106e-05 -1.98089429e-07 -1.96107133e-07\n  -4.75777661e-07  2.11790888e-07 -5.01219261e-09 -5.08903721e-05\n   3.50927859e-07 -3.07080510e-08  2.95679752e-07  1.31986440e-07\n  -1.99511726e-04  1.06215372e-06  1.69353454e-07 -3.67996967e-09\n   6.44779401e-05 -1.68436261e-07 -8.97607694e-08  2.11732500e-05\n   3.11264954e-08 -3.71150053e-08 -1.41399848e-12 -4.75046564e-13\n  -9.24316619e-15]\n [-1.45715332e-14 -1.44735970e-07 -1.79984574e-07 -9.04790202e-07\n   1.99427039e-08 -1.29646007e-07  9.82543318e-13  7.37739955e-16\n  -6.14476674e-16 -2.30508902e-09 -1.08587054e-07  2.82622793e-09\n  -1.74033145e-08  1.31918039e-05 -2.65779455e-07 -2.68479921e-07\n   2.13919879e-07 -5.01219261e-09  3.40877966e-08  1.82466599e-05\n  -8.04694901e-08 -1.32502272e-07  1.64537493e-08  8.44893058e-08\n   1.05120747e-04 -2.36985156e-07 -2.33761367e-07  8.53446659e-09\n  -1.34358190e-06  5.03110893e-08 -2.18411183e-08  1.63125593e-05\n   1.30516361e-08 -4.54448780e-08  6.71242962e-13  8.52385407e-13\n  -8.26942315e-15]\n [-3.49595954e-11 -5.83296580e-04 -7.34355713e-04 -8.52643937e-04\n   1.55501153e-04  5.64697666e-06  1.38025900e-09  4.42394118e-12\n  -4.07423859e-11  5.53522796e-05  3.22406131e-05  1.20067889e-05\n   1.65188252e-05  5.74306075e-02 -8.15077388e-04 -8.30730620e-04\n   3.61545969e-04 -5.08903721e-05  1.82466599e-05  7.97422391e-02\n  -4.41281432e-04 -5.02543973e-04 -5.95011013e-05 -1.09044055e-05\n   9.08980531e-02 -2.57539892e-04 -3.45974151e-04  4.56686594e-06\n  -1.77091516e-02  1.01697035e-04  2.62808266e-06 -1.05503674e-03\n   4.54510437e-05 -4.91214587e-06  3.46464420e-09  2.20188774e-09\n  -2.11111396e-11]\n [-3.51601261e-14  8.43800132e-06  4.45227256e-06  2.61655246e-06\n  -8.19158241e-07 -3.38175388e-07 -5.02502216e-12  1.07262193e-13\n   3.54641755e-13 -8.61081968e-07 -1.76546175e-06 -3.01486829e-08\n  -1.83324354e-07 -8.15077436e-04  1.32759008e-05  1.19481149e-05\n  -1.31732376e-06  3.50927859e-07 -8.04694901e-08 -4.41281432e-04\n   6.47330246e-06  5.65618231e-06  4.67700523e-07  3.03701989e-07\n  -2.57539926e-04  1.97966454e-06  3.11274368e-06  1.43996979e-08\n   1.01697028e-04  5.03051569e-07  5.26282463e-07  4.54510513e-05\n   5.26154709e-07  3.60013384e-07 -2.94630082e-11 -1.85665808e-11\n   2.48349515e-13]\n [ 2.89512190e-13  8.60337194e-06  5.08273979e-06  3.40984751e-06\n   3.98414472e-08  9.56804566e-08 -1.58644912e-12  1.34701094e-13\n   5.42384711e-13 -1.00594582e-06 -1.54869614e-06 -5.42447200e-08\n  -1.60338289e-07 -8.30730679e-04  1.19481150e-05  1.35861911e-05\n  -1.48071751e-06 -3.07080510e-08 -1.32502272e-07 -5.02543973e-04\n   5.65618231e-06  7.74940465e-06  1.55636999e-08 -1.93301800e-08\n  -3.45974185e-04  3.11274381e-06  3.60610934e-06  1.49024521e-08\n   2.62807830e-06  5.26282529e-07  3.47053662e-07 -4.91214676e-06\n   3.60013355e-07  2.76250734e-07 -2.92525201e-11 -3.37006516e-11\n   3.46552024e-13]\n [ 4.17144324e-14  2.32279458e-07  5.20185368e-07  1.93439365e-06\n  -8.12646599e-07 -3.12183472e-07 -7.23897407e-12 -4.04199252e-14\n   6.05656449e-14 -4.75154524e-09  9.66190656e-09 -7.47025649e-08\n  -4.81641215e-08 -3.27822603e-05 -3.50733587e-07 -2.19864605e-07\n  -4.77859697e-07  2.95679752e-07  1.64537493e-08 -5.95011013e-05\n   4.67700523e-07  1.55636999e-08  4.68452205e-07  2.41106293e-07\n  -2.01641115e-04  1.44771915e-06  2.31014168e-08  1.26436459e-09\n   9.42493855e-05 -1.55911326e-07 -1.84704622e-07  3.86071531e-05\n   8.96497002e-08 -9.74977215e-08 -1.88613021e-12 -2.67985874e-12\n  -1.60599493e-14]\n [-5.72608303e-14  1.38643177e-07  7.75320389e-08 -1.04836698e-06\n  -3.19102816e-07 -5.06641515e-07  3.09915808e-12 -2.41836423e-14\n   3.16349680e-14 -3.11441886e-08 -3.11877688e-07 -1.68710306e-08\n  -8.39667452e-08 -1.77162007e-05 -3.33282803e-08 -1.10260109e-07\n   1.62514734e-07  1.31986440e-07  8.44893058e-08 -1.09044055e-05\n   3.03701989e-07 -1.93301800e-08  2.41106293e-07  3.42177547e-07\n   1.36032258e-04  1.48828671e-07 -3.49547906e-07  2.30462494e-08\n   3.89561643e-05  5.54855084e-08 -8.71095969e-08  6.37509356e-05\n   5.13168029e-08 -1.25982355e-07  1.07103586e-14  6.28214293e-13\n  -1.24406764e-14]\n [-8.21360140e-11 -1.68163415e-04 -8.52643896e-04 -4.97665735e-03\n   5.53291827e-04 -2.20177200e-04  4.35092998e-09  4.39966197e-11\n  -1.29433191e-11 -9.49782436e-05 -5.97664112e-04  5.06122777e-05\n  -1.93623043e-05  1.55162382e-02 -9.94332090e-05 -3.41797854e-04\n   1.15720953e-03 -1.99511726e-04  1.05120747e-04  9.08980531e-02\n  -2.57539926e-04 -3.45974185e-04 -2.01641115e-04  1.36032258e-04\n   5.61530869e-01 -2.07649939e-03 -7.45848329e-04  2.84471436e-05\n  -5.92034301e-02  3.28453741e-04  5.10190118e-05  2.82232489e-02\n   2.61976557e-05 -5.85610371e-05  1.50975658e-09  2.44928051e-09\n  -1.42424177e-11]\n [ 3.14027344e-13  1.90219952e-07  2.61655243e-06  1.89859339e-05\n  -3.00565847e-06 -2.33782146e-07 -1.60950838e-11 -1.23556783e-13\n   3.04072726e-13 -2.73937394e-07  1.68059848e-06 -5.49707385e-07\n  -1.43149978e-07 -9.94332191e-05 -1.06938584e-05 -1.73275130e-06\n  -3.72118642e-06  1.06215372e-06 -2.36985156e-07 -2.57539892e-04\n   1.97966454e-06  3.11274381e-06  1.44771915e-06  1.48828671e-07\n  -2.07649939e-03  1.42619059e-05  4.29935480e-06 -3.72106214e-08\n   3.28453721e-04 -1.34655883e-06 -8.18372141e-07  2.61976712e-05\n   5.28304477e-07 -4.00265081e-08 -7.20049660e-12 -2.16493018e-11\n   1.39551973e-13]\n [-5.07254614e-14  3.01101464e-06  3.40984708e-06  6.83314908e-06\n  -5.38713015e-07  4.63082942e-07  2.16135721e-12  5.23934230e-14\n   1.76716188e-13 -7.03380950e-07  4.45034070e-08 -2.05639175e-07\n  -4.53017965e-08 -3.41797838e-04 -1.73275193e-06  2.91258885e-06\n  -1.98333193e-06  1.69353454e-07 -2.33761367e-07 -3.45974151e-04\n   3.11274368e-06  3.60610934e-06  2.31014168e-08 -3.49547906e-07\n  -7.45848329e-04  4.29935480e-06  4.56566244e-06 -3.70138015e-08\n   5.10189981e-05 -8.18372215e-07  1.18940418e-07 -5.85610393e-05\n  -4.00265270e-08  4.37271529e-07 -2.05513173e-11 -1.34856747e-11\n   2.11336326e-13]\n [-6.73044417e-15  1.67286233e-08 -3.99126526e-08 -2.43200326e-07\n   1.38743297e-08 -3.59773630e-08  5.67882632e-13  1.09569582e-15\n   2.44596833e-15 -8.15681093e-09 -4.28743250e-08  8.86778165e-10\n  -5.94845827e-09 -1.83372836e-06 -2.76150614e-09  1.69719757e-08\n   5.98907856e-08 -3.67996967e-09  8.53446659e-09  4.56686594e-06\n   1.43996979e-08  1.49024521e-08  1.26436459e-09  2.30462494e-08\n   2.84471436e-05 -3.72106214e-08 -3.70138015e-08  2.79391987e-09\n  -1.30592971e-06  2.39617879e-08 -1.02623228e-09  4.57892032e-06\n   9.11730049e-09 -7.66964195e-09  1.26448549e-13  2.34957926e-14\n   2.80812236e-16]\n [ 9.37716725e-12  3.49956559e-05  1.55501159e-04  5.53291750e-04\n  -1.78485356e-04 -4.93876628e-05 -1.54840163e-09 -9.21490364e-12\n   9.95800072e-12  1.61695542e-06  2.85611519e-05 -1.65043420e-05\n  -8.54088836e-06 -5.65058843e-03 -1.13641773e-04 -7.24844140e-05\n  -1.45065578e-04  6.44779401e-05 -1.34358190e-06 -1.77091516e-02\n   1.01697028e-04  2.62807830e-06  9.42493855e-05  3.89561643e-05\n  -5.92034301e-02  3.28453721e-04  5.10189981e-05 -1.30592971e-06\n   2.03874481e-02 -5.67443046e-05 -3.57332261e-05  6.01962932e-03\n   8.30703483e-06 -1.53334911e-05 -5.88892700e-10 -4.10583647e-10\n  -2.61104558e-12]\n [-3.15109781e-14  1.42954914e-06 -8.19158274e-07 -3.00565860e-06\n   5.52970163e-07 -5.23523426e-08  2.89503603e-12  4.82217086e-14\n   2.21005541e-14 -2.64318272e-08 -6.25716189e-07  1.05051765e-07\n   2.62288399e-09 -1.13641785e-04  4.82328174e-06  2.96251474e-06\n   8.94008378e-07 -1.68436261e-07  5.03110893e-08  1.01697035e-04\n   5.03051569e-07  5.26282529e-07 -1.55911326e-07  5.54855084e-08\n   3.28453741e-04 -1.34655883e-06 -8.18372215e-07  2.39617879e-08\n  -5.67443046e-05  7.66409264e-07  2.26956234e-07  8.30703789e-06\n   2.71703430e-07  4.11010297e-08  2.63192652e-12 -1.53759260e-12\n   1.29507812e-14]\n [-6.98515604e-14  9.07431095e-07  3.98414062e-08 -5.38713015e-07\n   3.15460730e-07  1.25135067e-07  4.54037560e-12  2.39287898e-14\n  -3.37496510e-14 -6.24381895e-09 -1.64571891e-07  7.03222354e-08\n   1.16488153e-08 -7.24844082e-05  2.96251438e-06  1.76247042e-06\n   8.76310066e-08 -8.97607694e-08 -2.18411183e-08  2.62808266e-06\n   5.26282463e-07  3.47053662e-07 -1.84704622e-07 -8.71095969e-08\n   5.10190118e-05 -8.18372141e-07  1.18940418e-07 -1.02623228e-09\n  -3.57332261e-05  2.26956234e-07  2.38755871e-07 -1.53334921e-05\n   4.11010227e-08  1.20628706e-07 -8.97654346e-13  1.97841836e-12\n   2.15744326e-14]\n [-1.35282005e-11  5.70479075e-06  5.64698664e-06 -2.20177207e-04\n  -4.93876647e-05 -9.65024972e-05  9.15468608e-10 -4.53654233e-12\n   4.61979547e-12 -6.24913118e-06 -5.62189072e-05 -2.94630393e-06\n  -1.64068474e-05 -1.46970409e-03 -6.48081441e-05 -4.92789963e-05\n   3.62641227e-05  2.11732500e-05  1.63125593e-05 -1.05503674e-03\n   4.54510513e-05 -4.91214676e-06  3.86071531e-05  6.37509356e-05\n   2.82232489e-02  2.61976712e-05 -5.85610393e-05  4.57892032e-06\n   6.01962932e-03  8.30703789e-06 -1.53334921e-05  1.21429988e-02\n   6.81778438e-06 -2.32550522e-05  6.84011687e-11  2.10309422e-10\n  -1.94552887e-12]\n [ 7.36413508e-15  6.78712163e-07 -3.38175323e-07 -2.33782229e-07\n  -5.23523339e-08 -5.45161719e-08 -3.27873722e-12  2.88663859e-14\n   2.80143486e-14 -6.35354000e-08 -2.28599648e-07 -8.61711876e-09\n  -5.63571101e-09 -6.48081372e-05  1.06731611e-06  9.74673570e-07\n   2.61128635e-07  3.11264954e-08  1.30516361e-08  4.54510437e-05\n   5.26154709e-07  3.60013355e-07  8.96497002e-08  5.13168029e-08\n   2.61976557e-05  5.28304477e-07 -4.00265270e-08  9.11730049e-09\n   8.30703483e-06  2.71703430e-07  4.11010227e-08  6.81778438e-06\n   2.41754585e-07  2.10722798e-08 -7.55165554e-14 -1.59410822e-12\n   1.17477648e-14]\n [-5.12966087e-14  5.27478471e-07  9.56804510e-08  4.63082962e-07\n   1.25135074e-07  1.85078049e-07  1.69377233e-12  1.40094710e-14\n  -1.25719445e-14 -5.01646990e-08 -1.70873149e-08  1.42129504e-08\n   2.38588311e-08 -4.92789932e-05  9.74673622e-07  7.99026795e-07\n  -9.57630188e-08 -3.71150053e-08 -4.54448780e-08 -4.91214587e-06\n   3.60013384e-07  2.76250734e-07 -9.74977215e-08 -1.25982355e-07\n  -5.85610371e-05 -4.00265081e-08  4.37271529e-07 -7.66964195e-09\n  -1.53334911e-05  4.11010297e-08  1.20628706e-07 -2.32550522e-05\n   2.10722798e-08  1.27375609e-07 -1.08277929e-12 -5.32096306e-13\n   2.07031462e-14]\n [-1.65601899e-18 -3.66469415e-11 -3.27219760e-11 -1.54145498e-11\n   4.95439948e-12 -6.33879390e-13  1.39230646e-16 -7.53047321e-19\n  -2.26781525e-18  5.38044069e-12  7.03724436e-12  8.02948047e-13\n   6.43468149e-13  3.72911073e-09 -3.88964613e-11 -4.64131719e-11\n   1.02699990e-11 -1.41399848e-12  6.71242962e-13  3.46464420e-09\n  -2.94630082e-11 -2.92525201e-11 -1.88613021e-12  1.07103586e-14\n   1.50975658e-09 -7.20049660e-12 -2.05513173e-11  1.26448549e-13\n  -5.88892700e-10  2.63192652e-12 -8.97654346e-13  6.84011687e-11\n  -7.55165554e-14 -1.08277929e-12  2.18130784e-16  1.16444405e-16\n  -1.35090185e-18]\n [-2.99139900e-18 -3.50981015e-11 -2.17880650e-11 -2.35755961e-11\n   3.03026383e-12 -2.00559377e-12  1.44966785e-16 -3.52888193e-19\n  -3.74937081e-18  5.20768648e-12  6.41800930e-12  1.13577883e-12\n   1.45541344e-13  3.58175956e-09 -3.34478334e-11 -5.20758969e-11\n   7.21048385e-12 -4.75046564e-13  8.52385407e-13  2.20188774e-09\n  -1.85665808e-11 -3.37006516e-11 -2.67985874e-12  6.28214293e-13\n   2.44928051e-09 -2.16493018e-11 -1.34856747e-11  2.34957926e-14\n  -4.10583647e-10 -1.53759260e-12  1.97841836e-12  2.10309422e-10\n  -1.59410822e-12 -5.32096306e-13  1.16444405e-16  2.76221418e-16\n  -1.32507059e-18]\n [ 6.49843478e-21  3.56274926e-13  2.16709261e-13  1.38766834e-13\n   2.31854708e-14  1.76050793e-14  3.28815252e-19  7.82330125e-21\n   2.05820785e-20 -5.09719903e-14 -6.18739744e-14 -3.27183448e-15\n  -5.84255153e-15 -3.51094440e-11  3.90916474e-13  5.44078596e-13\n  -6.09588202e-14 -9.24316619e-15 -8.26942315e-15 -2.11111396e-11\n   2.48349515e-13  3.46552024e-13 -1.60599493e-14 -1.24406764e-14\n  -1.42424177e-11  1.39551973e-13  2.11336326e-13  2.80812236e-16\n  -2.61104558e-12  1.29507812e-14  2.15744326e-14 -1.94552887e-12\n   1.17477648e-14  2.07031462e-14 -1.35090185e-18 -1.32507059e-18\n   1.70951557e-20]]', 'hess_sum': '[[ 7.75187847e-12 -5.32063312e-13  1.27203838e-12  1.27470554e-12\n  -7.47728176e-13  1.38243338e-13  1.49204937e-10 -1.52650779e-12\n  -4.82986161e-12  4.27924586e-13  8.10403429e-13 -9.44273992e-14\n  -1.68885656e-13 -1.52114153e-10 -1.75271022e-12 -1.87567344e-12\n   1.31549226e-12  2.35184699e-14 -1.13699656e-13 -9.85944234e-11\n  -2.09199586e-12  1.19850043e-12  3.29135892e-13 -9.09643465e-14\n  -2.77892128e-10  5.34405659e-12  1.23363992e-12  1.94860154e-14\n   2.11999997e-11 -1.65472725e-14  1.64011473e-13  1.62979483e-11\n  -4.69684738e-13 -5.68836997e-14 -2.93120853e-10 -2.34541442e-10\n   1.00511766e-11]\n [-5.32063312e-13 -1.43207519e-05 -1.04618951e-06 -2.32785405e-06\n   5.17143905e-07 -2.68263887e-07 -7.50277982e-11 -4.76509811e-13\n  -2.05423815e-12  2.32713598e-06  1.19272141e-06  3.74454949e-08\n  -1.43282756e-07  1.51130564e-03 -1.64033225e-05 -1.17453014e-05\n   1.46917550e-06 -3.59528356e-07 -2.56454227e-07  1.47595884e-04\n   9.87967136e-08  1.41048560e-06 -3.44329961e-08 -1.07764066e-07\n   2.80907455e-04  3.41595302e-07 -9.05268092e-07  2.13200326e-08\n  -7.06072185e-05 -6.39642261e-08 -3.94423178e-07  3.09448179e-05\n  -3.21063645e-07 -4.06742115e-07  1.77938432e-10 -5.35236684e-11\n  -3.26978797e-12]\n [ 1.27203838e-12 -1.04618951e-06 -2.17848275e-05 -5.87856032e-06\n   4.50213859e-07  1.34446827e-07 -1.00733588e-10 -6.75221583e-13\n   1.39784833e-12 -1.05421732e-06  3.24345646e-07 -1.38567470e-07\n  -3.22576139e-07  1.47595904e-04  9.87965423e-08  1.41048528e-06\n   3.64760007e-06  3.97995828e-07 -4.63198760e-07  2.44967626e-03\n  -7.62561461e-06 -1.00768150e-05 -5.48537383e-07  2.98024396e-07\n   6.60639053e-04 -2.17728382e-08 -6.78742201e-07  3.56299232e-08\n  -7.02485742e-05 -6.70877123e-07 -4.49519486e-07 -4.62430016e-06\n   3.33447469e-07 -2.33855753e-07 -3.16303114e-10 -7.04236093e-11\n  -4.97525824e-13]\n [ 1.27470554e-12 -2.32785405e-06 -5.87856032e-06 -2.86534220e-05\n   2.17796374e-08 -7.27901345e-07 -1.18628219e-09  1.84164300e-12\n   1.57873890e-12  2.05966869e-07 -2.13775857e-06  3.97753512e-07\n  -4.54042816e-07  2.80907570e-04  3.41596167e-07 -9.05268311e-07\n   7.63309952e-06  2.75706491e-07  9.42927148e-09  6.60639124e-04\n  -2.17716581e-08 -6.78742187e-07  7.51548390e-07  4.64272940e-07\n   3.34062914e-03 -1.11893317e-05 -6.31003847e-06  9.00314703e-08\n   8.92195688e-06 -7.70195391e-08  5.14944889e-07  1.00217138e-04\n   3.90352531e-07  2.95355641e-07 -4.22891972e-11  2.27695562e-11\n  -2.72595583e-12]\n [-7.47728176e-13  5.17143905e-07  4.50213859e-07  2.17796374e-08\n  -1.99050098e-06 -4.18324936e-08  3.19482637e-11  3.28180331e-13\n   5.67750877e-15 -3.46725350e-07 -1.17193089e-07 -2.71574196e-07\n  -1.36611131e-09 -7.06072127e-05 -6.39643436e-08 -3.94423283e-07\n  -5.95472762e-07  5.49880852e-07  3.29318456e-08 -7.02485769e-05\n  -6.70877151e-07 -4.49519349e-07  8.34645501e-07  7.11728253e-08\n   8.92196510e-06 -7.70197291e-08  5.14944885e-07 -3.30853849e-08\n   2.35122117e-04 -8.12356856e-07 -6.70758190e-07  3.21880874e-06\n  -1.66540836e-07 -7.18786444e-08 -1.51923417e-11 -5.67890718e-12\n   2.54316862e-13]\n [ 1.38243338e-13 -2.68263887e-07  1.34446827e-07 -7.27901345e-07\n  -4.18324936e-08 -1.49193088e-06  2.07316026e-11 -2.89822574e-13\n   6.23179545e-15 -2.78448364e-07 -1.21496800e-07 -1.62609472e-09\n  -2.06403954e-07  3.09448228e-05 -3.21063581e-07 -4.06742149e-07\n   6.10411513e-07  3.74703828e-08  3.03058092e-07 -4.62431866e-06\n   3.33447429e-07 -2.33855782e-07  7.64710240e-08  6.38562171e-07\n   1.00217152e-04  3.90352334e-07  2.95355783e-07  9.70000555e-08\n   3.21880456e-06 -1.66540834e-07 -7.18786466e-08  1.80809307e-04\n  -1.85632968e-07 -3.95934029e-07  2.39863028e-11 -6.20732537e-12\n   3.70680697e-14]\n [ 1.49204937e-10 -7.50277982e-11 -1.00733588e-10 -1.18628219e-09\n   3.19482637e-11  2.07316026e-11 -1.34466416e-07  1.93748920e-10\n  -1.37045792e-09  1.38848206e-11 -1.17415052e-10 -2.22203116e-13\n   8.02200616e-12 -2.04171599e-08 -8.90119464e-11  7.43864933e-11\n   1.93746824e-10 -9.24524189e-13 -4.53486785e-13  4.28971330e-08\n  -6.12630258e-11 -9.69138720e-11  6.20743025e-12 -4.95857447e-12\n   1.19305369e-07 -3.27887940e-10 -2.56259977e-10  1.15209447e-12\n   3.03058341e-09  5.31315687e-12  1.14923029e-11  6.27231305e-10\n  -7.75885195e-12 -4.44810983e-12 -1.57247416e-07  1.18058052e-07\n  -1.53429243e-09]\n [-1.52650779e-12 -4.76509811e-13 -6.75221583e-13  1.84164300e-12\n   3.28180331e-13 -2.89822574e-13  1.93748920e-10  5.02557779e-12\n   5.32235935e-12  1.55004881e-13 -1.12625972e-12  6.77892614e-15\n   1.73140685e-14 -1.28629677e-10  2.29874535e-12 -3.14393263e-12\n  -1.64725506e-12  3.27323457e-14 -3.67107543e-14 -7.62700365e-11\n  -2.53904317e-13  2.68583810e-13  2.71585734e-14  1.46331096e-14\n  -4.57263058e-10  3.29804255e-12 -1.14490227e-12 -1.08717969e-14\n   2.01966283e-12  1.57391702e-13 -3.60382044e-13 -1.47499507e-11\n  -2.67233937e-13 -1.09513534e-13 -8.48797140e-10  3.15670101e-10\n   2.15246454e-11]\n [-4.82986161e-12 -2.05423815e-12  1.39784833e-12  1.57873890e-12\n   5.67750877e-15  6.23179545e-15 -1.37045792e-09  5.32235935e-12\n   2.27433032e-12 -1.23196596e-14  2.64238742e-13 -6.96582019e-14\n   3.26202130e-14  3.81312294e-11 -2.00519562e-12 -1.72180532e-12\n  -5.45833060e-14  2.68154975e-14  3.99767457e-14 -8.54163071e-11\n   3.36128221e-13  6.65493218e-14 -1.06206427e-13 -2.75264174e-14\n  -3.50102725e-10 -1.28965538e-12 -1.87176692e-12  4.26845195e-15\n  -4.84297307e-12  4.01462645e-13 -6.49284987e-14 -2.21210490e-11\n  -1.12928719e-13  9.71711639e-14  2.71215330e-10 -3.90643001e-10\n  -8.27147900e-12]\n [ 4.27924586e-13  2.32713598e-06 -1.05421732e-06  2.05966869e-07\n  -3.46725350e-07 -2.78448364e-07  1.38848206e-11  1.55004881e-13\n  -1.23196596e-14 -1.48204130e-06 -1.27050620e-07 -1.09702986e-07\n   2.81216949e-08 -2.68079775e-04  1.42748091e-06  5.05897249e-07\n  -3.74137358e-07  1.84532569e-07  8.85480539e-08  1.09146593e-04\n  -6.26268478e-07 -1.14550614e-06 -7.96661664e-08  1.23833689e-07\n  -2.50900231e-05 -4.38180095e-07  3.30855315e-07  1.34788887e-08\n   4.01296179e-05 -1.91885820e-07 -7.62904585e-08  3.15186213e-05\n  -5.99578746e-08 -9.96954403e-08 -3.19923925e-11 -3.29367924e-11\n   1.18187892e-13]\n [ 8.10403429e-13  1.19272141e-06  3.24345646e-07 -2.13775857e-06\n  -1.17193089e-07 -1.21496800e-07 -1.17415052e-10 -1.12625972e-12\n   2.64238742e-13 -1.27050620e-07 -1.29339991e-06  6.05450384e-08\n   4.01881266e-08 -1.27487934e-04  1.54448388e-06  1.64429875e-06\n   7.26592167e-07  3.24879170e-08  3.56702095e-08 -4.52752585e-05\n   2.07331820e-07 -7.08550115e-08  1.92006013e-07  8.17839759e-09\n   2.59736797e-04 -5.72566353e-08 -7.46770582e-07  5.71361511e-09\n   1.73898321e-05  4.21776839e-08  7.74583888e-08  1.41845008e-05\n   2.08305792e-08  6.40754765e-08  4.05883823e-11  2.14222817e-11\n  -1.93609086e-14]\n [-9.44273992e-14  3.74454949e-08 -1.38567470e-07  3.97753512e-07\n  -2.71574196e-07 -1.62609472e-09 -2.22203116e-13  6.77892614e-15\n  -6.96582019e-14 -1.09702986e-07  6.05450384e-08 -1.28349132e-07\n   2.80605335e-09 -1.10865453e-05 -5.56992940e-07 -2.75845729e-07\n  -2.16569301e-07  5.17107281e-08  1.21872653e-08  1.38995535e-05\n  -1.12059147e-07 -1.04520054e-07  7.47873069e-08  7.01761763e-09\n  -4.72153753e-05  1.57053393e-07  7.41523429e-08 -4.39978480e-09\n   3.12456308e-05 -1.13147776e-07 -1.82496605e-07 -8.17783293e-07\n  -3.30248592e-08 -4.17517464e-08 -3.85665566e-12  5.16515619e-12\n  -7.39163849e-14]\n [-1.68885656e-13 -1.43282756e-07 -3.22576139e-07 -4.54042816e-07\n  -1.36611131e-09 -2.06403954e-07  8.02200616e-12  1.73140685e-14\n   3.26202130e-14  2.81216949e-08  4.01881266e-08  2.80605335e-09\n  -8.01315571e-08  2.00198288e-05  4.76146316e-08  5.15953659e-08\n   1.95979298e-07  1.13312998e-08  3.65577016e-08  3.71774670e-05\n  -8.35122700e-08 -1.61190253e-07  2.28500092e-08  7.45299321e-08\n   5.48026218e-05 -9.86015687e-08 -1.62943725e-08  1.67850894e-08\n  -6.86467403e-07 -3.08590339e-08 -3.35026282e-08  2.55276780e-05\n  -2.36845680e-08 -6.33207262e-08  2.63660888e-12  8.24967466e-13\n  -2.92165981e-14]\n [-1.52114153e-10  1.51130564e-03  1.47595904e-04  2.80907570e-04\n  -7.06072127e-05  3.09448228e-05 -2.04171599e-08 -1.28629677e-10\n   3.81312294e-11 -2.68079775e-04 -1.27487934e-04 -1.10865453e-05\n   2.00198288e-05 -1.63152102e-01  1.46411906e-03  1.07585336e-03\n  -1.75745837e-04  4.40715180e-05  2.78129316e-05 -1.97568463e-02\n   3.59079092e-05 -1.22066219e-04  6.28548496e-06  1.10050792e-05\n  -3.38327308e-02 -1.21414831e-05  1.24752789e-04 -2.96982090e-06\n   9.41682194e-03  3.16708344e-06  3.74187572e-05 -3.73465386e-03\n   2.75321066e-05  3.80561365e-05  1.00150428e-08  5.87942292e-09\n   1.93893803e-10]\n [-1.75271022e-12 -1.64033225e-05  9.87965423e-08  3.41596167e-07\n  -6.39643436e-08 -3.21063581e-07 -8.90119464e-11  2.29874535e-12\n  -2.00519562e-12  1.42748091e-06  1.54448388e-06 -5.56992940e-07\n   4.76146316e-08  1.46411906e-03 -4.26030477e-05 -2.50904587e-05\n   3.01299685e-07 -6.55798408e-08 -6.99780717e-08  3.59078952e-05\n   3.49498587e-06  3.10372162e-06  7.46090221e-08 -5.91703851e-08\n  -1.21415536e-05  3.93737450e-06  1.09820017e-06 -7.16773677e-10\n   3.16708786e-06  1.70047318e-07 -4.65452687e-07  2.75321075e-05\n  -9.59223654e-07 -7.43676053e-07  4.75304424e-11 -1.30432487e-10\n  -3.48600806e-12]\n [-1.87567344e-12 -1.17453014e-05  1.41048528e-06 -9.05268311e-07\n  -3.94423283e-07 -4.06742149e-07  7.43864933e-11 -3.14393263e-12\n  -1.72180532e-12  5.05897249e-07  1.64429875e-06 -2.75845729e-07\n   5.15953659e-08  1.07585336e-03 -2.50904587e-05 -1.96189796e-05\n   5.06078964e-07  1.01005896e-08 -7.17885904e-08 -1.22066195e-04\n   3.10372152e-06  2.54229860e-06  6.88778521e-08  4.39033362e-08\n   1.24752760e-04  1.09820023e-06  3.92586851e-07  3.95645994e-10\n   3.74187632e-05 -4.65452827e-07 -5.87712521e-07  3.80561441e-05\n  -7.43676153e-07 -6.61101012e-07  2.49521690e-11  4.77438853e-10\n   2.08775527e-12]\n [ 1.31549226e-12  1.46917550e-06  3.64760007e-06  7.63309952e-06\n  -5.95472762e-07  6.10411513e-07  1.93746824e-10 -1.64725506e-12\n  -5.45833060e-14 -3.74137358e-07  7.26592167e-07 -2.16569301e-07\n   1.95979298e-07 -1.75745837e-04  3.01299685e-07  5.06078964e-07\n  -4.00358709e-06 -5.68039684e-09  2.23704968e-08 -4.40488982e-04\n  -1.28091476e-06  8.86738478e-07 -4.85404757e-09 -1.37751247e-07\n  -9.06036330e-04  1.54720307e-06  1.05772914e-06 -6.68083497e-08\n   7.23678706e-05  2.49916433e-07 -1.08695950e-07 -7.54831613e-05\n   1.38898888e-07  6.74682308e-08  2.42431806e-10  2.20497502e-10\n  -1.82134103e-13]\n [ 2.35184699e-14 -3.59528356e-07  3.97995828e-07  2.75706491e-07\n   5.49880852e-07  3.74703828e-08 -9.24524189e-13  3.27323457e-14\n   2.68154975e-14  1.84532569e-07  3.24879170e-08  5.17107281e-08\n   1.13312998e-08  4.40715180e-05 -6.55798408e-08  1.01005896e-08\n  -5.68039684e-09 -2.45823965e-07  7.45477355e-09 -4.09763783e-05\n   1.84941267e-07  4.00594837e-07 -2.87594066e-07 -6.27478450e-08\n  -3.55660578e-05  1.80443601e-07 -1.04081433e-07  7.81323889e-09\n  -6.65779201e-05  1.48219371e-07  1.11155158e-07 -4.98557367e-06\n   1.33532390e-08  1.14314582e-08 -2.69892886e-12 -1.33923398e-13\n  -2.82748014e-14]\n [-1.13699656e-13 -2.56454227e-07 -4.63198760e-07  9.42927148e-09\n   3.29318456e-08  3.03058092e-07 -4.53486785e-13 -3.67107543e-14\n   3.99767457e-14  8.85480539e-08  3.56702095e-08  1.21872653e-08\n   3.65577016e-08  2.78129316e-05 -6.99780717e-08 -7.17885904e-08\n   2.23704968e-08  7.45477355e-09 -1.57618393e-07  5.72864731e-05\n   1.25726306e-07  2.85397119e-07 -2.94657738e-08 -1.23307580e-07\n   1.06857473e-07  1.95570521e-07  4.31820477e-09 -1.94576089e-08\n  -4.21908304e-06  1.52375474e-08  1.95672683e-08 -3.61501682e-05\n   8.10342858e-08  8.06926039e-08  3.73092976e-12 -4.48545505e-12\n   3.36308841e-15]\n [-9.85944234e-11  1.47595884e-04  2.44967626e-03  6.60639124e-04\n  -7.02485769e-05 -4.62431866e-06  4.28971330e-08 -7.62700365e-11\n  -8.54163071e-11  1.09146593e-04 -4.52752585e-05  1.38995535e-05\n   3.71774670e-05 -1.97568463e-02  3.59078952e-05 -1.22066195e-04\n  -4.40488982e-04 -4.09763783e-05  5.72864731e-05 -2.78242075e-01\n   6.91572222e-04  1.00018927e-03  6.89481758e-05 -3.61445357e-05\n  -7.44206373e-02 -1.67480083e-05  5.25093372e-05 -4.97068000e-06\n   1.01636355e-02  6.40783093e-05  3.97968597e-05 -8.94094904e-04\n  -4.30672089e-05  2.29529961e-05  3.76375332e-08 -6.66958980e-09\n   1.13457534e-10]\n [-2.09199586e-12  9.87967136e-08 -7.62561461e-06 -2.17716581e-08\n  -6.70877151e-07  3.33447429e-07 -6.12630258e-11 -2.53904317e-13\n   3.36128221e-13 -6.26268478e-07  2.07331820e-07 -1.12059147e-07\n  -8.35122700e-08  3.59079092e-05  3.49498587e-06  3.10372152e-06\n  -1.28091476e-06  1.84941267e-07  1.25726306e-07  6.91572222e-04\n  -1.88488465e-05 -1.23547641e-05  7.24467489e-08  8.43042288e-08\n  -1.67480327e-05 -1.95691248e-06 -1.26352051e-06 -2.17694236e-08\n   6.40783093e-05 -6.34488241e-07 -9.05955177e-07 -4.30672111e-05\n  -6.41163407e-07 -4.29849673e-07 -4.17057475e-10  1.30649153e-10\n  -1.15699934e-12]\n [ 1.19850043e-12  1.41048560e-06 -1.00768150e-05 -6.78742187e-07\n  -4.49519349e-07 -2.33855782e-07 -9.69138720e-11  2.68583810e-13\n   6.65493218e-14 -1.14550614e-06 -7.08550115e-08 -1.04520054e-07\n  -1.61190253e-07 -1.22066219e-04  3.10372162e-06  2.54229860e-06\n   8.86738478e-07  4.00594837e-07  2.85397119e-07  1.00018927e-03\n  -1.23547641e-05 -1.45048306e-05  2.60422692e-08  1.34109159e-07\n   5.25092536e-05 -1.26352038e-06 -6.53201226e-07  2.71873886e-08\n   3.97968554e-05 -9.05955138e-07 -6.68638675e-07  2.29530044e-05\n  -4.29849683e-07 -4.72592658e-07 -4.96039413e-11 -1.06846767e-11\n  -1.77700358e-13]\n [ 3.29135892e-13 -3.44329961e-08 -5.48537383e-07  7.51548390e-07\n   8.34645501e-07  7.64710240e-08  6.20743025e-12  2.71585734e-14\n  -1.06206427e-13 -7.96661664e-08  1.92006013e-07  7.47873069e-08\n   2.28500092e-08  6.28548496e-06  7.46090221e-08  6.88778521e-08\n  -4.85404757e-09 -2.87594066e-07 -2.94657738e-08  6.89481758e-05\n   7.24467489e-08  2.60422692e-08 -5.78605351e-07 -4.59966483e-08\n  -9.55538992e-05  7.96582153e-08  1.96715626e-07  1.22206202e-08\n  -1.02569199e-04  1.35774003e-07  2.28002873e-07 -9.12315120e-06\n   3.97903443e-08 -6.00401506e-11 -2.14165531e-11  1.22495862e-11\n   7.06607556e-14]\n [-9.09643465e-14 -1.07764066e-07  2.98024396e-07  4.64272940e-07\n   7.11728253e-08  6.38562171e-07 -4.95857447e-12  1.46331096e-14\n  -2.75264174e-14  1.23833689e-07  8.17839759e-09  7.01761763e-09\n   7.45299321e-08  1.10050792e-05 -5.91703851e-08  4.39033362e-08\n  -1.37751247e-07 -6.27478450e-08 -1.23307580e-07 -3.61445357e-05\n   8.43042288e-08  1.34109159e-07 -4.59966483e-08 -4.90333605e-07\n  -6.04107046e-05  3.10233760e-08  7.61200439e-08 -3.89369915e-08\n  -8.08087788e-06  6.00028934e-08 -1.22241809e-08 -8.07570151e-05\n  -6.86324442e-08  1.69957164e-07 -1.04532264e-11 -1.92183347e-12\n  -5.52185008e-14]\n [-2.77892128e-10  2.80907455e-04  6.60639053e-04  3.34062914e-03\n   8.92196510e-06  1.00217152e-04  1.19305369e-07 -4.57263058e-10\n  -3.50102725e-10 -2.50900231e-05  2.59736797e-04 -4.72153753e-05\n   5.48026218e-05 -3.38327308e-02 -1.21415536e-05  1.24752760e-04\n  -9.06036330e-04 -3.55660578e-05  1.06857473e-07 -7.44206373e-02\n  -1.67480327e-05  5.25092536e-05 -9.55538992e-05 -6.04107046e-05\n  -3.92268606e-01  1.16111938e-03  7.14669609e-04 -1.11593698e-05\n  -2.21907832e-03  2.39792785e-05 -5.37249098e-05 -1.33583349e-02\n  -2.56473648e-05 -2.55630148e-05  8.73987810e-08  1.70900262e-08\n   6.87787088e-11]\n [ 5.34405659e-12  3.41595302e-07 -2.17728382e-08 -1.11893317e-05\n  -7.70197291e-08  