{'theta_hat': '[ 0.00000000e+00  1.80494333e-03  1.95032814e-04 -3.42552388e-04\n  1.31130305e-04  2.93739417e-05  0.00000000e+00  0.00000000e+00\n  0.00000000e+00  1.24363726e-04 -3.10171635e-04  1.30229831e-04\n  9.82761376e-06 -1.36850407e-01  7.16844100e-03  3.74676183e-03\n -6.88234518e-06 -7.56072126e-06 -6.88113685e-06 -1.47873462e-02\n  7.74584577e-04  4.04855679e-04 -1.15891490e-05  2.31932288e-05\n  2.59722447e-02 -1.36046726e-03 -7.11081699e-04  7.10600958e-07\n -9.94227105e-03  5.20791965e-04  2.72204683e-04 -2.22712568e-03\n  1.16660368e-04  6.09754102e-05  0.00000000e+00  0.00000000e+00\n  0.00000000e+00]', 'theta_bar': '[ 1.41086769e-03  1.02902074e-03  4.44444514e-05 -2.54191907e-04\n  8.80912496e-05  1.53028746e-05 -1.06971687e-01  5.60334646e-03\n  2.92872696e-03  3.24156954e-05 -1.85395636e-04  6.42496248e-05\n  1.11611980e-05 -7.80201275e-02  4.08681781e-03  2.13607577e-03\n -8.00742587e-06  2.77500682e-06  4.82063515e-07 -3.36976856e-03\n  1.76513835e-04  9.22592829e-05 -1.58711412e-05 -2.75707387e-06\n  1.92727735e-02 -1.00953839e-03 -5.27660078e-04  9.55475364e-07\n -6.67905938e-03  3.49859731e-04  1.82862773e-04 -1.16026061e-03\n  6.07762903e-05  3.17662204e-05 -4.24844526e-01 -2.22055423e-01\n  1.16316151e-02]', 'grad_op_sum': '[[ 0.00000000e+00  0.00000000e+00  0.00000000e+00  0.00000000e+00\n   0.00000000e+00  0.00000000e+00  0.00000000e+00  0.00000000e+00\n   0.00000000e+00  0.00000000e+00  0.00000000e+00  0.00000000e+00\n   0.00000000e+00  0.00000000e+00  0.00000000e+00  0.00000000e+00\n   0.00000000e+00  0.00000000e+00  0.00000000e+00  0.00000000e+00\n   0.00000000e+00  0.00000000e+00  0.00000000e+00  0.00000000e+00\n   0.00000000e+00  0.00000000e+00  0.00000000e+00  0.00000000e+00\n   0.00000000e+00  0.00000000e+00  0.00000000e+00  0.00000000e+00\n   0.00000000e+00  0.00000000e+00  0.00000000e+00  0.00000000e+00\n   0.00000000e+00]\n [ 0.00000000e+00  4.29871980e-06  4.64497366e-07 -8.15835441e-07\n   3.12304785e-07  6.99580662e-08  0.00000000e+00  0.00000000e+00\n   0.00000000e+00  2.96189252e-07 -7.38716242e-07  3.10160183e-07\n   2.34058085e-08 -3.25927992e-04  1.70726243e-05  8.92342659e-06\n  -1.63912479e-08 -1.80068935e-08 -1.63883701e-08 -3.52180908e-05\n   1.84477929e-06  9.64219264e-07 -2.76011459e-08  5.52378518e-08\n   6.18564589e-05 -3.24013915e-06 -1.69353848e-06  1.69239353e-09\n  -2.36788806e-05  1.24033741e-06  6.48292744e-07 -5.30420491e-06\n   2.77842649e-07  1.45221293e-07  0.00000000e+00  0.00000000e+00\n   0.00000000e+00]\n [ 0.00000000e+00  4.64497366e-07  5.01911761e-08 -8.81549462e-08\n   3.37460352e-08  7.55930578e-09  0.00000000e+00  0.00000000e+00\n   0.00000000e+00  3.20046743e-08 -7.98218456e-08  3.35143006e-08\n   2.52911027e-09 -3.52180883e-05  1.84477923e-06  9.64219194e-07\n  -1.77115323e-09 -1.94573151e-09 -1.77084227e-09 -3.80548422e-06\n   1.99337281e-07  1.04188533e-07 -2.98243667e-09  5.96871576e-09\n   6.68388812e-06 -3.50112631e-07 -1.82994984e-07  1.82871267e-10\n  -2.55861702e-06  1.34024427e-07  7.00511514e-08 -5.73144871e-07\n   3.00222356e-08  1.56918597e-08  0.00000000e+00  0.00000000e+00\n   0.00000000e+00]\n [ 0.00000000e+00 -8.15835441e-07 -8.81549462e-08  1.54833880e-07\n  -5.92709745e-08 -1.32770388e-08  0.00000000e+00  0.00000000e+00\n   0.00000000e+00 -5.62124772e-08  1.40197761e-07 -5.88639597e-08\n  -4.44208718e-09  6.18564640e-05 -3.24013953e-06 -1.69353854e-06\n   3.11082405e-09  3.41745044e-09  3.11027789e-09  6.68388914e-06\n  -3.50112683e-07 -1.82995004e-07  5.23830212e-09 -1.04833530e-08\n  -1.17394698e-05  6.14931997e-07  3.21409345e-07 -3.21192049e-10\n   4.49391234e-06 -2.35398273e-07 -1.23036676e-07  1.00666211e-06\n  -5.27305549e-08 -2.75609211e-08  0.00000000e+00  0.00000000e+00\n   0.00000000e+00]\n [ 0.00000000e+00  3.12304785e-07  3.37460352e-08 -5.92709745e-08\n   2.26891454e-08  5.08249893e-09  0.00000000e+00  0.00000000e+00\n   0.00000000e+00  2.15183415e-08 -5.36682146e-08  2.25333386e-08\n   1.70044719e-09 -2.36788802e-05  1.24033724e-06  6.48292735e-07\n  -1.19083480e-09 -1.30821250e-09 -1.19062573e-09 -2.55861716e-06\n   1.34024413e-07  7.00511556e-08 -2.00524117e-09  4.01306579e-09\n   4.49391190e-06 -2.35398213e-07 -1.23036670e-07  1.22953489e-10\n  -1.72028605e-06  9.01113182e-08  4.70988888e-08 -3.85353930e-07\n   2.01854489e-08  1.05504212e-08  0.00000000e+00  0.00000000e+00\n   0.00000000e+00]\n [ 0.00000000e+00  6.99580662e-08  7.55930578e-09 -1.32770388e-08\n   5.08249893e-09  1.13850896e-09  0.00000000e+00  0.00000000e+00\n   0.00000000e+00  4.82023213e-09 -1.20219884e-08  5.04759733e-09\n   3.80909940e-10 -5.30420522e-06  2.77842668e-07  1.45221298e-07\n  -2.66753838e-10 -2.93047117e-10 -2.66707004e-10 -5.73144945e-07\n   3.00222385e-08  1.56918613e-08 -4.49185544e-10  8.98949796e-10\n   1.00666209e-06 -5.27305522e-08 -2.75609211e-08  2.75422880e-11\n  -3.85353959e-07  2.01854530e-08  1.05504217e-08 -8.63214946e-08\n   4.52165653e-09  2.36335497e-09  0.00000000e+00  0.00000000e+00\n   0.00000000e+00]\n [ 0.00000000e+00  0.00000000e+00  0.00000000e+00  0.00000000e+00\n   0.00000000e+00  0.00000000e+00  0.00000000e+00  0.00000000e+00\n   0.00000000e+00  0.00000000e+00  0.00000000e+00  0.00000000e+00\n   0.00000000e+00  0.00000000e+00  0.00000000e+00  0.00000000e+00\n   0.00000000e+00  0.00000000e+00  0.00000000e+00  0.00000000e+00\n   0.00000000e+00  0.00000000e+00  0.00000000e+00  0.00000000e+00\n   0.00000000e+00  0.00000000e+00  0.00000000e+00  0.00000000e+00\n   0.00000000e+00  0.00000000e+00  0.00000000e+00  0.00000000e+00\n   0.00000000e+00  0.00000000e+00  0.00000000e+00  0.00000000e+00\n   0.00000000e+00]\n [ 0.00000000e+00  0.00000000e+00  0.00000000e+00  0.00000000e+00\n   0.00000000e+00  0.00000000e+00  0.00000000e+00  0.00000000e+00\n   0.00000000e+00  0.00000000e+00  0.00000000e+00  0.00000000e+00\n   0.00000000e+00  0.00000000e+00  0.00000000e+00  0.00000000e+00\n   0.00000000e+00  0.00000000e+00  0.00000000e+00  0.00000000e+00\n   0.00000000e+00  0.00000000e+00  0.00000000e+00  0.00000000e+00\n   0.00000000e+00  0.00000000e+00  0.00000000e+00  0.00000000e+00\n   0.00000000e+00  0.00000000e+00  0.00000000e+00  0.00000000e+00\n   0.00000000e+00  0.00000000e+00  0.00000000e+00  0.00000000e+00\n   0.00000000e+00]\n [ 0.00000000e+00  0.00000000e+00  0.00000000e+00  0.00000000e+00\n   0.00000000e+00  0.00000000e+00  0.00000000e+00  0.00000000e+00\n   0.00000000e+00  0.00000000e+00  0.00000000e+00  0.00000000e+00\n   0.00000000e+00  0.00000000e+00  0.00000000e+00  0.00000000e+00\n   0.00000000e+00  0.00000000e+00  0.00000000e+00  0.00000000e+00\n   0.00000000e+00  0.00000000e+00  0.00000000e+00  0.00000000e+00\n   0.00000000e+00  0.00000000e+00  0.00000000e+00  0.00000000e+00\n   0.00000000e+00  0.00000000e+00  0.00000000e+00  0.00000000e+00\n   0.00000000e+00  0.00000000e+00  0.00000000e+00  0.00000000e+00\n   0.00000000e+00]\n [ 0.00000000e+00  2.96189252e-07  3.20046743e-08 -5.62124772e-08\n   2.15183415e-08  4.82023213e-09  0.00000000e+00  0.00000000e+00\n   0.00000000e+00  2.04079533e-08 -5.08988306e-08  2.13705747e-08\n   1.61270081e-09 -2.24570041e-05  1.17633343e-06  6.14839573e-07\n  -1.12938542e-09 -1.24070620e-09 -1.12918713e-09 -2.42658755e-06\n   1.27108493e-07  6.64363801e-08 -1.90176684e-09  3.80598382e-09\n   4.26201733e-06 -2.23251208e-07 -1.16687739e-07  1.16608850e-10\n  -1.63151595e-06  8.54613994e-08  4.46684947e-08 -3.65468920e-07\n   1.91438406e-08  1.00059990e-08  0.00000000e+00  0.00000000e+00\n   0.00000000e+00]\n [ 0.00000000e+00 -7.38716242e-07 -7.98218456e-08  1.40197761e-07\n  -5.36682146e-08 -1.20219884e-08  0.00000000e+00  0.00000000e+00\n   0.00000000e+00 -5.08988306e-08  1.26945163e-07 -5.32996741e-08\n  -4.02218607e-09  5.60093033e-05 -2.93385600e-06 -1.53345193e-06\n   2.81676444e-09  3.09440608e-09  2.81626990e-09  6.05207524e-06\n  -3.17017271e-07 -1.65696874e-07  4.74313650e-09 -9.49238382e-09\n  -1.06297626e-05  5.56803775e-07  2.91027199e-07 -2.90830444e-10\n   4.06911231e-06 -2.13146572e-07 -1.11406279e-07  9.11504470e-07\n  -4.77460470e-08 -2.49556456e-08  0.00000000e+00  0.00000000e+00\n   0.00000000e+00]\n [ 0.00000000e+00  3.10160183e-07  3.35143006e-08 -5.88639597e-08\n   2.25333386e-08  5.04759733e-09  0.00000000e+00  0.00000000e+00\n   0.00000000e+00  2.13705747e-08 -5.32996741e-08  2.23786018e-08\n   1.68877019e-09 -2.35162769e-05  1.23181982e-06  6.43840898e-07\n  -1.18265732e-09 -1.29922899e-09 -1.18244968e-09 -2.54104709e-06\n   1.33104065e-07  6.95701131e-08 -1.99147115e-09  3.98550800e-09\n   4.46305213e-06 -2.33781729e-07 -1.22191775e-07  1.22109165e-10\n  -1.70847281e-06  8.94925223e-08  4.67754599e-08 -3.82707698e-07\n   2.00468351e-08  1.04779713e-08  0.00000000e+00  0.00000000e+00\n   0.00000000e+00]\n [ 0.00000000e+00  2.34058085e-08  2.52911027e-09 -4.44208718e-09\n   1.70044719e-09  3.80909940e-10  0.00000000e+00  0.00000000e+00\n   0.00000000e+00  1.61270081e-09 -4.02218607e-09  1.68877019e-09\n   1.27440703e-10 -1.77462326e-06  9.29575766e-08  4.85865615e-08\n  -8.92475963e-11 -9.80445156e-11 -8.92319272e-11 -1.91756599e-07\n   1.00445139e-08  5.25001221e-09 -1.50283611e-10  3.00760841e-10\n   3.36798047e-07 -1.76420144e-08 -9.22103306e-09  9.21479900e-12\n  -1.28927534e-07  6.75342922e-09  3.52984528e-09 -2.88805063e-08\n   1.51280664e-09  7.90705589e-10  0.00000000e+00  0.00000000e+00\n   0.00000000e+00]\n [ 0.00000000e+00 -3.25927992e-04 -3.52180883e-05  6.18564640e-05\n  -2.36788802e-05 -5.30420522e-06  0.00000000e+00  0.00000000e+00\n   0.00000000e+00 -2.24570041e-05  5.60093033e-05 -2.35162769e-05\n  -1.77462326e-06  2.47117888e-02 -1.29444263e-03 -6.76572245e-04\n   1.24278082e-06  1.36527871e-06  1.24256262e-06  2.67022791e-03\n  -1.39870760e-04 -7.31068929e-05  2.09271282e-06 -4.18812179e-06\n  -4.68994313e-03  2.45666639e-04  1.28403716e-04 -1.28316906e-07\n   1.79532753e-03 -9.40421101e-05 -4.91534135e-05  4.02163651e-04\n  -2.10659687e-05 -1.10106465e-05  0.00000000e+00  0.00000000e+00\n   0.00000000e+00]\n [ 0.00000000e+00  1.70726243e-05  1.84477923e-06 -3.24013953e-06\n   1.24033724e-06  2.77842668e-07  0.00000000e+00  0.00000000e+00\n   0.00000000e+00  1.17633343e-06 -2.93385600e-06  1.23181982e-06\n   9.29575766e-08 -1.29444263e-03  6.78049545e-05  3.54399255e-05\n  -6.50988271e-08 -7.15154607e-08 -6.50873978e-08 -1.39870766e-04\n   7.32665191e-06  3.82945481e-06 -1.09619612e-07  2.19380451e-07\n   2.45666648e-04 -1.28684075e-05 -6.72598996e-06  6.72144272e-09\n  -9.40420987e-05  4.92607464e-06  2.57473363e-06 -2.10659689e-05\n   1.10346880e-06  5.76755101e-07  0.00000000e+00  0.00000000e+00\n   0.00000000e+00]\n [ 0.00000000e+00  8.92342659e-06  9.64219194e-07 -1.69353854e-06\n   6.48292735e-07  1.45221298e-07  0.00000000e+00  0.00000000e+00\n   0.00000000e+00  6.14839573e-07 -1.53345193e-06  6.43840898e-07\n   4.85865615e-08 -6.76572245e-04  3.54399255e-05  1.85235479e-05\n  -3.40255016e-08 -3.73793128e-08 -3.40195277e-08 -7.31068927e-05\n   3.82945465e-06  2.00155865e-06 -5.72953835e-08  1.14664583e-07\n   1.28403710e-04 -6.72598940e-06 -3.51550392e-06  3.51312719e-09\n  -4.91534136e-05  2.57473395e-06  1.34574780e-06 -1.10106463e-05\n   5.76755080e-07  3.01455225e-07  0.00000000e+00  0.00000000e+00\n   0.00000000e+00]\n [ 0.00000000e+00 -1.63912479e-08 -1.77115323e-09  3.11082405e-09\n  -1.19083480e-09 -2.66753838e-10  0.00000000e+00  0.00000000e+00\n   0.00000000e+00 -1.12938542e-09  2.81676444e-09 -1.18265732e-09\n  -8.92475963e-11  1.24278082e-06 -6.50988271e-08 -3.40255016e-08\n   6.25007026e-11  6.86612453e-11  6.24897294e-11  1.34288459e-07\n  -7.03424182e-09 -3.67661949e-09  1.05244642e-10 -2.10624875e-10\n  -2.35861977e-07  1.23548234e-08  6.45755256e-09 -6.45318681e-12\n   9.02888347e-08 -4.72947271e-09 -2.47197481e-09  2.02252162e-08\n  -1.05942884e-09 -5.53736536e-10  0.00000000e+00  0.00000000e+00\n   0.00000000e+00]\n [ 0.00000000e+00 -1.80068935e-08 -1.94573151e-09  3.41745044e-09\n  -1.30821250e-09 -2.93047117e-10  0.00000000e+00  0.00000000e+00\n   0.00000000e+00 -1.24070620e-09  3.09440608e-09 -1.29922899e-09\n  -9.80445156e-11  1.36527871e-06 -7.15154607e-08 -3.73793128e-08\n   6.86612453e-11  7.54290179e-11  6.86491905e-11  1.47524946e-07\n  -7.72758998e-09 -4.03901496e-09  1.15618351e-10 -2.31385659e-10\n  -2.59110321e-07  1.35726084e-08  7.09405787e-09 -7.08926179e-12\n   9.91883862e-08 -5.19564537e-09 -2.71563138e-09  2.22187668e-08\n  -1.16385418e-09 -6.08317004e-10  0.00000000e+00  0.00000000e+00\n   0.00000000e+00]\n [ 0.00000000e+00 -1.63883701e-08 -1.77084227e-09  3.11027789e-09\n  -1.19062573e-09 -2.66707004e-10  0.00000000e+00  0.00000000e+00\n   0.00000000e+00 -1.12918713e-09  2.81626990e-09 -1.18244968e-09\n  -8.92319272e-11  1.24256262e-06 -6.50873978e-08 -3.40195277e-08\n   6.24897294e-11  6.86491905e-11  6.24787581e-11  1.34264882e-07\n  -7.03300682e-09 -3.67597399e-09  1.05226164e-10 -2.10587896e-10\n  -2.35820567e-07  1.23526543e-08  6.45641882e-09 -6.45205383e-12\n   9.02729827e-08 -4.72864236e-09 -2.47154081e-09  2.02216653e-08\n  -1.05924284e-09 -5.53639317e-10  0.00000000e+00  0.00000000e+00\n   0.00000000e+00]\n [ 0.00000000e+00 -3.52180908e-05 -3.80548422e-06  6.68388914e-06\n  -2.55861716e-06 -5.73144945e-07  0.00000000e+00  0.00000000e+00\n   0.00000000e+00 -2.42658755e-06  6.05207524e-06 -2.54104709e-06\n  -1.91756599e-07  2.67022791e-03 -1.39870766e-04 -7.31068927e-05\n   1.34288459e-07  1.47524946e-07  1.34264882e-07  2.88530998e-04\n  -1.51137100e-05 -7.89955222e-06  2.26127710e-07 -4.52546750e-07\n  -5.06770965e-04  2.65454647e-05  1.38746405e-05 -1.38652603e-08\n   1.93993794e-04 -1.01617034e-05 -5.31126329e-06  4.34557213e-05\n  -2.27627947e-06 -1.18975344e-06  0.00000000e+00  0.00000000e+00\n   0.00000000e+00]\n [ 0.00000000e+00  1.84477929e-06  1.99337281e-07 -3.50112683e-07\n   1.34024413e-07  3.00222385e-08  0.00000000e+00  0.00000000e+00\n   0.00000000e+00  1.27108493e-07 -3.17017271e-07  1.33104065e-07\n   1.00445139e-08 -1.39870760e-04  7.32665191e-06  3.82945465e-06\n  -7.03424182e-09 -7.72758998e-09 -7.03300682e-09 -1.51137100e-05\n   7.91680028e-07  4.13791037e-07 -1.18449270e-08  2.37051144e-08\n   2.65454645e-05 -1.39049342e-06 -7.26775611e-07  7.26284260e-10\n  -1.01617017e-05  5.32286091e-07  2.78212370e-07 -2.27627940e-06\n   1.19235118e-07  6.23211666e-08  0.00000000e+00  0.00000000e+00\n   0.00000000e+00]\n [ 0.00000000e+00  9.64219264e-07  1.04188533e-07 -1.82995004e-07\n   7.00511556e-08  1.56918613e-08  0.00000000e+00  0.00000000e+00\n   0.00000000e+00  6.64363801e-08 -1.65696874e-07  6.95701131e-08\n   5.25001221e-09 -7.31068929e-05  3.82945481e-06  2.00155865e-06\n  -3.67661949e-09 -4.03901496e-09 -3.67597399e-09 -7.89955222e-06\n   4.13791037e-07  2.16278062e-07 -6.19104241e-09  1.23900610e-08\n   1.38746399e-05 -7.26775582e-07 -3.79867147e-07  3.79610331e-10\n  -5.31126332e-06  2.78212417e-07  1.45414538e-07 -1.18975341e-06\n   6.23211671e-08  3.25736904e-08  0.00000000e+00  0.00000000e+00\n   0.00000000e+00]\n [ 0.00000000e+00 -2.76011459e-08 -2.98243667e-09  5.23830212e-09\n  -2.00524117e-09 -4.49185544e-10  0.00000000e+00  0.00000000e+00\n   0.00000000e+00 -1.90176684e-09  4.74313650e-09 -1.99147115e-09\n  -1.50283611e-10  2.09271282e-06 -1.09619612e-07 -5.72953835e-08\n   1.05244642e-10  1.15618351e-10  1.05226164e-10  2.26127710e-07\n  -1.18449270e-08 -6.19104241e-09  1.77220962e-10 -3.54670246e-10\n  -3.97166884e-07  2.08042295e-08  1.08738427e-08 -1.08664912e-11\n   1.52036948e-07 -7.96393705e-09 -4.16254686e-09  3.40571473e-08\n  -1.78396729e-09 -9.32434372e-10  0.00000000e+00  0.00000000e+00\n   0.00000000e+00]\n [ 0.00000000e+00  5.52378518e-08  5.96871576e-09 -1.04833530e-08\n   4.01306579e-09  8.98949796e-10  0.00000000e+00  0.00000000e+00\n   0.00000000e+00  3.80598382e-09 -9.49238382e-09  3.98550800e-09\n   3.00760841e-10 -4.18812179e-06  2.19380451e-07  1.14664583e-07\n  -2.10624875e-10 -2.31385659e-10 -2.10587896e-10 -4.52546750e-07\n   2.37051144e-08  1.23900610e-08 -3.54670246e-10  7.09797430e-10\n   7.94845458e-07 -4.16352622e-08 -2.17616946e-08  2.17469822e-11\n  -3.04269772e-07  1.59381344e-08  8.33045654e-09 -6.81581722e-08\n   3.57023295e-09  1.86607004e-09  0.00000000e+00  0.00000000e+00\n   0.00000000e+00]\n [ 0.00000000e+00  6.18564589e-05  6.68388812e-06 -1.17394698e-05\n   4.49391190e-06  1.00666209e-06  0.00000000e+00  0.00000000e+00\n   0.00000000e+00  4.26201733e-06 -1.06297626e-05  4.46305213e-06\n   3.36798047e-07 -4.68994313e-03  2.45666648e-04  1.28403710e-04\n  -2.35861977e-07 -2.59110321e-07 -2.35820567e-07 -5.06770965e-04\n   2.65454645e-05  1.38746399e-05 -3.97166884e-07  7.94845458e-07\n   8.90083952e-04 -4.66240051e-05 -2.43691839e-05  2.43527087e-08\n  -3.40727419e-04  1.78478439e-05  9.32861301e-06 -7.63248939e-05\n   3.99801876e-06  2.08966282e-06  0.00000000e+00  0.00000000e+00\n   0.00000000e+00]\n [ 0.00000000e+00 -3.24013915e-06 -3.50112631e-07  6.14931997e-07\n  -2.35398213e-07 -5.27305522e-08  0.00000000e+00  0.00000000e+00\n   0.00000000e+00 -2.23251208e-07  5.56803775e-07 -2.33781729e-07\n  -1.76420144e-08  2.45666639e-04 -1.28684075e-05 -6.72598940e-06\n   1.23548234e-08  1.35726084e-08  1.23526543e-08  2.65454647e-05\n  -1.39049342e-06 -7.26775582e-07  2.08042295e-08 -4.16352622e-08\n  -4.66240051e-05  2.44223913e-06  1.27649640e-06 -1.27563340e-09\n   1.78478411e-05 -9.34898292e-07 -4.88647503e-07  3.99801866e-06\n  -2.09422546e-07 -1.09459843e-07  0.00000000e+00  0.00000000e+00\n   0.00000000e+00]\n [ 0.00000000e+00 -1.69353848e-06 -1.82994984e-07  3.21409345e-07\n  -1.23036670e-07 -2.75609211e-08  0.00000000e+00  0.00000000e+00\n   0.00000000e+00 -1.16687739e-07  2.91027199e-07 -1.22191775e-07\n  -9.22103306e-09  1.28403716e-04 -6.72598996e-06 -3.51550392e-06\n   6.45755256e-09  7.09405787e-09  6.45641882e-09  1.38746405e-05\n  -7.26775611e-07 -3.79867147e-07  1.08738427e-08 -2.17616946e-08\n  -2.43691839e-05  1.27649640e-06  6.67192262e-07 -6.66741194e-10\n   9.32861347e-06 -4.88647605e-07 -2.55403646e-07  2.08966286e-06\n  -1.09459849e-07 -5.72118815e-08  0.00000000e+00  0.00000000e+00\n   0.00000000e+00]\n [ 0.00000000e+00  1.69239353e-09  1.82871267e-10 -3.21192049e-10\n   1.22953489e-10  2.75422880e-11  0.00000000e+00  0.00000000e+00\n   0.00000000e+00  1.16608850e-10 -2.90830444e-10  1.22109165e-10\n   9.21479900e-12 -1.28316906e-07  6.72144272e-09  3.51312719e-09\n  -6.45318681e-12 -7.08926179e-12 -6.45205383e-12 -1.38652603e-08\n   7.26284260e-10  3.79610331e-10 -1.08664912e-11  2.17469822e-11\n   2.43527087e-08 -1.27563340e-09 -6.66741194e-10  6.66290430e-13\n  -9.32230668e-09  4.88317245e-10  2.55230975e-10 -2.08825010e-09\n   1.09385846e-10  5.71732023e-11  0.00000000e+00  0.00000000e+00\n   0.00000000e+00]\n [ 0.00000000e+00 -2.36788806e-05 -2.55861702e-06  4.49391234e-06\n  -1.72028605e-06 -3.85353959e-07  0.00000000e+00  0.00000000e+00\n   0.00000000e+00 -1.63151595e-06  4.06911231e-06 -1.70847281e-06\n  -1.28927534e-07  1.79532753e-03 -9.40420987e-05 -4.91534136e-05\n   9.02888347e-08  9.91883862e-08  9.02729827e-08  1.93993794e-04\n  -1.01617017e-05 -5.31126332e-06  1.52036948e-07 -3.04269772e-07\n  -3.40727419e-04  1.78478411e-05  9.32861347e-06 -9.32230668e-09\n   1.30431712e-04 -6.83222047e-06 -3.57102746e-06  2.92174508e-05\n  -1.53045633e-06 -7.99930632e-07  0.00000000e+00  0.00000000e+00\n   0.00000000e+00]\n [ 0.00000000e+00  1.24033741e-06  1.34024427e-07 -2.35398273e-07\n   9.01113182e-08  2.01854530e-08  0.00000000e+00  0.00000000e+00\n   0.00000000e+00  8.54613994e-08 -2.13146572e-07  8.94925223e-08\n   6.75342922e-09 -9.40421101e-05  4.92607464e-06  2.57473395e-06\n  -4.72947271e-09 -5.19564537e-09 -4.72864236e-09 -1.01617034e-05\n   5.32286091e-07  2.78212417e-07 -7.96393705e-09  1.59381344e-08\n   1.78478439e-05 -9.34898292e-07 -4.88647605e-07  4.88317245e-10\n  -6.83222047e-06  3.57882570e-07  1.87056096e-07 -1.53045653e-06\n   8.01677356e-08  4.19016383e-08  0.00000000e+00  0.00000000e+00\n   0.00000000e+00]\n [ 0.00000000e+00  6.48292744e-07  7.00511514e-08 -1.23036676e-07\n   4.70988888e-08  1.05504217e-08  0.00000000e+00  0.00000000e+00\n   0.00000000e+00  4.46684947e-08 -1.11406279e-07  4.67754599e-08\n   3.52984528e-09 -4.91534135e-05  2.57473363e-06  1.34574780e-06\n  -2.47197481e-09 -2.71563138e-09 -2.47154081e-09 -5.31126329e-06\n   2.78212370e-07  1.45414538e-07 -4.16254686e-09  8.33045654e-09\n   9.32861301e-06 -4.88647503e-07 -2.55403646e-07  2.55230975e-10\n  -3.57102746e-06  1.87056096e-07  9.77694525e-08 -7.99930610e-07\n   4.19016316e-08  2.19009181e-08  0.00000000e+00  0.00000000e+00\n   0.00000000e+00]\n [ 0.00000000e+00 -5.30420491e-06 -5.73144871e-07  1.00666211e-06\n  -3.85353930e-07 -8.63214946e-08  0.00000000e+00  0.00000000e+00\n   0.00000000e+00 -3.65468920e-07  9.11504470e-07 -3.82707698e-07\n  -2.88805063e-08  4.02163651e-04 -2.10659689e-05 -1.10106463e-05\n   2.02252162e-08  2.22187668e-08  2.02216653e-08  4.34557213e-05\n  -2.27627940e-06 -1.18975341e-06  3.40571473e-08 -6.81581722e-08\n  -7.63248939e-05  3.99801866e-06  2.08966286e-06 -2.08825010e-09\n   2.92174508e-05 -1.53045653e-06 -7.99930610e-07  6.54487638e-06\n  -3.42830985e-07 -1.79189045e-07  0.00000000e+00  0.00000000e+00\n   0.00000000e+00]\n [ 0.00000000e+00  2.77842649e-07  3.00222356e-08 -5.27305549e-08\n   2.01854489e-08  4.52165653e-09  0.00000000e+00  0.00000000e+00\n   0.00000000e+00  1.91438406e-08 -4.77460470e-08  2.00468351e-08\n   1.51280664e-09 -2.10659687e-05  1.10346880e-06  5.76755080e-07\n  -1.05942884e-09 -1.16385418e-09 -1.05924284e-09 -2.27627947e-06\n   1.19235118e-07  6.23211671e-08 -1.78396729e-09  3.57023295e-09\n   3.99801876e-06 -2.09422546e-07 -1.09459849e-07  1.09385846e-10\n  -1.53045633e-06  8.01677356e-08  4.19016316e-08 -3.42830985e-07\n   1.79580297e-08  9.38620580e-09  0.00000000e+00  0.00000000e+00\n   0.00000000e+00]\n [ 0.00000000e+00  1.45221293e-07  1.56918597e-08 -2.75609211e-08\n   1.05504212e-08  2.36335497e-09  0.00000000e+00  0.00000000e+00\n   0.00000000e+00  1.00059990e-08 -2.49556456e-08  1.04779713e-08\n   7.90705589e-10 -1.10106465e-05  5.76755101e-07  3.01455225e-07\n  -5.53736536e-10 -6.08317004e-10 -5.53639317e-10 -1.18975344e-06\n   6.23211666e-08  3.25736904e-08 -9.32434372e-10  1.86607004e-09\n   2.08966282e-06 -1.09459843e-07 -5.72118815e-08  5.71732023e-11\n  -7.99930632e-07  4.19016383e-08  2.19009181e-08 -1.79189045e-07\n   9.38620580e-09  4.90593127e-09  0.00000000e+00  0.00000000e+00\n   0.00000000e+00]\n [ 0.00000000e+00  0.00000000e+00  0.00000000e+00  0.00000000e+00\n   0.00000000e+00  0.00000000e+00  0.00000000e+00  0.00000000e+00\n   0.00000000e+00  0.00000000e+00  0.00000000e+00  0.00000000e+00\n   0.00000000e+00  0.00000000e+00  0.00000000e+00  0.00000000e+00\n   0.00000000e+00  0.00000000e+00  0.00000000e+00  0.00000000e+00\n   0.00000000e+00  0.00000000e+00  0.00000000e+00  0.00000000e+00\n   0.00000000e+00  0.00000000e+00  0.00000000e+00  0.00000000e+00\n   0.00000000e+00  0.00000000e+00  0.00000000e+00  0.00000000e+00\n   0.00000000e+00  0.00000000e+00  0.00000000e+00  0.00000000e+00\n   0.00000000e+00]\n [ 0.00000000e+00  0.00000000e+00  0.00000000e+00  0.00000000e+00\n   0.00000000e+00  0.00000000e+00  0.00000000e+00  0.00000000e+00\n   0.00000000e+00  0.00000000e+00  0.00000000e+00  0.00000000e+00\n   0.00000000e+00  0.00000000e+00  0.00000000e+00  0.00000000e+00\n   0.00000000e+00  0.00000000e+00  0.00000000e+00  0.00000000e+00\n   0.00000000e+00  0.00000000e+00  0.00000000e+00  0.00000000e+00\n   0.00000000e+00  0.00000000e+00  0.00000000e+00  0.00000000e+00\n   0.00000000e+00  0.00000000e+00  0.00000000e+00  0.00000000e+00\n   0.00000000e+00  0.00000000e+00  0.00000000e+00  0.00000000e+00\n   0.00000000e+00]\n [ 0.00000000e+00  0.00000000e+00  0.00000000e+00  0.00000000e+00\n   0.00000000e+00  0.00000000e+00  0.00000000e+00  0.00000000e+00\n   0.00000000e+00  0.00000000e+00  0.00000000e+00  0.00000000e+00\n   0.00000000e+00  0.00000000e+00  0.00000000e+00  0.00000000e+00\n   0.00000000e+00  0.00000000e+00  0.00000000e+00  0.00000000e+00\n   0.00000000e+00  0.00000000e+00  0.00000000e+00  0.00000000e+00\n   0.00000000e+00  0.00000000e+00  0.00000000e+00  0.00000000e+00\n   0.00000000e+00  0.00000000e+00  0.00000000e+00  0.00000000e+00\n   0.00000000e+00  0.00000000e+00  0.00000000e+00  0.00000000e+00\n   0.00000000e+00]]', 'hess_sum': '[[-1.27298146e-13 -7.74965133e-14 -8.00422752e-15 -1.55958613e-14\n  -1.06868853e-14 -3.25166652e-15 -1.04448082e-11 -2.11672768e-13\n  -1.04592423e-12 -2.30890470e-14  6.32201410e-15 -8.02830037e-15\n  -2.81617050e-15  6.05391423e-12  7.27876714e-14 -1.84756148e-13\n   1.15935238e-15 -4.83951297e-15  3.94361997e-18 -1.92977250e-12\n  -3.40287743e-14 -2.73734474e-14 -7.63100026e-15  5.14681301e-15\n   3.75759016e-12  1.44133937e-13  1.52510531e-13  4.63487839e-16\n   3.55866378e-13  8.27585955e-14 -1.43871095e-14  5.91419556e-13\n  -4.95324232e-14  6.24750415e-15  3.04161359e-10 -1.13634823e-10\n   1.08616146e-13]\n [-7.74965133e-14 -2.23880094e-06  1.78906820e-07  1.95831009e-07\n   1.30714732e-08 -4.84347567e-08  8.13539787e-12 -1.71722818e-14\n  -8.86835030e-14  5.62505278e-08  2.45279176e-07 -1.07817936e-07\n   1.71939305e-08  1.69745393e-04 -8.89153356e-06 -4.64737840e-06\n  -8.41515208e-08  2.15838344e-08  5.10443115e-09 -1.35646755e-05\n   7.10539318e-07  3.71380825e-07 -1.57468938e-08 -5.32921740e-09\n  -1.48478667e-05  7.77754760e-07  4.06512600e-07  6.08570859e-10\n  -9.91077125e-07  5.19141999e-08  2.71342238e-08  3.67231336e-06\n  -1.92361569e-07 -1.00542504e-07  2.93677429e-11  8.85281163e-12\n  -2.69852676e-13]\n [-8.00422752e-15  1.78906820e-07 -3.57061279e-07  5.98785999e-08\n  -5.70203413e-08 -3.02607504e-08 -8.54120794e-13 -1.54303935e-14\n  -1.79404856e-13 -1.35613868e-08 -7.05262594e-08  1.58361763e-08\n   4.87597514e-11 -1.35646790e-05  7.10539223e-07  3.71380818e-07\n   2.72037095e-08  2.16540715e-09  1.02733176e-08  2.70723100e-05\n  -1.41809023e-06 -7.41199864e-07  2.25269258e-08  1.09451058e-08\n  -4.53998193e-06  2.37811451e-07  1.24298027e-07  3.79802397e-10\n   4.32326989e-06 -2.26459730e-07 -1.18364744e-07  2.29436364e-06\n  -1.20182398e-07 -6.28162851e-08  1.22114494e-12 -6.86591083e-14\n  -3.91902837e-13]\n [-1.55958613e-14  1.95831009e-07  5.98785999e-08 -5.98397418e-07\n   6.77634364e-08  1.09375242e-07  5.63680962e-12  1.16868752e-13\n  -1.01691802e-13 -6.64709319e-08 -1.83224178e-08 -7.53924777e-09\n   3.58592583e-09 -1.48478664e-05  7.77754840e-07  4.06512692e-07\n  -5.33787147e-08  1.65198221e-08  5.09834768e-09 -4.53998125e-06\n   2.37811469e-07  1.24298001e-07  1.09909761e-08 -4.05223336e-09\n   4.53703642e-05 -2.37657136e-06 -1.24217335e-06 -6.03468405e-09\n  -5.13780891e-06  2.69126615e-07  1.40665634e-07 -8.29280715e-06\n   4.34390365e-07  2.27044784e-07 -5.73402681e-12  8.94348472e-12\n  -7.08583330e-13]\n [-1.06868853e-14  1.30714732e-08 -5.70203413e-08  6.77634364e-08\n  -6.64781814e-08 -4.56075485e-09  1.41582107e-12 -6.32685786e-15\n   3.73668753e-14  1.23034659e-08 -1.17024413e-08 -6.55795274e-10\n   9.39214811e-10 -9.91078452e-07  5.19141561e-08  2.71342207e-08\n   1.90488356e-08 -2.31908133e-09  1.06243647e-09  4.32326987e-06\n  -2.26459711e-07 -1.18364759e-07  6.56841085e-09 -7.62081900e-09\n  -5.13780940e-06  2.69126589e-07  1.40665607e-07 -5.36179389e-10\n   5.04036145e-06 -2.64022109e-07 -1.37997641e-07  3.45795422e-07\n  -1.81133106e-08 -9.46736895e-09  2.04879469e-12  1.26512270e-12\n   8.31487629e-14]\n [-3.25166652e-15 -4.84347567e-08 -3.02607504e-08  1.09375242e-07\n  -4.56075485e-09 -3.22990367e-08  5.71201963e-13 -2.34752865e-14\n   1.80933092e-14  1.65525384e-09  6.44227317e-09  1.00192959e-10\n  -2.03295664e-09  3.67231228e-06 -1.92361530e-07 -1.00542484e-07\n   6.93447621e-09  5.92037294e-10  5.19296557e-10  2.29436362e-06\n  -1.20182404e-07 -6.28162918e-08 -5.80642938e-09  5.08353526e-09\n  -8.29280718e-06  4.34390339e-07  2.27044785e-07  2.01682142e-09\n   3.45795459e-07 -1.81133095e-08 -9.46736830e-09  2.44890637e-06\n  -1.28277586e-07 -6.70474338e-08 -8.14560454e-13 -5.30700960e-13\n   1.01556748e-13]\n [-1.04448082e-11  8.13539787e-12 -8.54120794e-13  5.63680962e-12\n   1.41582107e-12  5.71201963e-13  3.28435987e-10  2.09658278e-10\n  -1.18210562e-10  1.50479964e-13  8.84406948e-13 -4.67875356e-13\n  -9.50756367e-17  8.28900843e-10 -4.59711845e-11  4.78730553e-12\n   3.82337883e-13  3.77897878e-13  1.96138924e-13 -8.60809076e-11\n   2.02259828e-12 -5.96367156e-12  3.66395734e-13 -1.31068811e-14\n  -2.97820074e-10 -1.91522070e-11 -1.73651705e-11  6.24260598e-14\n  -1.63581876e-10  2.29806473e-12  4.76743098e-12 -1.88509856e-11\n   3.27230114e-13 -1.23830660e-12 -3.06367254e-09  1.42801964e-08\n  -6.68486762e-10]\n [-2.11672768e-13 -1.71722818e-14 -1.54303935e-14  1.16868752e-13\n  -6.32685786e-15 -2.34752865e-14  2.09658278e-10 -2.34025310e-13\n  -3.09477456e-12  7.67796552e-14 -1.92874382e-13 -9.59949819e-15\n   1.70331485e-14 -4.74171784e-11  1.46713107e-12 -3.22753366e-13\n  -2.45765375e-14 -7.33305063e-15  1.07430614e-15  3.71719704e-13\n  -2.52202555e-13 -4.24864195e-13  1.50223684e-14 -1.64620262e-14\n   2.17948537e-11  2.88934246e-13  4.86177845e-14 -2.09203993e-15\n  -1.64767973e-13  4.37253330e-13 -2.69396190e-13 -1.15588949e-13\n   2.92482844e-14  1.34817224e-14  2.03961029e-10  8.10928228e-10\n   1.09893955e-11]\n [-1.04592423e-12 -8.86835030e-14 -1.79404856e-13 -1.01691802e-13\n   3.73668753e-14  1.80933092e-14 -1.18210562e-10 -3.09477456e-12\n   1.03147832e-12  7.60980191e-15 -1.45999884e-14 -1.92172119e-15\n  -5.50600268e-17  7.73419897e-12  1.15504159e-12 -6.41332153e-13\n  -5.09756044e-15 -4.32562919e-15  5.47363159e-16 -9.79412772e-13\n  -1.33531231e-13 -3.88926153e-14  4.56880535e-15  5.13495619e-16\n  -1.99255125e-12 -8.87121558e-13  1.17872087e-13  4.76266521e-16\n   2.35011432e-12  3.39826861e-13  2.70675923e-14  8.68153587e-13\n  -8.04265564e-14 -1.50450798e-14  6.42270889e-11 -1.58741074e-10\n  -1.55091636e-11]\n [-2.30890470e-14  5.62505278e-08 -1.35613868e-08 -6.64709319e-08\n   1.23034659e-08  1.65525384e-09  1.50479964e-13  7.67796552e-14\n   7.60980191e-15 -4.66196260e-08  2.81090396e-08 -1.09155095e-08\n  -7.47945851e-09 -4.26490340e-06  2.23402382e-07  1.16766790e-07\n  -5.46330246e-09  7.39544250e-09  2.14488406e-09  1.02822188e-06\n  -5.38598822e-08 -2.81511764e-08 -4.04998276e-09  2.96634045e-09\n   5.03981229e-06 -2.63993307e-07 -1.37982581e-07  5.81383219e-10\n  -9.32846285e-07  4.88639595e-08  2.55399545e-08 -1.25500939e-07\n   6.57394372e-09  3.43603255e-09  4.69384893e-12 -2.51259620e-12\n  -1.91830031e-14]\n [ 6.32201410e-15  2.45279176e-07 -7.05262594e-08 -1.83224178e-08\n  -1.17024413e-08  6.44227317e-09  8.84406948e-13 -1.92874382e-13\n  -1.45999884e-14  2.81090396e-08 -7.52177357e-08  2.68797790e-08\n   6.76486389e-09 -1.85970164e-05  9.74140872e-07  5.09158769e-07\n   1.27226540e-08 -6.88651107e-09  1.34324667e-11  5.34728536e-06\n  -2.80099289e-07 -1.46400764e-07  9.35978127e-09  8.76394513e-10\n   1.38920100e-06 -7.27685734e-08 -3.80342904e-08 -9.90660162e-10\n   8.87276823e-07 -4.64769641e-08 -2.42923222e-08 -4.88451775e-07\n   2.55858768e-08  1.33730882e-08  8.15253491e-14  8.25844303e-13\n  -7.69146294e-14]\n [-8.02830037e-15 -1.07817936e-07  1.58361763e-08 -7.53924777e-09\n  -6.55795274e-10  1.00192959e-10 -4.67875356e-13 -9.59949819e-15\n  -1.92172119e-15 -1.09155095e-08  2.68797790e-08 -1.12614538e-08\n  -1.93381911e-09  8.17473198e-06 -4.28205446e-07 -2.23812092e-07\n  -5.67788640e-09  3.43330625e-09  6.96895370e-10 -1.20069553e-06\n   6.28943401e-08  3.28732702e-08 -1.96421358e-09 -9.49652505e-10\n   5.71624496e-07 -2.99425926e-08 -1.56502321e-08  8.34330343e-11\n   4.97222260e-08 -2.60453053e-09 -1.36132123e-09 -7.59659818e-09\n   3.97923350e-10  2.07983879e-10 -4.37260990e-13  1.37173451e-12\n   4.42674626e-15]\n [-2.81617050e-15  1.71939305e-08  4.87597514e-11  3.58592583e-09\n   9.39214811e-10 -2.03295664e-09 -9.50756367e-17  1.70331485e-14\n  -5.50600268e-17 -7.47945851e-09  6.76486389e-09 -1.93381911e-09\n  -1.95457624e-09 -1.30364002e-06  6.82867147e-08  3.56917365e-08\n   5.91569486e-10  9.01476865e-10  1.16407127e-10 -3.69691387e-09\n   1.93657716e-10  1.01218278e-10 -1.23122024e-09  5.25079743e-10\n  -2.71884125e-07  1.42417169e-08  7.44378423e-09  2.86532254e-10\n  -7.12110721e-08  3.73014862e-09  1.94965366e-09  1.54138350e-07\n  -8.07400972e-09 -4.22007971e-09 -1.08984019e-13 -1.34031985e-13\n  -4.08902257e-14]\n [ 6.05391423e-12  1.69745393e-04 -1.35646790e-05 -1.48478664e-05\n  -9.91078452e-07  3.67231228e-06  8.28900843e-10 -4.74171784e-11\n   7.73419897e-12 -4.26490340e-06 -1.85970164e-05  8.17473198e-06\n  -1.30364002e-06 -1.28700603e-02  6.74154062e-04  3.52363252e-04\n   6.38035066e-06 -1.63648171e-06 -3.87016803e-07  1.02847094e-03\n  -5.38729417e-05 -2.81580230e-05  1.19392653e-06  4.04060167e-07\n   1.12576184e-03 -5.89691903e-05 -3.08216950e-05 -4.61417000e-08\n   7.51432599e-05 -3.93612663e-06 -2.05731216e-06 -2.78433936e-04\n   1.45848118e-05  7.62311008e-06  9.56412102e-11 -3.21663318e-10\n  -1.09909474e-11]\n [ 7.27876714e-14 -8.89153356e-06  7.10539223e-07  7.77754840e-07\n   5.19141561e-08 -1.92361530e-07 -4.59711845e-11  1.46713107e-12\n   1.15504159e-12  2.23402382e-07  9.74140872e-07 -4.28205446e-07\n   6.82867147e-08  6.74154062e-04 -3.53132536e-05 -1.84573432e-05\n  -3.34212833e-07  8.57214917e-08  2.02725598e-08 -5.38729323e-05\n   2.82194919e-06  1.47496129e-06 -6.25397412e-08 -2.11653134e-08\n  -5.89692036e-05  3.08889990e-06  1.61448958e-06  2.41697602e-09\n  -3.93612164e-06  2.06180327e-07  1.07765238e-07  1.45848119e-05\n  -7.63975561e-07 -3.99310528e-07 -5.82356633e-11 -5.72035235e-11\n  -1.23232618e-12]\n [-1.84756148e-13 -4.64737840e-06  3.71380818e-07  4.06512692e-07\n   2.71342207e-08 -1.00542484e-07  4.78730553e-12 -3.22753366e-13\n  -6.41332153e-13  1.16766790e-07  5.09158769e-07 -2.23812092e-07\n   3.56917365e-08  3.52363252e-04 -1.84573432e-05 -9.64718371e-06\n  -1.74684542e-07  4.48044425e-08  1.05959484e-08 -2.81580156e-05\n   1.47496146e-06  7.70924893e-07 -3.26879316e-08 -1.10625710e-08\n  -3.08216977e-05  1.61448956e-06  8.43852565e-07  1.26329140e-09\n  -2.05730981e-06  1.07765217e-07  5.63260929e-08  7.62311007e-06\n  -3.99310581e-07 -2.08709485e-07 -3.73744184e-11  1.74983755e-11\n   2.29381262e-12]\n [ 1.15935238e-15 -8.41515208e-08  2.72037095e-08 -5.33787147e-08\n   1.90488356e-08  6.93447621e-09  3.82337883e-13 -2.45765375e-14\n  -5.09756044e-15 -5.46330246e-09  1.27226540e-08 -5.67788640e-09\n   5.91569486e-10  6.38035066e-06 -3.34212833e-07 -1.74684542e-07\n  -1.21846482e-08  3.17904147e-09  4.81410869e-10 -2.06257927e-06\n   1.08041175e-07  5.64703845e-08 -1.62440744e-09  1.01066615e-09\n   4.04716246e-06 -2.11996775e-07 -1.10805338e-07 -2.83708648e-10\n  -1.44427849e-06  7.56535955e-08  3.95422119e-08 -5.25770514e-07\n   2.75406906e-08  1.43948182e-08  6.58336067e-13  1.53804684e-12\n   4.73200344e-14]\n [-4.83951297e-15  2.15838344e-08  2.16540715e-09  1.65198221e-08\n  -2.31908133e-09  5.92037294e-10  3.77897878e-13 -7.33305063e-15\n  -4.32562919e-15  7.39544250e-09 -6.88651107e-09  3.43330625e-09\n   9.01476865e-10 -1.63648171e-06  8.57214917e-08  4.48044425e-08\n   3.17904147e-09 -2.34372809e-09 -7.95539030e-10 -1.64180752e-07\n   8.60004335e-09  4.49502345e-09  1.00413247e-09 -7.69093498e-10\n  -1.25252948e-06  6.56094730e-08  3.42924045e-08 -1.09424412e-10\n   1.75832279e-07 -9.21037306e-09 -4.81402708e-09 -4.48881438e-08\n   2.35131118e-09  1.22897103e-09  1.40947472e-12  1.34885665e-13\n  -2.25167864e-15]\n [ 3.94361997e-18  5.10443115e-09  1.02733176e-08  5.09834768e-09\n   1.06243647e-09  5.19296557e-10  1.96138924e-13  1.07430614e-15\n   5.47363159e-16  2.14488406e-09  1.34324667e-11  6.96895370e-10\n   1.16407127e-10 -3.87016803e-07  2.02725598e-08  1.05959484e-08\n   4.81410869e-10 -7.95539030e-10 -5.51640677e-10 -7.78920621e-07\n   4.08010975e-08  2.13256975e-08 -4.84546060e-10 -4.23692775e-10\n  -3.86555567e-07  2.02483939e-08  1.05833220e-08  2.77537070e-12\n  -8.05537103e-08  4.21953001e-09  2.20544141e-09 -3.93729557e-08\n   2.06241751e-09  1.07797342e-09  4.19678720e-14 -1.12233698e-13\n   1.03307704e-14]\n [-1.92977250e-12 -1.35646755e-05  2.70723100e-05 -4.53998125e-06\n   4.32326987e-06  2.29436362e-06 -8.60809076e-11  3.71719704e-13\n  -9.79412772e-13  1.02822188e-06  5.34728536e-06 -1.20069553e-06\n  -3.69691387e-09  1.02847094e-03 -5.38729323e-05 -2.81580156e-05\n  -2.06257927e-06 -1.64180752e-07 -7.78920621e-07 -2.05261680e-03\n   1.07519305e-04  5.61976149e-05 -1.70798656e-06 -8.29855477e-07\n   3.44220475e-04 -1.80308097e-05 -9.42424590e-06 -2.87965372e-08\n  -3.27789377e-04  1.71701260e-05  8.97438840e-06 -1.73958159e-04\n   9.11220334e-06  4.76271674e-06  1.77707432e-10 -5.60006026e-11\n   5.16644564e-11]\n [-3.40287743e-14  7.10539318e-07 -1.41809023e-06  2.37811469e-07\n  -2.26459711e-07 -1.20182404e-07  2.02259828e-12 -2.52202555e-13\n  -1.33531231e-13 -5.38598822e-08 -2.80099289e-07  6.28943401e-08\n   1.93657716e-10 -5.38729417e-05  2.82194919e-06  1.47496146e-06\n   1.08041175e-07  8.60004335e-09  4.08010975e-08  1.07519305e-04\n  -5.63203165e-06 -2.94371985e-06  8.94670461e-08  4.34691463e-08\n  -1.80308171e-05  9.44482577e-07  4.93657082e-07  1.50840738e-09\n   1.71701275e-05 -8.99398526e-07 -4.70092736e-07  9.11220420e-06\n  -4.77311597e-07 -2.49478674e-07  1.51267118e-11  3.58988191e-11\n  -1.36882915e-12]\n [-2.73734474e-14  3.71380825e-07 -7.41199864e-07  1.24298001e-07\n  -1.18364759e-07 -6.28162918e-08 -5.96367156e-12 -4.24864195e-13\n  -3.88926153e-14 -2.81511764e-08 -1.46400764e-07  3.28732702e-08\n   1.01218278e-10 -2.81580230e-05  1.47496129e-06  7.70924893e-07\n   5.64703845e-08  4.49502345e-09  2.13256975e-08  5.61976149e-05\n  -2.94371985e-06 -1.53860767e-06  4.67621559e-08  2.27202184e-08\n  -9.42424797e-06  4.93657146e-07  2.58022046e-07  7.88406620e-10\n   8.97439028e-06 -4.70092747e-07 -2.45705540e-07  4.76271811e-06\n  -2.49478675e-07 -1.30396170e-07 -2.28081589e-12  1.50200055e-11\n  -3.30504343e-13]\n [-7.63100026e-15 -1.57468938e-08  2.25269258e-08  1.09909761e-08\n   6.56841085e-09 -5.80642938e-09  3.66395734e-13  1.50223684e-14\n   4.56880535e-15 -4.04998276e-09  9.35978127e-09 -1.96421358e-09\n  -1.23122024e-09  1.19392653e-06 -6.25397412e-08 -3.26879316e-08\n  -1.62440744e-09  1.00413247e-09 -4.84546060e-10 -1.70798656e-06\n   8.94670461e-08  4.67621559e-08 -4.36249019e-09  1.01544403e-09\n  -8.33333428e-07  4.36513196e-08  2.28154344e-08  5.90617168e-10\n  -4.98015505e-07  2.60868394e-08  1.36349282e-08  4.40242183e-07\n  -2.30605830e-08 -1.20531804e-08  1.25564408e-12  6.55754739e-13\n   6.67177493e-14]\n [ 5.14681301e-15 -5.32921740e-09  1.09451058e-08 -4.05223336e-09\n  -7.62081900e-09  5.08353526e-09 -1.31068811e-14 -1.64620262e-14\n   5.13495619e-16  2.96634045e-09  8.76394513e-10 -9.49652505e-10\n   5.25079743e-10  4.04060167e-07 -2.11653134e-08 -1.10625710e-08\n   1.01066615e-09 -7.69093498e-10 -4.23692775e-10 -8.29855477e-07\n   4.34691463e-08  2.27202184e-08  1.01544403e-09 -2.51429246e-09\n   3.07239499e-07 -1.60936970e-08 -8.41176668e-09 -3.97785102e-10\n   5.77808817e-07 -3.02665391e-08 -1.58195514e-08 -3.85432624e-07\n   2.01895713e-08  1.05525752e-08 -8.69359895e-13 -5.83561658e-13\n  -5.71577357e-14]\n [ 3.75759016e-12 -1.48478667e-05 -4.53998193e-06  4.53703642e-05\n  -5.13780940e-06 -8.29280718e-06 -2.97820074e-10  2.17948537e-11\n  -1.99255125e-12  5.03981229e-06  1.38920100e-06  5.71624496e-07\n  -2.71884125e-07  1.12576184e-03 -5.89692036e-05 -3.08216977e-05\n   4.04716246e-06 -1.25252948e-06 -3.86555567e-07  3.44220475e-04\n  -1.80308171e-05 -9.42424797e-06 -8.33333428e-07  3.07239499e-07\n  -3.43997154e-03  1.80191135e-04  9.41813236e-05  4.57548400e-07\n   3.89547627e-04 -2.04051212e-05 -1.06652376e-05  6.28758815e-04\n  -3.29353826e-05 -1.72144886e-05  1.03907773e-09 -5.16372041e-10\n   7.19327541e-11]\n [ 1.44133937e-13  7.77754760e-07  2.37811451e-07 -2.37657136e-06\n   2.69126589e-07  