{'theta_hat': '[-6.39710184e-11 -4.57797578e-04 -1.25585978e-03 -1.17083127e-03\n  6.78374554e-05 -3.70370436e-05 -2.78311838e-10 -4.56046020e-11\n -1.46374880e-10  4.50493709e-04  1.11215980e-04  1.58900527e-04\n  5.18838498e-05  8.74647765e-02  4.72583647e-03  3.46001384e-04\n  3.91488945e-04  2.53753112e-05  3.65786036e-05  1.29045833e-01\n -7.91638452e-04 -1.77574672e-03  3.28480755e-05  6.46982741e-05\n  1.08083061e-01 -2.25458531e-03 -1.95593376e-03 -2.05951391e-06\n -3.66777943e-03  4.52468001e-04  1.77079420e-04  4.35648044e-03\n  4.49704178e-05 -3.88362298e-05  8.91699904e-09  9.18557250e-09\n -1.03779003e-10]', 'theta_bar': '[ 3.56310718e-03  5.80048014e-05 -9.25406769e-04 -1.04143830e-03\n -9.29379205e-05 -1.16524586e-04 -3.42296836e-01  5.20206421e-03\n  5.62368939e-03  9.70289691e-05  2.62010585e-05  3.25597385e-05\n  1.48657404e-05  2.22100657e-03  1.05142018e-03  2.83051571e-04\n  2.88105872e-04  3.80530927e-05  3.71095603e-05  9.20838124e-02\n -9.56259230e-04 -1.38236946e-03  3.25214986e-05  3.66938387e-05\n  1.01273137e-01 -1.36847902e-03 -1.61360299e-03  5.12027647e-06\n  9.89572973e-03 -1.56770122e-05 -1.22911820e-04  1.16701242e-02\n -1.11082230e-04 -1.72216393e-04 -4.72296772e-01 -5.34813069e-01\n  8.88497888e-03]', 'grad_op_sum': '[[ 6.35060397e-21  2.24629398e-13  1.44034666e-13  8.22258463e-14\n   6.28327998e-15  6.59282715e-15  2.76288905e-20  4.52731211e-21\n   1.45310942e-20 -3.23759480e-14 -4.18324724e-14 -2.84623015e-15\n  -4.17505468e-15 -2.22684730e-11  2.42485026e-13  3.37604173e-13\n  -3.95475696e-14 -3.26966342e-15 -4.31438497e-15 -1.42787716e-11\n   1.55483881e-13  2.16475250e-13 -4.41142288e-15 -4.12033624e-15\n  -8.15139866e-12  8.87619088e-14  1.23580375e-13  2.74998006e-16\n  -6.22888496e-13  6.78273450e-15  9.44338376e-15 -6.53575262e-13\n   7.11688662e-15  9.90861508e-15 -8.85218509e-19 -9.11880640e-19\n   1.03024676e-20]\n [ 2.24629398e-13  1.22441635e-05  5.55919709e-06  2.09260326e-06\n   5.34552843e-07  3.03155224e-07  9.77270994e-13  1.60137115e-13\n   5.13984333e-13 -8.48991544e-07 -2.21838702e-06  2.09485196e-07\n  -1.24271487e-07 -1.11359381e-03  2.56496456e-05  2.08649400e-05\n  -1.41524194e-06 -1.33659283e-07 -1.68993966e-07 -5.40277434e-04\n   7.34445313e-06  8.62123984e-06 -1.83639103e-07 -9.05039792e-08\n  -2.26469468e-04 -1.00511128e-07  2.67766550e-06  1.14194426e-08\n  -4.57112839e-05  1.48025185e-06  9.82317920e-07 -2.84220404e-05\n   5.29576495e-07  4.95702327e-07 -3.13113685e-11 -3.22544439e-11\n   3.64412128e-13]\n [ 1.44034666e-13  5.55919709e-06  3.31696470e-06  1.77676567e-06\n   1.76253761e-07  1.57087706e-07  6.26636148e-13  1.02681554e-13\n   3.29572006e-13 -7.02296955e-07 -1.02860187e-06 -3.10395293e-08\n  -9.21630809e-08 -5.40277461e-04  7.34445293e-06  8.62123961e-06\n  -8.98728511e-07 -7.61032257e-08 -9.96231096e-08 -3.27654696e-04\n   3.72578435e-06  5.01394837e-06 -1.03035569e-07 -8.74824356e-08\n  -1.78193643e-04  1.66304894e-06  2.61986568e-06  6.41995454e-09\n  -1.66860192e-05  2.87860015e-07  2.84231508e-07 -1.53965372e-05\n   1.91436550e-07  2.40423880e-07 -2.00771695e-11 -2.06818790e-11\n   2.33664781e-13]\n [ 8.22258463e-14  2.09260326e-06  1.77676567e-06  1.21947117e-06\n   2.20831797e-08  7.20850456e-08  3.57731157e-13  5.86183727e-14\n   1.88144549e-13 -4.75407208e-07 -4.01437408e-07 -9.57161527e-08\n  -5.84995290e-08 -2.26469504e-04 -1.00511153e-07  2.67766600e-06\n  -5.08940060e-07 -3.89172382e-08 -5.27511736e-08 -1.78193657e-04\n   1.66304917e-06  2.61986607e-06 -5.18795692e-08 -6.38323157e-08\n  -1.17281503e-04  1.76419640e-06  1.92149352e-06  3.23940531e-09\n  -3.57107392e-06 -1.47577321e-07 -7.66381068e-10 -7.45564783e-06\n   3.94169052e-08  1.00733059e-07 -1.14615620e-11 -1.18067758e-11\n   1.33393473e-13]\n [ 6.28327998e-15  5.34552843e-07  1.76253761e-07  2.20831797e-08\n   2.89058151e-08  1.16054342e-08  2.73359913e-14  4.47931720e-15\n   1.43770472e-14 -1.05143828e-08 -9.50572129e-08  1.97172819e-08\n  -2.43034693e-09 -4.57112808e-05  1.48025163e-06  9.82317901e-07\n  -4.03191529e-08 -4.54321358e-09 -5.45927307e-09 -1.66860167e-05\n   2.87859979e-07  2.84231510e-07 -6.36989770e-09 -6.35899596e-11\n  -3.57107219e-06 -1.47577286e-07 -7.66394600e-10  3.95036187e-10\n  -2.33657118e-06  9.68221476e-08  5.64421614e-08 -1.03200051e-06\n   2.72268880e-08  2.03539931e-08 -8.75834136e-13 -9.02213616e-13\n   1.01932492e-14]\n [ 6.59282715e-15  3.03155224e-07  1.57087706e-07  7.20850456e-08\n   1.16054342e-08  7.98279812e-09  2.86827049e-14  4.69999174e-15\n   1.50853356e-14 -2.87905913e-08 -5.54500248e-08  2.09280696e-09\n  -3.95338865e-09 -2.84220368e-05  5.29576499e-07  4.95702287e-07\n  -4.13227371e-08 -3.68742124e-09 -4.74565019e-09 -1.53965339e-05\n   1.91436547e-07  2.40423858e-07 -5.02886784e-09 -3.37854330e-09\n  -7.45564522e-06  3.94168916e-08  1.00733027e-07  3.13029200e-10\n  -1.03200052e-06  2.72268929e-08  2.03539927e-08 -7.64825265e-07\n   1.19099937e-08  1.26499020e-08 -9.18982297e-13 -9.46661368e-13\n   1.06954218e-14]\n [ 2.76288905e-20  9.77270994e-13  6.26636148e-13  3.57731157e-13\n   2.73359913e-14  2.86827049e-14  1.20202046e-19  1.96964905e-20\n   6.32188706e-20 -1.40854559e-13 -1.81996044e-13 -1.23827878e-14\n  -1.81639619e-14 -9.68810533e-11  1.05495355e-12  1.46877821e-12\n  -1.72055363e-13 -1.42249734e-14 -1.87701313e-14 -6.21211177e-11\n   6.76447018e-13  9.41795619e-13 -1.91923037e-14 -1.79259043e-14\n  -3.54634145e-11  3.86166902e-13  5.37647864e-13  1.19640428e-15\n  -2.70993407e-12  2.95089144e-14  4.10843153e-14 -2.84343969e-12\n   3.09626742e-14  4.31083473e-14 -3.85122508e-18 -3.96722115e-18\n   4.48218393e-20]\n [ 4.52731211e-21  1.60137115e-13  1.02681554e-13  5.86183727e-14\n   4.47931720e-15  4.69999174e-15  1.96964905e-20  3.22749695e-21\n   1.03591405e-20 -2.30806427e-14 -2.98221492e-14 -2.02906248e-15\n  -2.97637449e-15 -1.58750771e-11  1.72866297e-13  2.40676237e-13\n  -2.81932540e-14 -2.33092582e-15 -3.07570232e-15 -1.01792610e-11\n   1.10843639e-13  1.54324066e-13 -3.14488013e-15 -2.93736600e-15\n  -5.81108916e-12  6.32778972e-14  8.80997985e-14  1.96044629e-16\n  -4.44053927e-13  4.83537569e-15  6.73213853e-15 -4.65930361e-13\n   5.07359098e-15  7.06379949e-15 -6.31067612e-19 -6.50074904e-19\n   7.34457491e-21]\n [ 1.45310942e-20  5.13984333e-13  3.29572006e-13  1.88144549e-13\n   1.43770472e-14  1.50853356e-14  6.32188706e-20  1.03591405e-20\n   3.32492310e-20 -7.40808199e-14 -9.57187064e-14 -6.51258346e-15\n  -9.55312488e-15 -5.09534651e-11  5.54840573e-13  7.72486847e-13\n  -9.04905204e-14 -7.48145960e-15 -9.87193260e-15 -3.26718806e-11\n   3.55769455e-13  4.95326471e-13 -1.00939693e-14 -9.42792122e-15\n  -1.86515711e-11  2.03099998e-13  2.82769652e-13  6.29234942e-16\n  -1.42525836e-12  1.55198709e-14  2.16078186e-14 -1.49547409e-12\n   1.62844590e-14  2.26723347e-14 -2.02550712e-18 -2.08651390e-18\n   2.35735260e-20]\n [-3.23759480e-14 -8.48991544e-07 -7.02296955e-07 -4.75407208e-07\n  -1.05143828e-08 -2.87905913e-08 -1.40854559e-13 -2.30806427e-14\n  -7.40808199e-14  1.85463436e-07  1.62366861e-07  3.58809109e-08\n   2.28975036e-08  9.10696660e-05 -5.98769513e-08 -1.10629675e-06\n   2.00487667e-07  1.54283308e-08  2.08659340e-08  7.03678691e-05\n  -6.65562259e-07 -1.03717384e-06  2.05880622e-08  2.48118271e-08\n   4.58185779e-05 -6.75767371e-07 -7.46711563e-07 -1.28535562e-09\n   1.54402540e-06  5.08824113e-08 -3.47472166e-09  2.96651632e-06\n  -1.71386850e-08 -4.05090083e-08  4.51292326e-12  4.64884919e-12\n  -5.25229030e-14]\n [-4.18324724e-14 -2.21838702e-06 -1.02860187e-06 -4.01437408e-07\n  -9.50572129e-08 -5.54500248e-08 -1.81996044e-13 -2.98221492e-14\n  -9.57187064e-14  1.62366861e-07  4.02502537e-07 -3.45510881e-08\n   2.34795855e-08  2.02695396e-04 -4.53114473e-06 -3.75730612e-06\n   2.63323107e-07  2.46322166e-08  3.12358330e-08  1.00108691e-04\n  -1.34121516e-06 -1.59165494e-06  3.38019043e-08  1.76489484e-08\n   4.30648405e-05 -2.78855109e-08 -5.23017050e-07 -2.10228752e-09\n   8.17218124e-06 -2.57825560e-07 -1.73611401e-07  5.21671218e-06\n  -9.46261493e-08 -9.02253222e-08  5.83107986e-12  6.00670770e-12\n  -6.78640482e-14]\n [-2.84623015e-15  2.09485196e-07 -3.10395293e-08 -9.57161527e-08\n   1.97172819e-08  2.09280696e-09 -1.23827878e-14 -2.02906248e-15\n  -6.51258346e-15  3.58809109e-08 -3.45510881e-08  2.36542326e-08\n   3.55995702e-09 -1.35359350e-05  1.12314226e-06  4.92532585e-07\n   1.65418749e-08  1.66177242e-10  7.51182561e-10  3.85844977e-06\n   6.34188962e-08 -2.74503259e-08 -1.43482035e-11  5.83217098e-09\n   8.11636712e-06 -2.73563272e-07 -1.77578348e-07 -1.14015389e-12\n  -1.42930503e-06  8.64526187e-08  4.25430997e-08 -8.97866429e-08\n   1.68571704e-08  6.03710250e-09  3.96739527e-13  4.08689029e-13\n  -4.61738666e-15]\n [-4.17505468e-15 -1.24271487e-07 -9.21630809e-08 -5.84995290e-08\n  -2.43034693e-09 -3.95338865e-09 -1.81639619e-14 -2.97637449e-15\n  -9.55312488e-15  2.28975036e-08  2.34795855e-08  3.55995702e-09\n   2.87223185e-09  1.28652587e-05 -6.64584799e-08 -1.73363333e-07\n   2.59103685e-08  2.05151852e-09  2.74715864e-09  9.19548474e-06\n  -9.21746934e-08 -1.37066532e-07  2.74990224e-09  3.00957864e-09\n   5.69574269e-06 -7.59964361e-08 -9.04660338e-08 -1.71576149e-10\n   2.80575805e-07  2.29428053e-09 -2.67848447e-09  4.00797123e-07\n  -3.16602249e-09 -5.72347951e-09  5.81966014e-13  5.99494403e-13\n  -6.77311417e-15]\n [-2.22684730e-11 -1.11359381e-03 -5.40277461e-04 -2.26469504e-04\n  -4.57112808e-05 -2.84220368e-05 -9.68810533e-11 -1.58750771e-11\n  -5.09534651e-11  9.10696660e-05  2.02695396e-04 -1.35359350e-05\n   1.28652587e-05  1.02796470e-01 -2.14471943e-03 -1.86038554e-03\n   1.39916833e-04  1.28303947e-05  1.63710080e-05  5.27389206e-02\n  -6.85076950e-04 -8.32180090e-04  1.75614228e-05  1.02598892e-05\n   2.38930391e-02 -6.55781145e-05 -3.04932429e-04 -1.09260088e-06\n   3.97949390e-03 -1.17825854e-04 -8.22667578e-05  2.69393356e-03\n  -4.60214214e-05 -4.57553304e-05  3.10402987e-09  3.19752097e-09\n  -3.61257328e-11]\n [ 2.42485026e-13  2.56496456e-05  7.34445293e-06 -1.00511153e-07\n   1.48025163e-06  5.29576499e-07  1.05495355e-12  1.72866297e-13\n   5.54840573e-13 -5.98769513e-08 -4.53114473e-06  1.12314226e-06\n  -6.64584799e-08 -2.14471943e-03  7.70637569e-05  4.83306611e-05\n  -1.57514314e-06 -1.96360975e-07 -2.29823501e-07 -6.85076909e-04\n   1.32634908e-05  1.20951264e-05 -2.78060912e-07  6.20537083e-08\n  -6.55780970e-05 -9.47921278e-06 -2.00732216e-06  1.72216879e-08\n  -1.17825842e-04  5.18505970e-06  2.93531023e-06 -4.60214243e-05\n   1.37521278e-06  9.55095617e-07 -3.38002864e-11 -3.48183262e-11\n   3.93378983e-13]\n [ 3.37604173e-13  2.08649400e-05  8.62123961e-06  2.67766600e-06\n   9.82317901e-07  4.95702287e-07  1.46877821e-12  2.40676237e-13\n   7.72486847e-13 -1.10629675e-06 -3.75730612e-06  4.92532585e-07\n  -1.73363333e-07 -1.86038554e-03  4.83306611e-05  3.64709082e-05\n  -2.13641208e-06 -2.11197743e-07 -2.63376354e-07 -8.32180029e-04\n   1.20951263e-05  1.35095898e-05 -2.91810838e-07 -1.04376427e-07\n  -3.04932429e-04 -2.00732154e-06  3.05414688e-06  1.81322839e-08\n  -8.22667611e-05  2.93531060e-06  1.84776710e-06 -4.57553315e-05\n   9.55095572e-07  8.28206668e-07 -4.70590616e-11 -4.84764459e-11\n   5.47689021e-13]\n [-3.95475696e-14 -1.41524194e-06 -8.98728511e-07 -5.08940060e-07\n  -4.03191529e-08 -4.13227371e-08 -1.72055363e-13 -2.81932540e-14\n  -9.04905204e-14  2.00487667e-07  2.63323107e-07  1.65418749e-08\n   2.59103685e-08  1.39916833e-04 -1.57514314e-06 -2.13641208e-06\n   2.46339904e-07  2.04300697e-08  2.69297673e-08  8.90535023e-05\n  -9.75290114e-07 -1.35174840e-06  2.75768133e-08  2.54482392e-08\n   5.05259249e-05 -5.40398549e-07 -7.63123342e-07 -1.71896790e-09\n   3.96924684e-06 -4.69680796e-08 -6.12794328e-08  4.09028111e-06\n  -4.53789251e-08 -6.22583627e-08  5.51258443e-12  5.67861942e-12\n  -6.41572924e-14]\n [-3.26966342e-15 -1.33659283e-07 -7.61032257e-08 -3.89172382e-08\n  -4.54321358e-09 -3.68742124e-09 -1.42249734e-14 -2.33092582e-15\n  -7.48145960e-15  1.54283308e-08  2.46322166e-08  1.66177242e-10\n   2.05151852e-09  1.28303947e-05 -1.96360975e-07 -2.11197743e-07\n   2.04300697e-08  1.75884353e-09  2.28994763e-09  7.49907407e-06\n  -8.77798116e-08 -1.15493171e-07  2.38687760e-09  1.89000511e-09\n   3.93770783e-06 -3.21272286e-08 -5.65323679e-08 -1.48674365e-10\n   4.19887919e-07 -8.68779493e-09 -7.57763924e-09  3.58717647e-07\n  -4.82804485e-09 -5.70985324e-09  4.55762411e-13  4.69489640e-13\n  -5.30431463e-15]\n [-4.31438497e-15 -1.68993966e-07 -9.96231096e-08 -5.27511736e-08\n  -5.45927307e-09 -4.74565019e-09 -1.87701313e-14 -3.07570232e-15\n  -9.87193260e-15  2.08659340e-08  3.12358330e-08  7.51182561e-10\n   2.74715864e-09  1.63710080e-05 -2.29823501e-07 -2.63376354e-07\n   2.69297673e-08  2.28994763e-09  2.99352560e-09  9.83477806e-06\n  -1.12663483e-07 -1.50741918e-07  3.10219727e-09  2.58862882e-09\n   5.30196325e-06 -4.79491764e-08 -7.74998972e-08 -1.93276373e-10\n   5.13442303e-07 -9.33660216e-09 -8.88705549e-09  4.64238534e-07\n  -5.89421426e-09 -7.28521638e-09  6.01387436e-13  6.19500783e-13\n  -6.99914714e-15]\n [-1.42787716e-11 -5.40277434e-04 -3.27654696e-04 -1.78193657e-04\n  -1.66860167e-05 -1.53965339e-05 -6.21211177e-11 -1.01792610e-11\n  -3.26718806e-11  7.03678691e-05  1.00108691e-04  3.85844977e-06\n   9.19548474e-06  5.27389206e-02 -6.85076909e-04 -8.32180029e-04\n   8.90535023e-05  7.49907407e-06  9.83477806e-06  3.23930865e-02\n  -3.64705469e-04 -4.94625015e-04  1.01448221e-05  8.81166501e-06\n   1.78209283e-02 -1.73027840e-04 -2.63984908e-04 -6.32173964e-07\n   1.59450351e-03 -2.54120822e-05 -2.65438768e-05  1.51296192e-03\n  -1.82779699e-05 -2.34683984e-05  1.99033556e-09  2.05028300e-09\n  -2.31641877e-11]\n [ 1.55483881e-13  7.34445313e-06  3.72578435e-06  1.66304917e-06\n   2.87859979e-07  1.91436547e-07  6.76447018e-13  1.10843639e-13\n   3.55769455e-13 -6.65562259e-07 -1.34121516e-06  6.34188962e-08\n  -9.21746934e-08 -6.85076950e-04  1.32634908e-05  1.20951263e-05\n  -9.75290114e-07 -8.77798116e-08 -1.12663483e-07 -3.64705469e-04\n   4.59844191e-06  5.71382426e-06 -1.19851213e-07 -7.71744037e-08\n  -1.73027852e-04  7.82692961e-07  2.29888249e-06  7.45914893e-09\n  -2.54120812e-05  6.98349963e-07  5.09417774e-07 -1.82779729e-05\n   2.93480144e-07  3.04916978e-07 -2.16730896e-11 -2.23258672e-11\n   2.52238631e-13]\n [ 2.16475250e-13  8.62123984e-06  5.01394837e-06  2.61986607e-06\n   2.84231510e-07  2.40423858e-07  9.41795619e-13  1.54324066e-13\n   4.95326471e-13 -1.03717384e-06 -1.59165494e-06 -2.74503259e-08\n  -1.37066532e-07 -8.32180090e-04  1.20951264e-05  1.35095898e-05\n  -1.35174840e-06 -1.15493171e-07 -1.50741918e-07 -4.94625015e-04\n   5.71382426e-06  7.59534536e-06 -1.56564751e-07 -1.28061276e-07\n  -2.63984927e-04  2.29888253e-06  3.83266017e-06  9.75356317e-09\n  -2.65438805e-05  5.09417851e-07  4.67314450e-07 -2.34684011e-05\n   3.04916961e-07  3.70332106e-07 -3.01747518e-11 -3.10835931e-11\n   3.51183805e-13]\n [-4.41142288e-15 -1.83639103e-07 -1.03035569e-07 -5.18795692e-08\n  -6.36989770e-09 -5.02886784e-09 -1.91923037e-14 -3.14488013e-15\n  -1.00939693e-14  2.05880622e-08  3.38019043e-08 -1.43482035e-11\n   2.74990224e-09  1.75614228e-05 -2.78060912e-07 -2.91810838e-07\n   2.75768133e-08  2.38687760e-09  3.10219727e-09  1.01448221e-05\n  -1.19851213e-07 -1.56564751e-07  3.24159908e-09  2.50750565e-09\n   5.26517117e-06 -4.08538927e-08 -7.49707948e-08 -2.01892809e-10\n   5.84724071e-07 -1.26755378e-08 -1.07223575e-08  4.88060716e-07\n  -6.72768550e-09 -7.81541614e-09  6.14913669e-13  6.33434417e-13\n  -7.15656995e-15]\n [-4.12033624e-15 -9.05039792e-08 -8.74824356e-08 -6.38323157e-08\n  -6.35899596e-11 -3.37854330e-09 -1.79259043e-14 -2.93736600e-15\n  -9.42792122e-15  2.48118271e-08  1.76489484e-08  5.83217098e-09\n   3.00957864e-09  1.02598892e-05  6.20537083e-08 -1.04376427e-07\n   2.54482392e-08  1.89000511e-09  2.58862882e-09  8.81166501e-06\n  -7.71744037e-08 -1.28061276e-07  2.50750565e-09  3.38311336e-09\n   6.08355555e-06 -9.92248885e-08 -1.01941895e-07 -1.56674512e-10\n   9.98665991e-08  1.15374275e-08  2.20349341e-09  3.55888084e-07\n  -1.04727524e-09 -4.56273988e-09  5.74338744e-13  5.91637404e-13\n  -6.68434546e-15]\n [-8.15139866e-12 -2.26469468e-04 -1.78193643e-04 -1.17281503e-04\n  -3.57107219e-06 -7.45564522e-06 -3.54634145e-11 -5.81108916e-12\n  -1.86515711e-11  4.58185779e-05  4.30648405e-05  8.11636712e-06\n   5.69574269e-06  2.38930391e-02 -6.55780970e-05 -3.04932429e-04\n   5.05259249e-05  3.93770783e-06  5.30196325e-06  1.78209283e-02\n  -1.73027852e-04 -2.63984927e-04  5.26517117e-06  6.08355555e-06\n   1.13529156e-02 -1.60555484e-04 -1.82992349e-04 -3.28624486e-07\n   4.58789048e-04  9.14177862e-06 -2.79256256e-06  7.62579963e-04\n  -5.13695176e-06 -1.06286663e-05  1.13623350e-09  1.17045602e-09\n  -1.32238636e-11]\n [ 8.87619088e-14 -1.00511128e-07  1.66304894e-06  1.76419640e-06\n  -1.47577286e-07  3.94168916e-08  3.86166902e-13  6.32778972e-14\n   2.03099998e-13 -6.75767371e-07 -2.78855109e-08 -2.73563272e-07\n  -7.59964361e-08 -6.55781145e-05 -9.47921278e-06 -2.00732154e-06\n  -5.40398549e-07 -3.21272286e-08 -4.79491764e-08 -1.73027840e-04\n   7.82692961e-07  2.29888253e-06 -4.08538927e-08 -9.92248885e-08\n  -1.60555484e-04  3.68285758e-06  3.00376990e-06  2.56799282e-09\n   9.14177594e-06 -8.40096528e-07 -3.56658046e-07 -5.13695309e-06\n  -1.09950363e-07  2.90321162e-08 -1.23726318e-11 -1.27452864e-11\n   1.43996807e-13]\n [ 1.23580375e-13  2.67766550e-06  2.61986568e-06  1.92149352e-06\n  -7.66394600e-10  1.00733027e-07  5.37647864e-13  8.80997985e-14\n   2.82769652e-13 -7.46711563e-07 -5.23017050e-07 -1.77578348e-07\n  -9.04660338e-08 -3.04932429e-04 -2.00732216e-06  3.05414688e-06\n  -7.63123342e-07 -5.65323679e-08 -7.74998972e-08 -2.63984908e-04\n   2.29888249e-06  3.83266017e-06 -7.49707948e-08 -1.01941895e-07\n  -1.82992349e-04  3.00376990e-06  3.07202009e-06  4.68461702e-09\n  -2.79256342e-06 -3.56658131e-07 -7.16389338e-08 -1.06286670e-05\n   2.90321002e-08  1.35606058e-07 -1.72260207e-11 -1.77448558e-11\n   2.00482163e-13]\n [ 2.74998006e-16  1.14194426e-08  6.41995454e-09  3.23940531e-09\n   3.95036187e-10  3.13029200e-10  1.19640428e-15  1.96044629e-16\n   6.29234942e-16 -1.28535562e-09 -2.10228752e-09 -1.14015389e-12\n  -1.71576149e-10 -1.09260088e-06  1.72216879e-08  1.81322839e-08\n  -1.71896790e-09 -1.48674365e-10 -1.93276373e-10 -6.32173964e-07\n   7.45914893e-09  9.75356317e-09 -2.01892809e-10 -1.56674512e-10\n  -3.28624486e-07  2.56799282e-09  4.68461702e-09  1.25744339e-11\n  -3.62950316e-08  7.82027649e-10  6.64154553e-10 -3.03897935e-08\n   4.17565924e-10  4.86242532e-10 -3.83323107e-14 -3.94868517e-14\n   4.46124191e-16]\n [-6.22888496e-13 -4.57112839e-05 -1.66860192e-05 -3.57107392e-06\n  -2.33657118e-06 -1.03200052e-06 -2.70993407e-12 -4.44053927e-13\n  -1.42525836e-12  1.54402540e-06  8.17218124e-06 -1.42930503e-06\n   2.80575805e-07  3.97949390e-03 -1.17825842e-04 -8.22667611e-05\n   3.96924684e-06  4.19887919e-07  5.13442303e-07  1.59450351e-03\n  -2.54120812e-05 -2.65438805e-05  5.84724071e-07  9.98665991e-08\n   4.58789048e-04  9.14177594e-06 -2.79256342e-06 -3.62950316e-08\n   1.91526701e-04 -7.49749377e-06 -4.49726615e-06  9.33223004e-05\n  -2.22850439e-06 -1.77180077e-06  8.68251947e-11  8.94403057e-11\n  -1.01050051e-12]\n [ 6.78273450e-15  1.48025185e-06  2.87860015e-07 -1.47577321e-07\n   9.68221476e-08  2.72268929e-08  2.95089144e-14  4.83537569e-15\n   1.55198709e-14  5.08824113e-08 -2.57825560e-07  8.64526187e-08\n   2.29428053e-09 -1.17825854e-04  5.18505970e-06  2.93531060e-06\n  -4.69680796e-08 -8.68779493e-09 -9.33660216e-09 -2.54120822e-05\n   6.98349963e-07  5.09417851e-07 -1.26755378e-08  1.15374275e-08\n   9.14177862e-06 -8.40096528e-07 -3.56658131e-07  7.82027649e-10\n  -7.49749377e-06  3.65126840e-07  1.97142060e-07 -2.22850470e-06\n   8.77688949e-08  5.24844908e-08 -9.45453716e-13 -9.73930087e-13\n   1.10035050e-14]\n [ 9.44338376e-15  9.82317920e-07  2.84231508e-07 -7.66381068e-10\n   5.64421614e-08  2.03539927e-08  4.10843153e-14  6.73213853e-15\n   2.16078186e-14 -3.47472166e-09 -1.73611401e-07  4.25430997e-08\n  -2.67848447e-09 -8.22667578e-05  2.93531023e-06  1.84776710e-06\n  -6.12794328e-08 -7.57763924e-09 -8.88705549e-09 -2.65438768e-05\n   5.09417774e-07  4.67314450e-07 -1.07223575e-08  2.20349341e-09\n  -2.79256256e-06 -3.56658046e-07 -7.16389338e-08  6.64154553e-10\n  -4.49726615e-06  1.97142060e-07  1.11811817e-07 -1.77180069e-06\n   5.24844820e-08  3.66350844e-08 -1.31632489e-12 -1.35597163e-12\n   1.53198272e-14]\n [-6.53575262e-13 -2.84220404e-05 -1.53965372e-05 -7.45564783e-06\n  -1.03200051e-06 -7.64825265e-07 -2.84343969e-12 -4.65930361e-13\n  -1.49547409e-12  2.96651632e-06  5.21671218e-06 -8.97866429e-08\n   4.00797123e-07  2.69393356e-03 -4.60214243e-05 -4.57553315e-05\n   4.09028111e-06  3.58717647e-07  4.64238534e-07  1.51296192e-03\n  -1.82779729e-05 -2.34684011e-05  4.88060716e-07  3.55888084e-07\n   7.62579963e-04 -5.13695309e-06 -1.06286670e-05 -3.03897935e-08\n   9.33223004e-05 -2.22850470e-06 -1.77180069e-06  7.38078683e-05\n  -1.07526857e-06 -1.19893862e-06  9.11026608e-11  9.38466060e-11\n  -1.06028309e-12]\n [ 7.11688662e-15  5.29576495e-07  1.91436550e-07  3.94169052e-08\n   2.72268880e-08  1.19099937e-08  3.09626742e-14  5.07359098e-15\n   1.62844590e-14 -1.71386850e-08 -9.46261493e-08  1.68571704e-08\n  -3.16602249e-09 -4.60214214e-05  1.37521278e-06  9.55095572e-07\n  -4.53789251e-08 -4.82804485e-09 -5.89421426e-09 -1.82779699e-05\n   2.93480144e-07  3.04916961e-07 -6.72768550e-09 -1.04727524e-09\n  -5.13695176e-06 -1.09950363e-07  2.90321002e-08  4.17565924e-10\n  -2.22850439e-06  8.77688949e-08  5.24844820e-08 -1.07526857e-06\n   2.59336609e-08  2.04904237e-08 -9.92031593e-13 -1.02191085e-12\n   1.15455939e-14]\n [ 9.90861508e-15  4.95702327e-07  2.40423880e-07  1.00733059e-07\n   2.03539931e-08  1.26499020e-08  4.31083473e-14  7.06379949e-15\n   2.26723347e-14 -4.05090083e-08 -9.02253222e-08  6.03710250e-09\n  -5.72347951e-09 -4.57553304e-05  9.55095617e-07  8.28206668e-07\n  -6.22583627e-08 -5.70985324e-09 -7.28521638e-09 -2.34683984e-05\n   3.04916978e-07  3.70332106e-07 -7.81541614e-09 -4.56273988e-09\n  -1.06286663e-05  2.90321162e-08  1.35606058e-07  4.86242532e-10\n  -1.77180077e-06  5.24844908e-08  3.66350844e-08 -1.19893862e-06\n   2.04904237e-08  2.03659809e-08 -1.38117406e-12 -1.42277401e-12\n   1.60745634e-14]\n [-8.85218509e-19 -3.13113685e-11 -2.00771695e-11 -1.14615620e-11\n  -8.75834136e-13 -9.18982297e-13 -3.85122508e-18 -6.31067612e-19\n  -2.02550712e-18  4.51292326e-12  5.83107986e-12  3.96739527e-13\n   5.81966014e-13  3.10402987e-09 -3.38002864e-11 -4.70590616e-11\n   5.51258443e-12  4.55762411e-13  6.01387436e-13  1.99033556e-09\n  -2.16730896e-11 -3.01747518e-11  6.14913669e-13  5.74338744e-13\n   1.13623350e-09 -1.23726318e-11 -1.72260207e-11 -3.83323107e-14\n   8.68251947e-11 -9.45453716e-13 -1.31632489e-12  9.11026608e-11\n  -9.92031593e-13 -1.38117406e-12  1.23391698e-16  1.27108166e-16\n  -1.43607365e-18]\n [-9.11880640e-19 -3.22544439e-11 -2.06818790e-11 -1.18067758e-11\n  -9.02213616e-13 -9.46661368e-13 -3.96722115e-18 -6.50074904e-19\n  -2.08651390e-18  4.64884919e-12  6.00670770e-12  4.08689029e-13\n   5.99494403e-13  3.19752097e-09 -3.48183262e-11 -4.84764459e-11\n   5.67861942e-12  4.69489640e-13  6.19500783e-13  2.05028300e-09\n  -2.23258672e-11 -3.10835931e-11  6.33434417e-13  5.91637404e-13\n   1.17045602e-09 -1.27452864e-11 -1.77448558e-11 -3.94868517e-14\n   8.94403057e-11 -9.73930087e-13 -1.35597163e-12  9.38466060e-11\n  -1.02191085e-12 -1.42277401e-12  1.27108166e-16  1.30936570e-16\n  -1.47932714e-18]\n [ 1.03024676e-20  3.64412128e-13  2.33664781e-13  1.33393473e-13\n   1.01932492e-14  1.06954218e-14  4.48218393e-20  7.34457491e-21\n   2.35735260e-20 -5.25229030e-14 -6.78640482e-14 -4.61738666e-15\n  -6.77311417e-15 -3.61257328e-11  3.93378983e-13  5.47689021e-13\n  -6.41572924e-14 -5.30431463e-15 -6.99914714e-15 -2.31641877e-11\n   2.52238631e-13  3.51183805e-13 -7.15656995e-15 -6.68434546e-15\n  -1.32238636e-11  1.43996807e-13  2.00482163e-13  4.46124191e-16\n  -1.01050051e-12  1.10035050e-14  1.53198272e-14 -1.06028309e-12\n   1.15455939e-14  1.60745634e-14 -1.43607365e-18 -1.47932714e-18\n   1.67135032e-20]]', 'hess_sum': '[[ 1.55575836e-12 -8.02020880e-13  2.15218793e-13  5.32793931e-13\n  -1.77816987e-13  1.20971003e-14 -2.35851091e-10  6.99399367e-13\n  -9.94213094e-13  4.41722291e-14  9.70513269e-14 -2.85222963e-14\n  -4.14998489e-15 -1.48090703e-10 -1.15420115e-12 -1.32145818e-12\n  -9.73922752e-14  2.49831681e-14  4.56585836e-15  1.54136862e-11\n  -1.47829735e-13 -1.04124168e-13 -6.45031635e-15  1.67907612e-14\n   2.73039617e-11  2.38355275e-13 -1.12041641e-13 -1.03751209e-14\n   8.07676159e-12 -2.37357941e-14  4.19765834e-14  7.23263033e-12\n  -2.40320806e-13  5.38467921e-14  2.56681796e-10  3.19844907e-10\n   1.09003032e-11]\n [-8.02020880e-13 -6.40036004e-06  1.08487194e-06  1.11816109e-07\n  -3.09911307e-07 -2.55318068e-07  9.68340547e-12  2.86257753e-13\n  -1.85496544e-12  1.86213697e-07  1.00883572e-06 -2.04288590e-07\n   4.88515374e-08  5.82298458e-04 -1.33838917e-05 -1.09019449e-05\n  -3.83498638e-08  5.32892371e-09 -3.04809684e-08 -1.03376867e-04\n   1.68851910e-06  1.73299100e-06  4.58848749e-08  3.50202871e-08\n  -6.51910624e-06  6.87061419e-07  2.80243447e-07 -1.85468489e-09\n   3.10275902e-05 -2.96742222e-07 -4.58289019e-07  2.41815444e-05\n  -4.15689908e-07 -4.11475378e-07  1.90789675e-10 -7.63966031e-11\n  -3.24872862e-12]\n [ 2.15218793e-13  1.08487194e-06 -5.84895142e-06 -5.97949463e-07\n  -2.86426037e-07 -1.62919386e-07  1.72079465e-11  2.28049376e-13\n  -3.51213965e-13 -7.49437424e-07 -2.39379102e-07 -8.76495888e-08\n  -8.68270665e-08 -1.03376888e-04  1.68851881e-06  1.73299079e-06\n   6.33216215e-07  2.64631676e-07  1.93786767e-07  5.71506826e-04\n  -7.34652574e-06 -8.99517306e-06  8.60593095e-08  4.54979276e-08\n   6.06733260e-05 -4.72306839e-07 -8.64377016e-07  1.67142303e-08\n   2.70652416e-05 -4.74100742e-07 -4.63147479e-07  1.54453768e-05\n  -2.63385937e-07 -2.62193996e-07  2.16820277e-11 -5.95501548e-11\n  -6.17382969e-13]\n [ 5.32793931e-13  1.11816109e-07 -5.97949463e-07 -9.21186446e-07\n   8.16868590e-08  9.75601195e-08  1.94193415e-11 -6.33018495e-13\n  -5.34731822e-13 -8.94815824e-08 -4.02871518e-08  7.82914037e-09\n   7.64790653e-09 -6.51908379e-06  6.87061703e-07  2.80243386e-07\n   7.48860180e-08  4.34321869e-08  1.93119339e-08  6.06733078e-05\n  -4.72306804e-07 -8.64377120e-07  2.41347966e-08  8.17815145e-09\n   7.73698258e-05 -2.72501846e-06 -1.72730534e-06 -4.75439138e-09\n  -6.51809881e-06  2.84156804e-07  1.61591656e-07 -7.12151963e-06\n   4.21636034e-07  2.09287314e-07  9.10499814e-11  1.39877776e-10\n  -1.72610273e-12]\n [-1.77816987e-13 -3.09911307e-07 -2.86426037e-07  8.16868590e-08\n  -2.19624599e-07 -6.28184587e-08  1.35789608e-11  6.90359308e-14\n  -4.50528309e-14 -5.14647151e-08  5.19764821e-08 -8.34190373e-08\n  -2.61827091e-08  3.10275891e-05 -2.96742267e-07 -4.58289127e-07\n   6.30365058e-08  2.08666932e-08  1.60283497e-08  2.70652408e-05\n  -4.74100746e-07 -4.63147418e-07  3.27031313e-08  2.46966595e-09\n  -6.51809921e-06  2.84156787e-07  1.61591646e-07  2.85102788e-09\n   2.02224236e-05 -4.29342042e-07 -3.68167338e-07  6.12112971e-06\n  -8.10018771e-08 -9.70250990e-08 -4.00205786e-12  4.49000202e-12\n   2.78749102e-13]\n [ 1.20971003e-14 -2.55318068e-07 -1.62919386e-07  9.75601195e-08\n  -6.28184587e-08 -6.29034489e-08  8.55548927e-12 -2.06350392e-13\n  -3.73686025e-14 -5.14550778e-08  4.06770759e-08 -2.99895856e-08\n  -1.12129349e-08  2.41815445e-05 -4.15689847e-07 -4.11475409e-07\n   2.37970056e-08  1.30382883e-08  4.41266308e-09  1.54453780e-05\n  -2.63385939e-07 -2.62194042e-07  5.00952308e-09  1.02034074e-08\n  -7.12151921e-06  4.21636008e-07  2.09287327e-07  3.46745192e-09\n   6.12112982e-06 -8.10018774e-08 -9.70250992e-08  5.48285222e-06\n  -1.61314717e-07 -1.13043978e-07  1.40307661e-11 -2.39151620e-12\n   4.37320613e-14]\n [-2.35851091e-10  9.68340547e-12  1.72079465e-11  1.94193415e-11\n   1.35789608e-11  8.55548927e-12 -2.06507086e-08  1.07384878e-10\n  -6.10156625e-10  2.19069225e-11  2.95432881e-11  3.10760613e-12\n   1.06489145e-12 -5.02001595e-09 -8.01845334e-11  2.57922013e-11\n  -1.21593135e-12 -1.37509103e-12 -7.71616994e-13 -2.83066399e-09\n  -9.17352471e-13 -2.27506985e-11 -4.47662031e-13  1.48996180e-13\n   1.75361420e-09  1.07655454e-10  9.39471046e-12  9.55645740e-13\n  -6.57715431e-10  6.73406366e-12  2.09041422e-11  8.69653215e-11\n   1.24312435e-12 -2.28109131e-12  1.09469431e-08  8.70713661e-08\n  -1.40041100e-09]\n [ 6.99399367e-13  2.86257753e-13  2.28049376e-13 -6.33018495e-13\n   6.90359308e-14 -2.06350392e-13  1.07384878e-10  1.98240238e-12\n   5.91666564e-12  1.44702832e-13 -2.33623089e-13  1.13343472e-14\n   1.83699117e-14 -8.61689530e-11  2.86403735e-12 -3.19333368e-12\n  -1.10184662e-13  2.26585637e-14 -9.01488890e-15  4.19854565e-11\n  -3.39545011e-14  1.81730419e-14  2.77891268e-14 -3.87393433e-14\n   8.51990421e-11 -2.03855392e-13 -5.07392559e-13  5.19145511e-15\n   1.73833158e-11  3.90108885e-13 -3.27422737e-13 -1.71426443e-11\n  -1.53790109e-13 -1.11241626e-13 -3.77339188e-10  3.23152094e-10\n   2.09206130e-11]\n [-9.94213094e-13 -1.85496544e-12 -3.51213965e-13 -5.34731822e-13\n  -4.50528309e-14 -3.73686025e-14 -6.10156625e-10  5.91666564e-12\n   3.47121725e-12 -1.87861013e-13  1.41372029e-13 -6.88570918e-14\n   4.36089917e-14 -2.57448994e-11 -1.96145966e-12 -1.08765650e-12\n  -8.16645701e-14  1.63663754e-14  5.45297835e-15  6.55430437e-12\n  -2.44983337e-14 -6.17431304e-13 -2.61456111e-14 -5.49806227e-15\n  -1.18820364e-10 -1.72328403e-12  1.78973293e-13  1.81943713e-15\n   3.69796505e-12  4.27767298e-13 -1.01925456e-13 -1.38469275e-11\n  -1.00922854e-13  9.83750827e-14  2.90998377e-10 -1.04379335e-09\n  -8.15700750e-12]\n [ 4.41722291e-14  1.86213697e-07 -7.49437424e-07 -8.94815824e-08\n  -5.14647151e-08 -5.14550778e-08  2.19069225e-11  1.44702832e-13\n  -1.87861013e-13 -3.28147866e-07 -1.54206778e-08 -5.14461706e-08\n  -3.13135192e-08 -1.71487041e-05  3.63696300e-07  3.12093432e-07\n   2.73468339e-08  5.40770766e-08  1.63255759e-08  7.39787510e-05\n  -8.48230047e-07 -1.13412758e-06  8.50213357e-09  8.71814409e-09\n   7.32095667e-06 -2.88833043e-07 -1.72566100e-07  4.91073750e-09\n   5.38876793e-06 -1.99731127e-08 -7.02997114e-08  5.13955395e-06\n  -5.07580885e-08 -7.63855436e-08 -1.09266074e-11 -2.47895958e-11\n   8.49405823e-14]\n [ 9.70513269e-14  1.00883572e-06 -2.39379102e-07 -4.02871518e-08\n   5.19764821e-08  4.06770759e-08  2.95432881e-11 -2.33623089e-13\n   1.41372029e-13 -1.54206778e-08 -2.28003352e-07  4.66885562e-08\n   1.57911439e-09 -9.42916334e-05  1.79839160e-06  1.65673701e-06\n   7.32340738e-09 -1.73586107e-09  3.75521211e-09  2.20863933e-05\n  -4.62374131e-07 -4.00176231e-07 -3.46513462e-10 -4.95292028e-09\n   3.56665480e-06 -9.64791935e-08 -7.10459125e-08 -2.37816988e-10\n  -5.42548656e-06  2.22637557e-08  7.14131756e-08 -3.88229419e-06\n   6.25419776e-08  6.48258893e-08  2.41857630e-11  2.64867472e-11\n  -7.68891655e-14]\n [-2.85222963e-14 -2.04288590e-07 -8.76495888e-08  7.82914037e-09\n  -8.34190373e-08 -2.99895856e-08  3.10760613e-12  1.13343472e-14\n  -6.88570918e-14 -5.14461706e-08  4.66885562e-08 -5.94276871e-08\n  -1.89109279e-08  1.77382814e-05 -5.32344483e-07 -3.68801583e-07\n   1.12768529e-08  1.48829753e-08  7.80797910e-09  9.05828823e-06\n  -4.88174197e-08 -1.22659471e-07  1.18288056e-08  3.94240239e-09\n  -9.51909893e-07 -1.33525823e-08  7.44750334e-09  2.11322269e-09\n   8.25439627e-06 -9.19465636e-08 -1.25749384e-07  2.97533155e-06\n  -3.20836688e-08 -4.50150997e-08 -2.48186939e-12  4.55030435e-12\n  -6.94745404e-14]\n [-4.14998489e-15  4.88515374e-08 -8.68270665e-08  7.64790653e-09\n  -2.61827091e-08 -1.12129349e-08  1.06489145e-12  1.83699117e-14\n   4.36089917e-14 -3.13135192e-08  1.57911439e-09 -1.89109279e-08\n  -9.26581505e-09 -4.44199506e-06  1.02460760e-07  8.32711591e-08\n   9.22845905e-09  7.18130791e-09  4.30550038e-09  8.60867562e-06\n  -9.35878552e-08 -1.30467818e-07  3.27883135e-09  1.91436317e-09\n  -6.74565125e-07  1.86265824e-08  1.35486891e-08  1.18717014e-09\n   2.61750133e-06 -2.55476805e-08 -3.88129328e-08  1.06418886e-06\n  -1.79836976e-08 -1.80170246e-08 -1.59824743e-12 -8.53737535e-14\n  -2.92225363e-14]\n [-1.48090703e-10  5.82298458e-04 -1.03376888e-04 -6.51908379e-06\n   3.10275891e-05  2.41815445e-05 -5.02001595e-09 -8.61689530e-11\n  -2.57448994e-11 -1.71487041e-05 -9.42916334e-05  1.77382814e-05\n  -4.44199506e-06 -5.37682057e-02  1.11950068e-03  9.72405250e-04\n   1.83983699e-06 -2.50649682e-08  3.14071626e-06  9.93193563e-03\n  -1.50824212e-04 -1.63140216e-04 -4.91589438e-06 -3.59595925e-06\n   3.00098049e-04 -4.99783531e-05 -1.83040832e-05  1.98050984e-07\n  -3.09900422e-03  3.06276797e-05  4.60647720e-05 -2.31160184e-03\n   3.67243035e-05  3.84472198e-05  1.05532525e-08  1.78838081e-08\n   1.82906866e-10]\n [-1.15420115e-12 -1.33838917e-05  1.68851881e-06  6.87061703e-07\n  -2.96742267e-07 -4.15689847e-07 -8.01845334e-11  2.86403735e-12\n  -1.96145966e-12  3.63696300e-07  1.79839160e-06 -5.32344483e-07\n   1.02460760e-07  1.11950068e-03 -4.01627062e-05 -2.52090813e-05\n  -2.84770422e-07  6.81744949e-08 -1.81414960e-08 -1.50824231e-04\n   3.87766745e-06  2.94480469e-06  3.99110259e-09  2.23915483e-08\n  -4.99783879e-05  2.99099774e-06  1.47818324e-06 -2.42081511e-10\n   3.06276828e-05 -1.70190606e-07 -4.16243955e-07  3.67243046e-05\n  -1.00505609e-06 -7.34959202e-07  8.98882769e-11 -1.19870933e-10\n  -3.45756267e-12]\n [-1.32145818e-12 -1.09019449e-05  1.73299079e-06  2.80243386e-07\n  -4.58289127e-07 -4.11475409e-07  2.57922013e-11 -3.19333368e-12\n  -1.08765650e-12  3.12093432e-07  1.65673701e-06 -3.68801583e-07\n   8.32711591e-08  9.72405250e-04 -2.52090813e-05 -1.90474134e-05\n  -1.05847419e-07  2.03743286e-08 -4.28867412e-08 -1.63140213e-04\n   2.94480459e-06  2.81734073e-06  5.99408455e-08  4.95802586e-08\n  -1.83041330e-05  1.47818332e-06  6.54078123e-07 -2.43883365e-09\n   4.60647793e-05 -4.16244095e-07 -6.73235342e-07  3.84472276e-05\n  -7.34959302e-07 -6.76022493e-07  3.88406445e-11  4.65452972e-10\n   2.08353453e-12]\n [-9.73922752e-14 -3.83498638e-08  6.33216215e-07  7.48860180e-08\n   6.30365058e-08  2.37970056e-08 -1.21593135e-12 -1.10184662e-13\n  -8.16645701e-14  2.73468339e-08  7.32340738e-09  1.12768529e-08\n   9.22845905e-09  1.83983699e-06 -2.84770422e-07 -1.05847419e-07\n  -1.12481755e-07 -2.45965680e-08 -2.31198777e-08 -6.21391940e-05\n   7.62225190e-07  9.67270052e-07 -1.48874989e-08 -6.41908394e-09\n  -8.66826668e-06 -7.35363765e-08  8.19686309e-08 -2.02901621e-09\n  -5.80496497e-06  1.23137814e-07  1.05652980e-07 -2.19742451e-06\n   4.57436071e-08  3.97381599e-08 -6.05830455e-12  1.14963964e-11\n  -1.34634062e-13]\n [ 2.49831681e-14  5.32892371e-09  2.64631676e-07  4.34321869e-08\n   2.08666932e-08  1.30382883e-08 -1.37509103e-12  2.26585637e-14\n   1.63663754e-14  5.40770766e-08 -1.73586107e-09  1.48829753e-08\n   7.18130791e-09 -2.50649682e-08  6.81744949e-08  2.03743286e-08\n  -2.45965680e-08 -1.73363495e-08 -9.69130793e-09 -2.61835851e-05\n   2.91929542e-07  3.98965707e-07 -4.07551403e-09 -3.20406222e-09\n  -3.92046734e-06  9.46610887e-08  7.47400264e-08 -1.22277448e-09\n  -2.12267303e-06  1.58184225e-08  3.00327639e-08 -1.27873813e-06\n   1.57869039e-08  1.99349153e-08 -7.76556481e-13  1.97346593e-13\n  -3.11954632e-14]\n [ 4.56585836e-15 -3.04809684e-08  1.93786767e-07  1.93119339e-08\n   1.60283497e-08  4.41266308e-09 -7.71616994e-13 -9.01488890e-15\n   5.45297835e-15  1.63255759e-08  3.75521211e-09  7.80797910e-09\n   4.30550038e-09  3.14071626e-06 -1.81414960e-08 -4.28867412e-08\n  -2.31198777e-08 -9.69130793e-09 -8.61562557e-09 -1.89713915e-05\n   2.38901859e-07  2.97135113e-07 -3.44702399e-09 -1.55673066e-09\n  -1.79560904e-06  3.55918012e-08  3.19454708e-08 -5.92493042e-10\n  -1.56418859e-06  2.03750712e-08  2.46982865e-08 -4.25338997e-07\n   6.26526657e-09  6.92946549e-09 -1.14029706e-12 -1.08115661e-13\n   5.21904909e-16]\n [ 1.54136862e-11 -1.03376867e-04  5.71506826e-04  6.06733078e-05\n   2.70652408e-05  1.54453780e-05 -2.83066399e-09  4.19854565e-11\n   6.55430437e-12  7.39787510e-05  2.20863933e-05  9.05828823e-06\n   8.60867562e-06  9.93193563e-03 -1.50824231e-04 -1.63140213e-04\n  -6.21391940e-05 -2.61835851e-05 -1.89713915e-05 -5.60247386e-02\n   6.95230506e-04  8.74449245e-04 -8.00622522e-06 -4.25522409e-06\n  -6.12065288e-03  5.23662479e-05  8.85873307e-05 -1.64809806e-06\n  -2.58229764e-03  4.17198355e-05  4.31541690e-05 -1.47767432e-03\n   2.33085849e-05  2.45278803e-05  3.08980386e-10 -1.38682360e-10\n   1.34648255e-10]\n [-1.47829735e-13  1.68851910e-06 -7.34652574e-06 -4.72306804e-07\n  -4.74100746e-07 -2.63385939e-07 -9.17352471e-13 -3.39545011e-14\n  -2.44983337e-14 -8.48230047e-07 -4.62374131e-07 -4.88174197e-08\n  -9.35878552e-08 -1.50824212e-04  3.87766745e-06  2.94480459e-06\n   7.62225190e-07  2.91929542e-07  2.38901859e-07  6.95230506e-04\n  -1.20317147e-05 -1.18537948e-05  1.58049586e-07  8.07685427e-08\n   5.23662435e-05  1.77917495e-07 -5.73607093e-07  1.91412485e-08\n   4.17198391e-05 -1.16672429e-06 -8.42281983e-07  2.33085844e-05\n  -6.31898277e-07 -4.64704784e-07  4.54715557e-11  2.56553768e-12\n  -1.58784958e-12]\n [-1.04124168e-13  1.73299100e-06 -8.99517306e-06 -8.64377120e-07\n  -4.63147418e-07 -2.62194042e-07 -2.27506985e-11  1.81730419e-14\n  -6.17431304e-13 -1.13412758e-06 -4.00176231e-07 -1.22659471e-07\n  -1.30467818e-07 -1.63140216e-04  2.94480469e-06  2.81734073e-06\n   9.67270052e-07  3.98965707e-07  2.97135113e-07  8.74449245e-04\n  -1.18537948e-05 -1.39438202e-05  1.42247446e-07  7.46509816e-08\n   8.85873576e-05 -5.73607027e-07 -1.22789607e-06  2.53380455e-08\n   4.31541694e-05 -8.42281956e-07 -7.63892715e-07  2.45278837e-05\n  -4.64704802e-07 -4.30048636e-07 -1.73614411e-11 -8.72312391e-11\n  -1.08747921e-13]\n [-6.45031635e-15  4.58848749e-08  8.60593095e-08  2.41347966e-08\n   3.27031313e-08  5.00952308e-09 -4.47662031e-13  2.77891268e-14\n  -2.61456111e-14  8.50213357e-09 -3.46513462e-10  1.18288056e-08\n   3.27883135e-09 -4.91589438e-06  3.99110259e-09  5.99408455e-08\n  -1.48874989e-08 -4.07551403e-09 -3.44702399e-09 -8.00622522e-06\n   1.58049586e-07  1.42247446e-07 -9.63068697e-09 -1.36914287e-09\n  -2.13633649e-06  5.78399342e-08  4.25697992e-08 -6.58333809e-11\n  -3.08886202e-06  5.42989881e-08  5.29138091e-08 -6.31989619e-07\n  -1.13848752e-08  4.20253443e-09  4.08946020e-12  1.25231652e-12\n   3.71761500e-14]\n [ 1.67907612e-14  3.50202871e-08  4.54979276e-08  8.17815145e-09\n   2.46966595e-09  1.02034074e-08  1.48996180e-13 -3.87393433e-14\n  -5.49806227e-15  8.71814409e-09 -4.95292028e-09  3.94240239e-09\n   1.91436317e-09 -3.59595925e-06  2.23915483e-08  4.95802586e-08\n  -6.41908394e-09 -3.20406222e-09 -1.55673066e-09 -4.25522409e-06\n   8.07685427e-08  7.46509816e-08 -1.36914287e-09 -3.79741798e-09\n  -9.05210516e-07 -2.89112964e-09  9.96974676e-09 -6.57887834e-10\n  -4.22504305e-07 -1.93739672e-08 -6.54171099e-10 -8.92987393e-07\n   2.57164186e-08  1.82474285e-08 -1.56479788e-12 -1.09832285e-12\n  -5.95500578e-14]\n [ 2.73039617e-11 -6.51910624e-06  6.06733260e-05  7.73698258e-05\n  -6.51809921e-06 -7.12151921e-06  1.75361420e-09  8.51990421e-11\n  -1.18820364e-10  7.32095667e-06  3.56665480e-06 -9.51909893e-07\n  -6.74565125e-07  3.00098049e-04 -4.99783879e-05 -1.83041330e-05\n  -8.66826668e-06 -3.92046734e-06 -1.79560904e-06 -6.12065288e-03\n   5.23662435e-05  8.85873576e-05 -2.13633649e-06 -9.05210516e-07\n  -6.61221527e-03  2.14734220e-04  1.42274526e-04  3.30627259e-07\n   5.26381546e-04 -2.18951267e-05 -1.27397264e-05  5.12644097e-04\n  -3.16709932e-05 -1.54541147e-05  2.84582133e-09 -7.29520791e-09\n   5.91644646e-11]\n [ 2.38355275e-13  6.87061419e-07 -4.72306839e-07 -2.72501846e-06\n   2.84156787e-07  