{'theta_hat': '[-2.49937694e-10  3.86315728e-04 -1.35351717e-03 -1.10958024e-02\n  2.66907418e-05 -1.59087596e-03  5.78677946e-09 -4.25712289e-11\n -4.65648003e-11  7.83583199e-05 -1.72552201e-03  1.56276763e-04\n -1.81770741e-04 -1.73796615e-02  4.61491916e-03  2.99776024e-04\n  2.17315945e-03  5.43333462e-05  3.89275786e-04  1.26792909e-01\n -3.28665819e-05 -1.55203424e-03  3.48530954e-04  1.12928815e-03\n  1.27952481e+00 -4.71451217e-03 -3.41285788e-03  8.69510968e-05\n  1.39379164e-02  9.88919232e-04  1.58998335e-05  2.02029709e-01\n  2.74021309e-04 -4.57488056e-04  4.67721210e-09  8.01145299e-09\n -1.58154864e-10]', 'theta_bar': '[ 7.74872535e-03  2.07024645e-03 -9.17295211e-04 -7.48310137e-03\n -8.79261390e-04 -5.40053934e-04 -1.16284239e+00  4.73010957e-04\n  4.16863422e-03 -3.86602496e-04 -1.43291350e-03 -9.22230393e-05\n -8.37546851e-05 -2.59712496e-01  1.47246841e-03  1.73592282e-03\n  1.23667843e-03  2.51230392e-04  1.26241559e-04  1.75150544e-01\n  4.91428416e-04 -5.59298058e-04  6.67301156e-04  4.47390770e-04\n  1.06080557e+00 -1.10846394e-03 -4.51213662e-03  3.84792648e-06\n  1.09832576e-01 -3.29470700e-04 -2.60720219e-04  7.14554397e-02\n -8.10048517e-05 -1.48527774e-04 -5.30782637e-02 -6.24800784e-01\n -4.45922611e-03]', 'grad_op_sum': '[[ 1.45701662e-19  1.43614912e-13  3.39201882e-13  6.81069741e-13\n  -8.26019645e-14  9.15034997e-14 -7.63039226e-18  5.92479549e-21\n   4.65162765e-20  6.38359562e-15  7.70088316e-14 -1.68694324e-14\n   1.42641346e-14 -1.27994275e-11  2.61783502e-13  4.00696161e-13\n  -1.85776417e-13  7.56685406e-15 -1.06606573e-14 -3.84702331e-11\n  -4.92826102e-14  3.06270669e-13  4.87321246e-14 -4.19239550e-14\n  -7.68428682e-11  3.35320449e-13 -7.59929556e-14 -6.50959392e-15\n   1.04881236e-11 -2.70418568e-14 -7.51548525e-14 -1.10109855e-11\n   1.74903102e-14 -6.33128544e-14 -1.77295022e-18 -3.22267348e-18\n   2.89609469e-21]\n [ 1.43614912e-13  1.31514116e-05  5.96919555e-06  1.68226071e-06\n  -1.49422539e-07  1.08844592e-08 -7.95567376e-12  1.62705843e-13\n   5.70875581e-13 -1.05864454e-06 -2.70835315e-06  1.35652843e-07\n  -1.58950978e-07 -1.22367533e-03  2.56859424e-05  2.08916543e-05\n  -1.40935077e-06  1.16493416e-07 -1.42289384e-07 -5.85492783e-04\n   8.42916650e-06  8.61385580e-06  2.36669623e-07  1.48237700e-07\n  -1.64852101e-04  2.03540604e-07  2.99520767e-06  1.68667839e-08\n   3.56906538e-05  1.43234495e-06  9.04113433e-07  7.27952332e-06\n   6.85046949e-07  5.19961285e-07 -3.67200920e-11 -3.52427834e-11\n   3.54021355e-13]\n [ 3.39201882e-13  5.96919555e-06  6.94709957e-06  7.79004669e-06\n  -1.40294078e-06 -1.09251239e-07 -1.37488937e-11 -3.82463354e-14\n   3.93254212e-13 -5.61613993e-07 -4.45017030e-07 -1.10413917e-07\n  -1.64213040e-07 -5.85492828e-04  8.42916631e-06  8.61385557e-06\n  -3.35411956e-06  4.61451381e-07 -1.61114906e-07 -7.51294264e-04\n   4.38413268e-06  5.16359814e-06  5.54045181e-07  1.51531255e-07\n  -8.27104883e-04  2.71928999e-06  3.28793340e-06 -3.88470675e-08\n   1.60861436e-04 -7.97595116e-07  1.42534392e-08  1.77923511e-05\n  -2.89317324e-07  3.77030111e-08 -3.32861600e-11 -2.29039462e-11\n   1.99328254e-13]\n [ 6.81069741e-13  1.68226071e-06  7.79004669e-06  4.45217857e-05\n  -5.08913564e-06  1.85298753e-06 -3.46971140e-11 -3.81734070e-13\n   1.64377924e-13  7.42944523e-07  5.21834673e-06 -4.82891046e-07\n   1.34824348e-07 -1.64852047e-04  2.03540738e-07  2.99520819e-06\n  -1.03194752e-05  1.83899101e-06 -9.33240826e-07 -8.27104944e-04\n   2.71928993e-06  3.28793385e-06  1.88334173e-06 -1.15993883e-06\n  -5.01516363e-03  1.88310320e-05  7.01696366e-06 -2.44806956e-07\n   5.45209825e-04 -3.03817032e-06 -5.00132918e-07 -2.38489305e-04\n  -3.07447571e-07  5.50498085e-07 -1.45639049e-11 -2.18931332e-11\n   1.64972939e-13]\n [-8.26019645e-14 -1.49422539e-07 -1.40294078e-06 -5.08913564e-06\n   1.58343246e-06  4.36675292e-07  1.34846151e-11  8.82566894e-14\n  -7.59387461e-14 -2.70536159e-08 -3.16905685e-07  1.50723383e-07\n   7.50502048e-08  3.56906588e-05  1.43234474e-06  9.04113434e-07\n   1.34994304e-06 -5.70712338e-07  1.39713151e-08  1.60861431e-04\n  -7.97595080e-07  1.42534720e-08 -8.23361684e-07 -3.42520191e-07\n   5.45209895e-04 -3.03817022e-06 -5.00132903e-07  1.35371206e-08\n  -1.80181639e-04  5.46146408e-07  3.23558153e-07 -5.32311183e-05\n  -6.78136605e-08  1.43482287e-07  5.13293796e-12  3.38338931e-12\n   2.86857664e-14]\n [ 9.15034997e-14  1.08844592e-08 -1.09251239e-07  1.85298753e-06\n   4.36675292e-07  8.33972550e-07 -5.73836636e-12  4.58347603e-14\n  -3.14010245e-14  4.02094246e-08  4.57728261e-07  2.85974318e-08\n   1.36426884e-07  7.27953603e-06  6.85046962e-07  5.19961259e-07\n  -2.57795442e-07 -1.81754449e-07 -1.43176033e-07  1.77923422e-05\n  -2.89317389e-07  3.77029969e-08 -3.36461807e-07 -5.59700809e-07\n  -2.38489312e-04 -3.07447550e-07  5.50498101e-07 -3.67414142e-08\n  -5.32311160e-05 -6.78136680e-08  1.43482282e-07 -1.05211028e-04\n  -8.95485821e-08  2.26649327e-07 -2.29345307e-13 -1.20547896e-12\n   3.00676976e-14]\n [-7.63039226e-18 -7.95567376e-12 -1.37488937e-11 -3.46971140e-11\n   1.34846151e-11 -5.73836636e-12  6.86085026e-16 -6.93298817e-19\n  -2.16222407e-18  7.84152981e-13 -1.80236519e-12  1.90813764e-12\n  -1.53849567e-12  1.00147379e-09 -7.33366786e-13 -2.23934994e-12\n   7.82670308e-12 -3.52284431e-12  6.95095891e-13  1.63828912e-09\n  -3.98702662e-12 -2.81818898e-12 -7.75477096e-12  1.97190538e-12\n   3.96188639e-09 -1.76601164e-11  4.01850545e-12  5.51650249e-13\n  -1.63005637e-09  2.56655784e-12  4.93016493e-12  7.30454557e-10\n  -4.02300605e-12  2.57696041e-12  1.47825033e-16  1.61965345e-16\n   5.93585455e-19]\n [ 5.92479549e-21  1.62705843e-13 -3.82463354e-14 -3.81734070e-13\n   8.82566894e-14  4.58347603e-14 -6.93298817e-19  1.77366796e-20\n   6.61882527e-21 -3.89633448e-14 -7.37105467e-14  2.12781895e-15\n   5.64155577e-15 -1.62608035e-11  1.58068090e-13  2.32449685e-13\n   1.12294360e-13 -3.42613655e-14 -1.15757030e-15  6.12528580e-12\n   1.14106309e-13  1.26579507e-13 -4.38208780e-14 -3.16162835e-14\n   4.14314261e-11 -1.33875965e-13  6.46386956e-14  9.88666156e-16\n  -9.75330146e-12  4.60558584e-14  2.64989005e-14 -5.75644898e-12\n   2.39589830e-14  1.98328504e-14 -6.96379460e-19 -2.40806673e-19\n   9.56908721e-21]\n [ 4.65162765e-20  5.70875581e-13  3.93254212e-13  1.64377924e-13\n  -7.59387461e-14 -3.14010245e-14 -2.16222407e-18  6.61882527e-21\n   6.01146599e-20 -8.63319533e-14 -1.41514214e-13 -1.82934999e-14\n  -1.43972448e-14 -5.82962370e-11  5.40085272e-13  8.13513390e-13\n  -9.06628641e-14  1.90914278e-14 -7.29595807e-16 -4.06390481e-11\n   3.55057460e-13  5.41891414e-13  6.03590746e-14  3.11835173e-14\n  -1.30991263e-11  3.03445950e-13  1.77459953e-13  2.43946746e-15\n   9.92529901e-12  2.19690027e-14 -3.35935452e-14  4.54569964e-12\n   2.77162781e-14 -1.22182386e-14 -2.26437330e-18 -3.74256309e-18\n   2.06881157e-20]\n [ 6.38359562e-15 -1.05864454e-06 -5.61613993e-07  7.42944523e-07\n  -2.70536159e-08  4.02094246e-08  7.84152981e-13 -3.89633448e-14\n  -8.63319533e-14  2.67892029e-07  4.10735516e-07  4.08665569e-08\n   2.80427768e-08  1.16914923e-04 -4.95273690e-08 -1.10844218e-06\n  -8.70008652e-08  2.16669456e-08 -1.31569611e-09  5.44641409e-05\n  -8.64654744e-07 -1.00170617e-06 -2.97617440e-09 -2.72641893e-08\n  -9.36391571e-05 -2.68550558e-07 -7.09773246e-07 -8.10093913e-09\n   1.89801071e-06 -2.53012066e-08 -7.58547227e-09 -5.61231355e-06\n  -6.09736296e-08 -5.32046288e-08  5.35085884e-12  5.14917751e-12\n  -5.18833283e-14]\n [ 7.70088316e-14 -2.70835315e-06 -4.45017030e-07  5.21834673e-06\n  -3.16905685e-07  4.57728261e-07 -1.80236519e-12 -7.37105467e-14\n  -1.41514214e-13  4.10735516e-07  1.38665322e-06 -3.97038273e-08\n   9.00790475e-08  2.63943296e-04 -4.41761967e-06 -3.74821402e-06\n  -9.82644419e-07  1.01843778e-07 -1.14324026e-07  3.73904652e-05\n  -1.74474509e-06 -1.57327962e-06 -6.32541470e-10 -3.34375777e-07\n  -6.05428775e-04  1.64936303e-06  8.15689972e-08 -4.31982964e-08\n   2.69314591e-05 -6.32272067e-07 -1.56792344e-07 -5.99114800e-05\n  -2.43454016e-07  5.39650230e-10  7.20877404e-12  6.75727228e-12\n  -5.65896015e-14]\n [-1.68694324e-14  1.35652843e-07 -1.10413917e-07 -4.82891046e-07\n   1.50723383e-07  2.85974318e-08  1.90813764e-12  2.12781895e-15\n  -1.82934999e-14  4.08665569e-08 -3.97038273e-08  3.75297415e-08\n   6.77425937e-09 -4.54400359e-06  1.14459478e-06  4.75704849e-07\n   9.88086546e-08 -4.62752679e-08  2.23898681e-09  1.25339319e-05\n  -2.80281085e-08 -5.67611047e-08 -7.57563128e-08 -1.91739531e-08\n   4.98174806e-05 -5.52904670e-07 -2.01845112e-07  8.53616195e-10\n  -1.66711587e-05  1.04380700e-07  7.11185560e-08 -3.32427865e-06\n  -1.01376238e-08  1.60172607e-08  8.20505963e-13  1.17050606e-12\n  -2.73092182e-15]\n [ 1.42641346e-14 -1.58950978e-07 -1.64213040e-07  1.34824348e-07\n   7.50502048e-08  1.36426884e-07 -1.53849567e-12  5.64155577e-15\n  -1.43972448e-14  2.80427768e-08  9.00790475e-08  6.77425937e-09\n   2.82874566e-08  1.69823700e-05 -5.04632465e-08 -1.62211518e-07\n   2.10849862e-08 -3.13970398e-08 -1.87949231e-08  1.77680169e-05\n  -1.78299145e-07 -1.66301466e-07 -5.06612299e-08 -8.94240720e-08\n  -2.12457666e-05 -1.50726712e-07 -3.63108533e-08 -6.02704351e-09\n  -8.93620044e-06  1.03263467e-09  1.35358880e-08 -1.73025491e-05\n  -9.23891220e-09  2.81345769e-08  6.85075840e-13  2.27835842e-13\n  -4.56072933e-15]\n [-1.27994275e-11 -1.22367533e-03 -5.85492828e-04 -1.64852047e-04\n   3.56906588e-05  7.27953603e-06  1.00147379e-09 -1.62608035e-11\n  -5.82962370e-11  1.16914923e-04  2.63943296e-04 -4.54400359e-06\n   1.69823700e-05  1.16173079e-01 -2.14733406e-03 -1.86468544e-03\n   1.35229194e-04 -1.68405683e-05  1.28694331e-05  5.77199869e-02\n  -8.13913329e-04 -8.32112068e-04 -3.33607237e-05 -1.89804085e-05\n   1.50799279e-02 -1.01188395e-04 -3.39715056e-04 -1.85193289e-06\n  -5.74216377e-03 -1.14010172e-04 -7.20472616e-05 -1.67719635e-03\n  -6.56428306e-05 -4.82885026e-05  3.73874929e-09  3.60082335e-09\n  -3.48125057e-11]\n [ 2.61783502e-13  2.56859424e-05  8.42916631e-06  2.03540738e-07\n   1.43234474e-06  6.85046962e-07 -7.33366786e-13  1.58068090e-13\n   5.40085272e-13 -4.95273690e-08 -4.41761967e-06  1.14459478e-06\n  -5.04632465e-08 -2.14733406e-03  7.76768877e-05  4.82712155e-05\n  -2.08508619e-06 -1.98845943e-07 -2.67076279e-07 -8.13913280e-04\n   1.32805837e-05  1.19425580e-05 -3.53060614e-07 -3.84139016e-08\n  -1.01188386e-04 -1.07009191e-05 -1.72437337e-06 -2.83473884e-09\n  -1.14010160e-04  4.82179981e-06  2.96427292e-06 -6.56428384e-05\n   1.06395833e-06  9.78658141e-07 -3.88576876e-11 -3.33711441e-11\n   3.92110989e-13]\n [ 4.00696161e-13  2.08916543e-05  8.61385557e-06  2.99520819e-06\n   9.04113434e-07  5.19961259e-07 -2.23934994e-12  2.32449685e-13\n   8.13513390e-13 -1.10844218e-06 -3.74821402e-06  4.75704849e-07\n  -1.62211518e-07 -1.86468544e-03  4.82712155e-05  3.65644166e-05\n  -2.16801677e-06 -1.95209418e-07 -2.66941047e-07 -8.32112006e-04\n   1.19425579e-05  1.35927853e-05 -2.17103242e-07 -1.04225266e-07\n  -3.39715076e-04 -1.72437277e-06  2.90264645e-06  1.70588771e-08\n  -7.20472684e-05  2.96427327e-06  1.76038365e-06 -4.82885078e-05\n   9.78658076e-07  7.94298573e-07 -4.64591827e-11 -5.21669001e-11\n   5.42661126e-13]\n [-1.85776417e-13 -1.40935077e-06 -3.35411956e-06 -1.03194752e-05\n   1.34994304e-06 -2.57795442e-07  7.82670308e-12  1.12294360e-13\n  -9.06628641e-14 -8.70008652e-08 -9.82644419e-07  9.88086546e-08\n   2.10849862e-08  1.35229194e-04 -2.08508619e-06 -2.16801677e-06\n   2.93637417e-06 -4.79260584e-07  2.07949410e-07  3.66905422e-04\n  -1.29576392e-06 -1.50630155e-06 -4.88573133e-07  1.39100966e-07\n   1.14912884e-03 -3.75369316e-06 -1.94475776e-06  5.95536285e-08\n  -1.46761600e-04  8.87185673e-07  9.57271832e-08  3.24212611e-05\n   2.45669690e-07 -7.74186308e-08  1.04485100e-11  7.56355494e-12\n  -5.54593717e-14]\n [ 7.56685406e-15  1.16493416e-07  4.61451381e-07  1.83899101e-06\n  -5.70712338e-07 -1.81754449e-07 -3.52284431e-12 -3.42613655e-14\n   1.90914278e-14  2.16669456e-08  1.01843778e-07 -4.62752679e-08\n  -3.13970398e-08 -1.68405683e-05 -1.98845943e-07 -1.95209418e-07\n  -4.79260584e-07  2.12733468e-07 -3.39641027e-09 -5.23407956e-05\n   3.45093141e-07 -2.37842683e-08  2.98579119e-07  1.38322886e-07\n  -1.97324857e-04  1.07095099e-06  1.58914164e-07 -3.58872516e-09\n   6.49369328e-05 -1.66589839e-07 -9.19518299e-08  2.22132400e-05\n   3.53101349e-08 -4.20795294e-08 -1.46230874e-12 -5.70597854e-13\n  -1.07314767e-14]\n [-1.06606573e-14 -1.42289384e-07 -1.61114906e-07 -9.33240826e-07\n   1.39713151e-08 -1.43176033e-07  6.95095891e-13 -1.15757030e-15\n  -7.29595807e-16 -1.31569611e-09 -1.14324026e-07  2.23898681e-09\n  -1.87949231e-08  1.28694331e-05 -2.67076279e-07 -2.66941047e-07\n   2.07949410e-07 -3.39641027e-09  3.68575901e-08  1.57603265e-05\n  -9.04714348e-08 -1.20633441e-07  2.14238784e-08  9.53513168e-08\n   1.08869503e-04 -2.21904774e-07 -2.51656525e-07  8.69087901e-09\n  -5.56771010e-07  5.34762480e-08 -2.55970605e-08  1.80953225e-05\n   2.02232812e-08 -5.39551247e-08  5.88428938e-13  6.88590241e-13\n  -1.08207028e-14]\n [-3.84702331e-11 -5.85492783e-04 -7.51294264e-04 -8.27104944e-04\n   1.60861431e-04  1.77923422e-05  1.63828912e-09  6.12528580e-12\n  -4.06390481e-11  5.44641409e-05  3.73904652e-05  1.25339319e-05\n   1.77680169e-05  5.77199869e-02 -8.13913280e-04 -8.32112006e-04\n   3.66905422e-04 -5.23407956e-05  1.57603265e-05  8.19741217e-02\n  -4.32303084e-04 -5.13198150e-04 -6.39625884e-05 -2.06548007e-05\n   8.75329437e-02 -2.71076951e-04 -3.29910380e-04  4.42646073e-06\n  -1.84154405e-02  9.88557975e-05  5.99964255e-06 -2.65535238e-03\n   3.90133432e-05  2.72716405e-06  3.53898306e-09  2.34892015e-09\n  -1.88209573e-11]\n [-4.92826102e-14  8.42916650e-06  4.38413268e-06  2.71928993e-06\n  -7.97595080e-07 -2.89317389e-07 -3.98702662e-12  1.14106309e-13\n   3.55057460e-13 -8.64654744e-07 -1.74474509e-06 -2.80281085e-08\n  -1.78299145e-07 -8.13913329e-04  1.32805837e-05  1.19425579e-05\n  -1.29576392e-06  3.45093141e-07 -9.04714348e-08 -4.32303084e-04\n   6.50942028e-06  5.61332302e-06  4.49752991e-07  2.64478403e-07\n  -2.71076983e-04  1.92520808e-06  3.17736452e-06  1.38348802e-08\n   9.88557914e-05  4.91621929e-07  5.39845469e-07  3.90133513e-05\n   5.00257327e-07  3.90744562e-07 -2.91639602e-11 -1.79751034e-11\n   2.57562389e-13]\n [ 3.06270669e-13  8.61385580e-06  5.16359814e-06  3.28793385e-06\n   1.42534720e-08  3.77029969e-08 -2.81818898e-12  1.26579507e-13\n   5.41891414e-13 -1.00170617e-06 -1.57327962e-06 -5.67611047e-08\n  -1.66301466e-07 -8.32112068e-04  1.19425580e-05  1.35927853e-05\n  -1.50630155e-06 -2.37842683e-08 -1.20633441e-07 -5.13198150e-04\n   5.61332302e-06  7.80026374e-06  3.68611811e-08  2.72145817e-08\n  -3.29910403e-04  3.17736470e-06  3.52942687e-06  1.55726944e-08\n   5.99963861e-06  5.39845538e-07  3.30959089e-07  2.72716514e-06\n   3.90744543e-07  2.39783508e-07 -2.96073861e-11 -3.44025297e-11\n   3.35619546e-13]\n [ 4.87321246e-14  2.36669623e-07  5.54045181e-07  1.88334173e-06\n  -8.23361684e-07 -3.36461807e-07 -7.75477096e-12 -4.38208780e-14\n   6.03590746e-14 -2.97617440e-09 -6.32541470e-10 -7.57563128e-08\n  -5.06612299e-08 -3.33607237e-05 -3.53060614e-07 -2.17103242e-07\n  -4.88573133e-07  2.98579119e-07  2.14238784e-08 -6.39625884e-05\n   4.49752991e-07  3.68611811e-08  4.77370626e-07  2.60597132e-07\n  -1.94914331e-04  1.47477945e-06 -9.00973002e-09  1.54503170e-09\n   9.56612423e-05 -1.50231752e-07 -1.91444301e-07  4.18061510e-05\n   1.02518531e-07 -1.12768544e-07 -2.03473204e-12 -2.97377348e-12\n  -2.06379763e-14]\n [-4.19239550e-14  1.48237700e-07  1.51531255e-07 -1.15993883e-06\n  -3.42520191e-07 -5.59700809e-07  1.97190538e-12 -3.16162835e-14\n   3.11835173e-14 -2.72641893e-08 -3.34375777e-07 -1.91739531e-08\n  -8.94240720e-08 -1.89804085e-05 -3.84139016e-08 -1.04225266e-07\n   1.39100966e-07  1.38322886e-07  9.53513168e-08 -2.06548007e-05\n   2.64478403e-07  2.72145817e-08  2.60597132e-07  3.84773967e-07\n   1.50733366e-04  2.07967838e-07 -4.19725485e-07  2.36596357e-08\n   4.20417188e-05  6.78979823e-08 -1.01838885e-07  7.07422128e-05\n   7.94410979e-08 -1.59356105e-07 -3.14052792e-13 -1.41241843e-14\n  -2.24457646e-14]\n [-7.68428682e-11 -1.64852101e-04 -8.27104883e-04 -5.01516363e-03\n   5.45209895e-04 -2.38489312e-04  3.96188639e-09  4.14314261e-11\n  -1.30991263e-11 -9.36391571e-05 -6.05428775e-04  4.98174806e-05\n  -2.12457666e-05  1.50799279e-02 -1.01188386e-04 -3.39715076e-04\n   1.14912884e-03 -1.97324857e-04  1.08869503e-04  8.75329437e-02\n  -2.71076983e-04 -3.29910403e-04 -1.94914331e-04  1.50733366e-04\n   5.66604596e-01 -2.05608896e-03 -7.70068397e-04  2.86588388e-05\n  -5.81385267e-02  3.32737602e-04  4.59355597e-05  3.06361166e-02\n   3.59040654e-05 -7.00791672e-05  1.39767256e-09  2.22759316e-09\n  -1.76954282e-11]\n [ 3.35320449e-13  2.03540604e-07  2.71928999e-06  1.88310320e-05\n  -3.03817022e-06 -3.07447550e-07 -1.76601164e-11 -1.33875965e-13\n   3.03445950e-13 -2.68550558e-07  1.64936303e-06 -5.52904670e-07\n  -1.50726712e-07 -1.01188395e-04 -1.07009191e-05 -1.72437277e-06\n  -3.75369316e-06  1.07095099e-06 -2.21904774e-07 -2.71076951e-04\n   1.92520808e-06  3.17736470e-06  1.47477945e-06  2.07967838e-07\n  -2.05608896e-03  1.43440124e-05  4.20192305e-06 -3.63590203e-08\n   3.32737582e-04 -1.32932585e-06 -8.38821696e-07  3.59040812e-05\n   5.67351125e-07 -8.63612890e-08 -7.65138478e-12 -2.25410989e-11\n   1.25661308e-13]\n [-7.59929556e-14  2.99520767e-06  3.28793340e-06  7.01696366e-06\n  -5.00132903e-07  5.50498101e-07  4.01850545e-12  6.46386956e-14\n   1.77459953e-13 -7.09773246e-07  8.15689972e-08 -2.01845112e-07\n  -3.63108533e-08 -3.39715056e-04 -1.72437337e-06  2.90264645e-06\n  -1.94475776e-06  1.58914164e-07 -2.51656525e-07 -3.29910380e-04\n   3.17736452e-06  3.52942687e-06 -9.00973002e-09 -4.19725485e-07\n  -7.70068397e-04  4.20192305e-06  4.68127996e-06 -3.80243552e-08\n   4.59355487e-05 -8.38821759e-07  1.43206913e-07 -7.00791650e-05\n  -8.63612885e-08  4.92254765e-07 -2.00162702e-11 -1.24274224e-11\n   2.27819703e-13]\n [-6.50959392e-15  1.68667839e-08 -3.88470675e-08 -2.44806956e-07\n   1.35371206e-08 -3.67414142e-08  5.51650249e-13  9.88666156e-16\n   2.43946746e-15 -8.10093913e-09 -4.31982964e-08  8.53616195e-10\n  -6.02704351e-09 -1.85193289e-06 -2.83473884e-09  1.70588771e-08\n   5.95536285e-08 -3.58872516e-09  8.69087901e-09  4.42646073e-06\n   1.38348802e-08  1.55726944e-08  1.54503170e-09  2.36596357e-08\n   2.86588388e-05 -3.63590203e-08 -3.80243552e-08  2.80275260e-09\n  -1.26149787e-06  2.41405269e-08 -1.23833330e-09  4.67959437e-06\n   9.52228895e-09 -8.15022230e-09  1.21771976e-13  1.42461502e-14\n   1.36739459e-16]\n [ 1.04881236e-11  3.56906538e-05  1.60861436e-04  5.45209825e-04\n  -1.80181639e-04 -5.32311160e-05 -1.63005637e-09 -9.75330146e-12\n   9.92529901e-12  1.89801071e-06  2.69314591e-05 -1.66711587e-05\n  -8.93620044e-06 -5.74216377e-03 -1.14010160e-04 -7.20472684e-05\n  -1.46761600e-04  6.49369328e-05 -5.56771010e-07 -1.84154405e-02\n   9.88557914e-05  5.99963861e-06  9.56612423e-05  4.20417188e-05\n  -5.81385267e-02  3.32737582e-04  4.59355487e-05 -1.26149787e-06\n   2.06109562e-02 -5.58451829e-05 -3.68001707e-05  6.52605609e-03\n   1.03442728e-05 -1.77509836e-05 -6.12417550e-10 -4.57112684e-10\n  -3.33578360e-12]\n [-2.70418568e-14  1.43234495e-06 -7.97595116e-07 -3.03817032e-06\n   5.46146408e-07 -6.78136680e-08  2.56655784e-12  4.60558584e-14\n   2.19690027e-14 -2.53012066e-08 -6.32272067e-07  1.04380700e-07\n   1.03263467e-09 -1.14010172e-04  4.82179981e-06  2.96427327e-06\n   8.87185673e-07 -1.66589839e-07  5.34762480e-08  9.88557975e-05\n   4.91621929e-07  5.39845538e-07 -1.50231752e-07  6.78979823e-08\n   3.32737602e-04 -1.32932585e-06 -8.38821759e-07  2.41405269e-08\n  -5.58451829e-05  7.70026224e-07  2.22664162e-07  1.03442760e-05\n   2.79898769e-07  3.13760151e-08  2.53729148e-12 -1.72476818e-12\n   1.00353273e-14]\n [-7.51548525e-14  9.04113433e-07  1.42534392e-08 -5.00132918e-07\n   3.23558153e-07  1.43482282e-07  4.93016493e-12  2.64989005e-14\n  -3.35935452e-14 -7.58547227e-09 -1.56792344e-07  7.11185560e-08\n   1.35358880e-08 -7.20472616e-05  2.96427292e-06  1.76038365e-06\n   9.57271832e-08 -9.19518299e-08 -2.55970605e-08  5.99964255e-06\n   5.39845469e-07  3.30959089e-07 -1.91444301e-07 -1.01838885e-07\n   4.59355597e-05 -8.38821696e-07  1.43206913e-07 -1.23833330e-09\n  -3.68001707e-05  2.22664162e-07  2.43849067e-07 -1.77509849e-05\n   3.13760071e-08  1.32168915e-07 -7.85355471e-13  2.20053065e-12\n   2.50340620e-14]\n [-1.10109855e-11  7.27952332e-06  1.77923511e-05 -2.38489305e-04\n  -5.32311183e-05 -1.05211028e-04  7.30454557e-10 -5.75644898e-12\n   4.54569964e-12 -5.61231355e-06 -5.99114800e-05 -3.32427865e-06\n  -1.73025491e-05 -1.67719635e-03 -6.56428384e-05 -4.82885078e-05\n   3.24212611e-05  2.22132400e-05  1.80953225e-05 -2.65535238e-03\n   3.90133513e-05  2.72716514e-06  4.18061510e-05  7.07422128e-05\n   3.06361166e-02  3.59040812e-05 -7.00791650e-05  4.67959437e-06\n   6.52605609e-03  1.03442760e-05 -1.77509849e-05  1.32904651e-02\n   1.14337767e-05 -2.87326286e-05  1.50983497e-11  1.04883509e-10\n  -3.58764683e-12]\n [ 1.74903102e-14  6.85046949e-07 -2.89317324e-07 -3.07447571e-07\n  -6.78136605e-08 -8.95485821e-08 -4.02300605e-12  2.39589830e-14\n   2.77162781e-14 -6.09736296e-08 -2.43454016e-07 -1.01376238e-08\n  -9.23891220e-09 -6.56428306e-05  1.06395833e-06  9.78658076e-07\n   2.45669690e-07  3.53101349e-08  2.02232812e-08  3.90133432e-05\n   5.00257327e-07  3.90744543e-07  1.02518531e-07  7.94410979e-08\n   3.59040654e-05  5.67351125e-07 -8.63612885e-08  9.52228895e-09\n   1.03442728e-05  2.79898769e-07  3.13760071e-08  1.14337767e-05\n   2.60323657e-07 -9.62745630e-10 -2.89941494e-13 -2.01821234e-12\n   5.14190318e-15]\n [-6.33128544e-14  5.19961285e-07  3.77030111e-08  5.50498085e-07\n   1.43482287e-07  2.26649327e-07  2.57696041e-12  1.98328504e-14\n  -1.22182386e-14 -5.32046288e-08  5.39650230e-10  1.60172607e-08\n   2.81345769e-08 -4.82885026e-05  9.78658141e-07  7.94298573e-07\n  -7.74186308e-08 -4.20795294e-08 -5.39551247e-08  2.72716405e-06\n   3.90744562e-07  2.39783508e-07 -1.12768544e-07 -1.59356105e-07\n  -7.00791672e-05 -8.63612890e-08  4.92254765e-07 -8.15022230e-09\n  -1.77509836e-05  3.13760151e-08  1.32168915e-07 -2.87326286e-05\n  -9.62745630e-10  1.53523515e-07 -8.28331510e-13 -2.88323231e-14\n   2.85420049e-14]\n [-1.77295022e-18 -3.67200920e-11 -3.32861600e-11 -1.45639049e-11\n   5.13293796e-12 -2.29345307e-13  1.47825033e-16 -6.96379460e-19\n  -2.26437330e-18  5.35085884e-12  7.20877404e-12  8.20505963e-13\n   6.85075840e-13  3.73874929e-09 -3.88576876e-11 -4.64591827e-11\n   1.04485100e-11 -1.46230874e-12  5.88428938e-13  3.53898306e-09\n  -2.91639602e-11 -2.96073861e-11 -2.03473204e-12 -3.14052792e-13\n   1.39767256e-09 -7.65138478e-12 -2.00162702e-11  1.21771976e-13\n  -6.12417550e-10  2.53729148e-12 -7.85355471e-13  1.50983497e-11\n  -2.89941494e-13 -8.28331510e-13  2.20606840e-16  1.21341715e-16\n  -1.27462117e-18]\n [-3.22267348e-18 -3.52427834e-11 -2.29039462e-11 -2.18931332e-11\n   3.38338931e-12 -1.20547896e-12  1.61965345e-16 -2.40806673e-19\n  -3.74256309e-18  5.14917751e-12  6.75727228e-12  1.17050606e-12\n   2.27835842e-13  3.60082335e-09 -3.33711441e-11 -5.21669001e-11\n   7.56355494e-12 -5.70597854e-13  6.88590241e-13  2.34892015e-09\n  -1.79751034e-11 -3.44025297e-11 -2.97377348e-12 -1.41241843e-14\n   2.22759316e-09 -2.25410989e-11 -1.24274224e-11  1.42461502e-14\n  -4.57112684e-10 -1.72476818e-12  2.20053065e-12  1.04883509e-10\n  -2.01821234e-12 -2.88323231e-14  1.21341715e-16  2.85907648e-16\n  -1.17419750e-18]\n [ 2.89609469e-21  3.54021355e-13  1.99328254e-13  1.64972939e-13\n   2.86857664e-14  3.00676976e-14  5.93585455e-19  9.56908721e-21\n   2.06881157e-20 -5.18833283e-14 -5.65896015e-14 -2.73092182e-15\n  -4.56072933e-15 -3.48125057e-11  3.92110989e-13  5.42661126e-13\n  -5.54593717e-14 -1.07314767e-14 -1.08207028e-14 -1.88209573e-11\n   2.57562389e-13  3.35619546e-13 -2.06379763e-14 -2.24457646e-14\n  -1.76954282e-11  1.25661308e-13  2.27819703e-13  1.36739459e-16\n  -3.33578360e-12  1.00353273e-14  2.50340620e-14 -3.58764683e-12\n   5.14190318e-15  2.85420049e-14 -1.27462117e-18 -1.17419750e-18\n   1.94451605e-20]]', 'hess_sum': '[[ 5.19441388e-12  5.24813735e-14  2.16279225e-12  1.21434558e-12\n  -8.91733378e-13  1.55263129e-13 -8.14730835e-12 -2.13618340e-12\n  -6.02019540e-12  3.94886723e-13  4.82489742e-13 -9.07117223e-14\n  -1.45122912e-13 -1.61590011e-10 -1.83666574e-12 -1.98191950e-12\n   3.38801809e-13  5.79553928e-15 -8.47968766e-14  2.17852998e-12\n  -2.35495638e-12  4.33646854e-13  2.43918229e-13 -1.31921699e-13\n  -1.36364085e-10  4.82937011e-12  1.56468889e-12  1.41165364e-14\n   2.39281709e-12  2.73184316e-14  1.09174087e-13  8.45728970e-12\n  -5.24438210e-13 -9.10333696e-14 -6.33741269e-10 -4.57105145e-10\n   1.21333898e-11]\n [ 5.24813735e-14 -1.45295325e-05 -1.18278553e-06 -2.35065119e-06\n   5.58119017e-07 -1.98215924e-07 -8.10055057e-11 -8.64311399e-13\n  -2.30916266e-12  2.36687533e-06  1.31339040e-06  4.25600217e-08\n  -1.31590350e-07  1.53881531e-03 -1.62926575e-05 -1.18766222e-05\n   1.55456895e-06 -3.77521351e-07 -2.72428859e-07  1.65594256e-04\n   1.71199967e-07  1.32456806e-06 -4.91687066e-08 -1.52097636e-07\n   2.83911316e-04  3.53678919e-07 -9.19606877e-07  1.85398570e-08\n  -7.60062449e-05 -8.56832515e-08 -3.68650243e-07  2.17150519e-05\n  -3.58192858e-07 -3.62682657e-07  1.78215755e-10 -2.78847597e-12\n  -3.18760041e-12]\n [ 2.16279225e-12 -1.18278553e-06 -2.19902662e-05 -5.74068086e-06\n   5.43077382e-07  1.02983475e-07 -1.53444041e-10 -1.82182084e-12\n   1.33379431e-12 -1.03457541e-06  4.21774156e-07 -1.33178193e-07\n  -3.23710834e-07  1.65594287e-04  1.71199840e-07  1.32456767e-06\n   3.73981785e-06  3.65930181e-07 -4.57194957e-07  2.47674555e-03\n  -7.51672096e-06 -1.02060337e-05 -6.04692505e-07  3.23872116e-07\n   6.42471558e-04 -9.48561725e-08 -5.92017683e-07  4.06120527e-08\n  -8.24846000e-05 -7.20099842e-07 -3.91109278e-07 -4.78575148e-07\n   3.50124765e-07 -2.53645879e-07 -3.21998068e-10 -2.07720083e-10\n  -4.02074676e-13]\n [ 1.21434558e-12 -2.35065119e-06 -5.74068086e-06 -2.90805816e-05\n  -1.09052887e-08 -6.87478836e-07 -1.43342931e-09 -1.02032496e-12\n   1.62988685e-12  2.13154323e-07 -2.19116846e-06  4.07623703e-07\n  -4.43588437e-07  2.83911327e-04  3.53679821e-07 -9.19607318e-07\n   7.65286593e-06  2.93968132e-07  2.10426523e-09  6.42471547e-04\n  -9.48548309e-08 -5.92017591e-07  7.76367062e-07  4.43257627e-07\n   3.39691242e-03 -1.09629162e-05 -6.57871761e-06  8.75677489e-08\n   1.32286021e-05 -5.96948831e-08  4.94386554e-07  9.48909260e-05\n   3.68926402e-07  3.20780966e-07 -8.17371157e-12  2.74494593e-10\n  -3.21246819e-12]\n [-8.91733378e-13  5.58119017e-07  5.43077382e-07 -1.09052887e-08\n  -2.27324433e-06 -8.87044394e-08  1.28580609e-11  3.65775878e-13\n   3.32683513e-14 -3.55228343e-07 -1.36711283e-07 -3.03196397e-07\n  -8.91383361e-09 -7.60062409e-05 -8.56833956e-08 -3.68650365e-07\n  -6.39957868e-07  6.35085790e-07  4.99854158e-08 -8.24845923e-05\n  -7.20099851e-07 -3.91109132e-07  1.03283859e-06  1.02618743e-07\n   1.32286091e-05 -5.96950677e-08  4.94386490e-07 -3.63602791e-08\n   2.72377367e-04 -6.62487567e-07 -8.48600862e-07  9.39481981e-06\n  -1.41696167e-07 -1.01360620e-07 -1.25231680e-11 -1.91093172e-11\n   2.77072999e-13]\n [ 1.55263129e-13 -1.98215924e-07  1.02983475e-07 -6.87478836e-07\n  -8.87044394e-08 -1.67410849e-06  1.43607336e-11 -3.26823664e-13\n  -4.10940620e-14 -2.98942402e-07 -1.60549916e-07 -1.04906427e-08\n  -2.26472970e-07  2.17150585e-05 -3.58192799e-07 -3.62682695e-07\n   6.25662253e-07  5.54105187e-08  3.45531483e-07 -4.78598616e-07\n   3.50124714e-07 -2.53645892e-07  1.07007651e-07  7.70645637e-07\n   9.48909382e-05  3.68926194e-07  3.20781157e-07  1.07428568e-07\n   9.39481496e-06 -1.41696167e-07 -1.01360618e-07  2.04813668e-04\n  -8.90689765e-08 -5.10521884e-07  1.62428027e-11 -8.16700591e-12\n   5.37521715e-14]\n [-8.14730835e-12 -8.10055057e-11 -1.53444041e-10 -1.43342931e-09\n   1.28580609e-11  1.43607336e-11 -2.27325096e-07 -1.80456480e-10\n  -1.51607297e-09  3.23336200e-11 -1.51107085e-10  3.83121560e-12\n   6.30410058e-12 -2.48640319e-08 -7.32888203e-11  5.57791758e-11\n   4.75019832e-11  5.98823278e-12  1.27860519e-12  5.53895407e-08\n  -5.44428201e-11 -1.62739114e-10  1.71240822e-11 -7.24036448e-12\n   2.09591908e-07 -3.39674332e-10 -3.21718830e-10  8.30372663e-13\n   6.34128389e-09  3.49728533e-13  6.92914103e-12  7.12624512e-10\n  -4.70152717e-12 -8.34800159e-12 -1.08565802e-07  1.26655506e-07\n  -1.46584959e-09]\n [-2.13618340e-12 -8.64311399e-13 -1.82182084e-12 -1.02032496e-12\n   3.65775878e-13 -3.26823664e-13 -1.80456480e-10  3.29471667e-12\n   5.50223832e-12  1.47087783e-13 -1.12694959e-12  1.17596822e-14\n   2.49445946e-14 -1.30935621e-10  2.29020493e-12 -3.15226824e-12\n  -1.23566776e-12  3.10488829e-14 -3.68478746e-14 -3.07983766e-11\n  -1.75453385e-13  2.64787809e-13  5.62615078e-14 -3.68486095e-14\n  -3.58633034e-10  4.48434811e-12 -2.04081058e-12 -1.23280907e-14\n   1.29355852e-11  9.79056698e-14 -3.61093743e-13 -1.58403376e-11\n  -2.70438241e-13 -6.88893844e-14 -7.57047227e-10  4.29035938e-10\n   2.15825333e-11]\n [-6.02019540e-12 -2.30916266e-12  1.33379431e-12  1.62988685e-12\n   3.32683513e-14 -4.10940620e-14 -1.51607297e-09  5.50223832e-12\n   2.06542829e-12  1.20601651e-14  4.19974891e-13 -8.60675166e-14\n   3.89949404e-14  3.86254378e-11 -1.78859828e-12 -2.23382787e-12\n  -7.48503378e-13  3.41863682e-14  4.45784920e-14 -1.77074615e-10\n   3.99354755e-13 -1.02142723e-13 -9.84727876e-14 -3.81589159e-14\n  -2.01119417e-10 -2.66907350e-12 -1.01579712e-12  7.86100474e-15\n   2.89535987e-13  4.28595778e-13 -9.00312990e-14 -2.20695945e-11\n  -1.07771226e-13  8.42213156e-14  3.64918830e-10 -5.09772577e-10\n  -8.45697382e-12]\n [ 3.94886723e-13  2.36687533e-06 -1.03457541e-06  2.13154323e-07\n  -3.55228343e-07 -2.98942402e-07  3.23336200e-11  1.47087783e-13\n   1.20601651e-14 -1.49040170e-06 -1.49909810e-07 -1.10639712e-07\n   2.53029059e-08 -2.73315970e-04  1.40641690e-06  5.30892896e-07\n  -3.86714594e-07  1.88704906e-07  9.34338722e-08  1.06558514e-04\n  -6.36679723e-07 -1.13315159e-06 -7.67738022e-08  1.37364428e-07\n  -2.60370849e-05 -4.41989850e-07  3.35376158e-07  1.45570734e-08\n   4.12500014e-05 -1.87378777e-07 -8.16387540e-08  3.42189876e-05\n  -4.90949238e-08 -1.12585981e-07 -3.26369726e-11 -3.67158566e-11\n   1.77933608e-13]\n [ 4.82489742e-13  1.31339040e-06  4.21774156e-07 -2.19116846e-06\n  -1.36711283e-07 -1.60549916e-07 -1.51107085e-10 -1.12694959e-12\n   4.19974891e-13 -1.49909810e-07 -1.37424061e-06  6.01184555e-08\n   3.46147825e-08 -1.43387693e-04  1.48052280e-06  1.72019825e-06\n   6.82251026e-07  4.32620366e-08  4.46869399e-08 -5.81127767e-05\n   1.55689505e-07 -9.57347662e-09  1.97634674e-07  3.41224577e-08\n   2.66774249e-04 -2.89464897e-08 -7.80364800e-07  7.47074780e-09\n   1.99616165e-05  5.25233778e-08  6.51816485e-08  1.93302763e-05\n   4.15308473e-08  3.95114691e-08  6.33304945e-11  1.35502179e-11\n   1.31314666e-14]\n [-9.07117223e-14  4.25600217e-08 -1.33178193e-07  4.07623703e-07\n  -3.03196397e-07 -1.04906427e-08  3.83121560e-12  1.17596822e-14\n  -8.60675166e-14 -1.10639712e-07  6.01184555e-08 -1.32809444e-07\n   1.21757373e-09 -1.17604515e-05 -5.59703915e-07 -2.72628749e-07\n  -2.21921032e-07  6.04359231e-08  1.46900267e-08  1.31894437e-05\n  -1.14915754e-07 -1.01130252e-07  9.76947608e-08  1.31873873e-08\n  -4.85159117e-05  1.51821643e-07  8.03606020e-08 -4.61053822e-09\n   3.54122821e-05 -9.63863015e-08 -2.02386646e-07  3.50240299e-07\n  -2.83261693e-08 -4.73274560e-08 -3.38082231e-12  7.65587675e-12\n  -7.26839172e-14]\n [-1.45122912e-13 -1.31590350e-07 -3.23710834e-07 -4.43588437e-07\n  -8.91383361e-09 -2.26472970e-07  6.30410058e-12  2.49445946e-14\n   3.89949404e-14  2.53029059e-08  3.46147825e-08  1.21757373e-09\n  -8.26088169e-08  1.84791970e-05  4.14170236e-08  5.89497688e-08\n   1.94707620e-07  1.37293938e-08  4.11721974e-08  3.73269778e-05\n  -8.29108194e-08 -1.61903964e-07  2.79015807e-08  8.89009418e-08\n   5.34251148e-05 -1.04142960e-07 -9.71867697e-09  1.78267182e-08\n   3.08046630e-07 -2.68583327e-08 -3.82500680e-08  2.81720418e-05\n  -1.30469034e-08 -7.59439317e-08  3.73975973e-12  2.92029790e-13\n  -3.09390786e-14]\n [-1.61590011e-10  1.53881531e-03  1.65594287e-04  2.83911327e-04\n  -7.60062409e-05  2.17150585e-05 -2.48640319e-08 -1.30935621e-10\n   3.86254378e-11 -2.73315970e-04 -1.43387693e-04 -1.17604515e-05\n   1.84791970e-05 -1.66776870e-01  1.44953746e-03  1.09315664e-03\n  -1.86997583e-04  4.64423373e-05  2.99178049e-05 -2.21283720e-02\n   2.63678031e-05 -1.10745427e-04  8.22711328e-06  1.68466246e-05\n  -3.42285222e-02 -1.37336381e-05  1.26642155e-04 -2.60349524e-06\n   1.01282159e-02  6.02885735e-06  3.40228257e-05 -2.51850790e-03\n   3.24243824e-05  3.22507099e-05  1.27619848e-08  2.49239930e-09\n   1.77348432e-10]\n [-1.83666574e-12 -1.62926575e-05  1.71199840e-07  3.53679821e-07\n  -8.56833956e-08 -3.58192799e-07 -7.32888203e-11  2.29020493e-12\n  -1.78859828e-12  1.40641690e-06  1.48052280e-06 -5.59703915e-07\n   4.14170236e-08  1.44953746e-03 -4.26617062e-05 -2.50208515e-05\n   2.56036568e-07 -5.60425813e-08 -6.15106511e-08  2.63677894e-05\n   3.45660820e-06  3.14926260e-06  8.24197600e-08 -3.56711991e-08\n  -1.37337067e-05  3.93096960e-06  1.10580064e-06  7.56869898e-10\n   6.02886622e-06  1.81559581e-07 -4.79113747e-07  3.24243829e-05\n  -9.39543156e-07 -7.67029947e-07  7.12176198e-11 -1.31361560e-10\n  -3.52872267e-12]\n [-1.98191950e-12 -1.18766222e-05  1.32456767e-06 -9.19607318e-07\n  -3.68650365e-07 -3.62682695e-07  5.57791758e-11 -3.15226824e-12\n  -2.23382787e-12  5.30892896e-07  1.72019825e-06 -2.72628749e-07\n   5.89497688e-08  1.09315664e-03 -2.50208515e-05 -1.97015790e-05\n   5.59790624e-07 -1.21681418e-09 -8.18364707e-08 -1.10745401e-04\n   3.14926245e-06  2.48825738e-06  5.96092298e-08  1.60179799e-08\n   1.26642146e-04  1.10580080e-06  3.83567663e-07 -1.35305582e-09\n   3.40228326e-05 -4.79113875e-07 -5.71501611e-07  3.22507168e-05\n  -7.67030052e-07 -6.33388063e-07  2.19592955e-11  4.48774353e-10\n   1.91635551e-12]\n [ 3.38801809e-13  1.55456895e-06  3.73981785e-06  7.65286593e-06\n  -6.39957868e-07  6.25662253e-07  4.75019832e-11 -1.23566776e-12\n  -7.48503378e-13 -3.86714594e-07  6.82251026e-07 -2.21921032e-07\n   1.94707620e-07 -1.86997583e-04  2.56036568e-07  5.59790624e-07\n  -4.06544082e-06  7.72439609e-09  1.89446455e-08 -4.52639883e-04\n  -1.32979490e-06  9.44742309e-07  2.08497446e-08 -1.52522940e-07\n  -9.08640654e-04  1.53672614e-06  1.07016148e-06 -6.96126733e-08\n   7.82293872e-05  2.73495957e-07 -1.36676615e-07 -7.74926511e-05\n   1.30815173e-07  7.70607966e-08  2.73361338e-10  2.35484655e-10\n   1.43607850e-14]\n [ 5.79553928e-15 -3.77521351e-07  3.65930181e-07  2.93968132e-07\n   6.35085790e-07  5.54105187e-08  5.98823278e-12  3.10488829e-14\n   3.41863682e-14  1.88704906e-07  4.32620366e-08  6.04359231e-08\n   1.37293938e-08  4.64423373e-05 -5.60425813e-08 -1.21681418e-09\n   7.72439609e-09 -2.72651674e-07  1.17598099e-09 -3.67512970e-05\n   2.01937790e-07  3.80425877e-07 -3.46034486e-07 -7.47375315e-08\n  -3.79722725e-05  1.70763939e-07 -9.25950694e-08  8.47544849e-09\n  -7.78048192e-05  1.03056149e-07  1.64748186e-07 -7.34942821e-06\n   3.84399706e-09  2.27156181e-08 -5.04950959e-12  2.24976636e-12\n  -2.18053674e-14]\n [-8.47968766e-14 -2.72428859e-07 -4.57194957e-07  2.10426523e-09\n   4.99854158e-08  3.45531483e-07  1.27860519e-12 -3.68478746e-14\n   4.45784920e-14  9.34338722e-08  4.46869399e-08  1.46900267e-08\n   4.11721974e-08  2.99178049e-05 -6.15106511e-08 -8.18364707e-08\n   1.89446455e-08  1.17598099e-09 -1.67766118e-07  5.64953918e-05\n   1.22543964e-07  2.89173450e-07 -4.06303502e-08 -1.53986860e-07\n   1.07202465e-06  1.99453162e-07 -2.89136253e-10 -2.17958463e-08\n  -6.46612055e-06  6.19823359e-09  3.02937885e-08 -4.17466102e-05\n   5.85210922e-08  1.07407930e-07  3.24328639e-12 -4.94931801e-12\n   3.96299292e-15]\n [ 2.17852998e-12  1.65594256e-04  2.47674555e-03  6.42471547e-04\n  -8.24845923e-05 -4.78598616e-07  5.53895407e-08 -3.07983766e-11\n  -1.77074615e-10  1.06558514e-04 -5.81127767e-05  1.31894437e-05\n   3.73269778e-05 -2.21283720e-02  2.63677894e-05 -1.10745401e-04\n  -4.52639883e-04 -3.67512970e-05  5.64953918e-05 -2.81808815e-01\n   6.77224042e-04  1.01721560e-03  7.63473686e-05 -3.95503211e-05\n  -7.20268119e-02 -7.11824427e-06  4.10821275e-05 -5.62714271e-06\n   1.17758958e-02  7.05640645e-05  3.21005300e-05 -1.44034936e-03\n  -4.52646672e-05  2.55606115e-05  2.33643576e-08 -7.59101843e-09\n   7.44974152e-11]\n [-2.35495638e-12  1.71199967e-07 -7.51672096e-06 -9.48548309e-08\n  -7.20099851e-07  3.50124714e-07 -5.44428201e-11 -1.75453385e-13\n   3.99354755e-13 -6.36679723e-07  1.55689505e-07 -1.14915754e-07\n  -8.29108194e-08  2.63678031e-05  3.45660820e-06  3.14926245e-06\n  -1.32979490e-06  2.01937790e-07  1.22543964e-07  6.77224042e-04\n  -1.89065660e-05 -1.22862712e-05  1.02211979e-07  7.06035301e-08\n  -7.11827138e-06 -1.91817428e-06 -1.30948926e-06 -2.44102230e-08\n   7.05640646e-05 -6.08397544e-07 -9.36915750e-07 -4.52646691e-05\n  -6.50003268e-07 -4.19359836e-07 -4.53800112e-10  1.18338435e-10\n  -1.04896276e-12]\n [ 4.33646854e-13  1.32456806e-06 -1.02060337e-05 -5.92017591e-07\n  -3.91109132e-07 -2.53645892e-07 -1.62739114e-10  2.64787809e-13\n  -1.02142723e-13 -1.13315159e-06 -9.57347662e-09 -1.01130252e-07\n  -1.61903964e-07 -1.10745427e-04  3.14926260e-06  2.48825738e-06\n   9.44742309e-07  3.80425877e-07  2.89173450e-07  1.01721560e-03\n  -1.22862712e-05 -1.45861079e-05 -9.27870845e-09  1.50367101e-07\n   4.10820698e-05 -1.30948927e-06 -5.98652456e-07  3.03210970e-08\n   3.21005240e-05 -9.36915706e-07 -6.31899248e-07  2.55606206e-05\n  -4.19359844e-07 -4.85040430e-07 -4.94625237e-11 -1.98669360e-11\n  -2.91388395e-13]\n [ 2.43918229e-13 -4.91687066e-08 -6.04692505e-07  7.76367062e-07\n   1.03283859e-06  1.07007651e-07  1.71240822e-11  5.62615078e-14\n  -9.84727876e-14 -7.67738022e-08  1.97634674e-07  9.76947608e-08\n   2.79015807e-08  8.22711328e-06  8.24197600e-08  5.96092298e-08\n   2.08497446e-08 -3.46034486e-07 -4.06303502e-08  7.63473686e-05\n   1.02211979e-07 -9.27870845e-09 -7.19761140e-07 -6.72226592e-08\n  -9.88240925e-05  6.65029809e-08  2.12326217e-07  1.46842599e-08\n  -1.28683807e-04  3.07209531e-08  3.52664284e-07 -1.31467639e-05\n   2.36042796e-08  1.91471833e-08 -1.24817581e-11  1.49834179e-11\n   8.60271012e-14]\n [-1.31921699e-13 -1.52097636e-07  3.23872116e-07  4.43257627e-07\n   1.02618743e-07  7.70645637e-07 -7.24036448e-12 -3.68486095e-14\n  -3.81589159e-14  1.37364428e-07  3.41224577e-08  1.31873873e-08\n   8.89009418e-08  1.68466246e-05 -3.56711991e-08  1.60179799e-08\n  -1.52522940e-07 -7.47375315e-08 -1.53986860e-07 -3.95503211e-05\n   7.06035301e-08  1.50367101e-07 -6.72226592e-08 -5.86639318e-07\n  -5.76416654e-05  4.21626150e-08  6.29016203e-08 -4.65643728e-08\n  -1.22243005e-05  4.33348580e-08  7.55497725e-09 -9.81607888e-05\n  -1.38643822e-07  2.53036303e-07 -8.81698136e-12 -5.42286570e-12\n  -5.95889482e-14]\n [-1.36364085e-10  2.83911316e-04  6.42471558e-04  3.39691242e-03\n   1.32286091e-05  9.48909382e-05  2.09591908e-07 -3.58633034e-10\n  -2.01119417e-10 -2.60370849e-05  2.66774249e-04 -4.85159117e-05\n   5.34251148e-05 -3.42285222e-02 -1.37337067e-05  1.26642146e-04\n  -9.08640654e-04 -3.79722725e-05  1.07202465e-06 -7.20268119e-02\n  -7.11827138e-06  4.10820698e-05 -9.88240925e-05 -5.76416654e-05\n  -3.99684667e-01  1.13128608e-03  7.50071469e-04 -1.08347425e-05\n  -2.78653840e-03  2.16965257e-05 -5.10160807e-05 -1.26565357e-02\n  -2.28241898e-05 -2.89131469e-05  7.20123439e-08  1.67562379e-08\n  -1.98765528e-12]\n [ 4.82937011e-12  3.53678919e-07 -9.48561725e-08 -1.09629162e-05\n  -5.96950677e-08  