{'theta_hat': '[-3.62734746e-11  7.22893302e-04 -1.34231630e-03 -1.23651371e-02\n  4.80839667e-05 -1.41399419e-03 -5.03729313e-09 -1.00899233e-10\n  1.70586683e-11 -4.94195655e-05 -2.18892559e-03  1.59691436e-04\n -1.52389259e-04 -6.25854994e-02  4.47650070e-03  4.91177227e-04\n  2.59627342e-03  6.67611507e-05  3.39911108e-04  1.25190208e-01\n -6.61881680e-05 -1.50703894e-03  3.24928903e-04  9.61840535e-04\n  1.44912471e+00 -4.42571103e-03 -3.77479225e-03  8.42456365e-05\n  9.99693395e-03  8.69247374e-04  5.44573093e-04  1.78968673e-01\n  4.80175802e-04 -5.93990415e-04  3.91603373e-13  1.84447897e-08\n -1.70530888e-10]', 'theta_bar': '[ 7.30601595e-03  2.56915379e-03 -5.78766414e-04 -7.29122583e-03\n -2.40181824e-04  8.28288133e-04 -1.25314128e+00 -5.58112194e-04\n  4.56252533e-03 -4.42438040e-04 -1.67234740e-03  3.72576517e-05\n  1.15115168e-04 -3.31257335e-01  2.16136008e-03  2.45816469e-03\n  1.09107071e-03  1.04577942e-04 -1.93251782e-04  1.75390042e-01\n  1.12475485e-03 -4.86073305e-04  1.56878495e-04 -6.15095093e-04\n  1.15176941e+00  7.87510280e-05 -4.74718577e-03 -5.38257008e-05\n  2.73893523e-02 -7.22239358e-04  5.42096232e-04 -1.06799547e-01\n -2.32216664e-04  1.58417756e-04  1.65240247e-01 -6.92649127e-01\n -4.20525306e-03]', 'grad_op_sum': '[[ 1.70803021e-19  1.75513663e-13  3.39511144e-13  5.49722760e-13\n  -1.22747499e-13  1.00816118e-13 -8.70065196e-18 -1.07073671e-21\n   5.04583085e-20 -6.30764328e-15  3.35967722e-14 -2.29415613e-14\n   1.64517950e-14 -1.70794741e-11  2.48488141e-13  4.16463411e-13\n  -1.40373957e-13  1.97312362e-14 -1.33872453e-14 -3.85219072e-11\n  -5.27537139e-14  3.10244494e-13  7.79871358e-14 -5.17408874e-14\n  -5.93105860e-11  3.63212322e-13 -1.05110896e-13 -7.18357417e-15\n   1.57663812e-11 -2.08996908e-14 -4.22841884e-14 -1.21876191e-11\n   4.69398715e-14 -8.15544455e-14 -2.49980723e-18 -2.29659330e-18\n   2.04210808e-21]\n [ 1.75513663e-13  1.32395058e-05  5.98455705e-06  1.47066296e-06\n   6.06935105e-08 -4.72040151e-09 -9.52850635e-12  1.51619883e-13\n   5.96100107e-13 -1.08453356e-06 -2.82436278e-06  1.68471072e-07\n  -1.62477004e-07 -1.23553061e-03  2.56479698e-05  2.09533580e-05\n  -1.35865927e-06  6.54534761e-08 -1.41553310e-07 -5.87566337e-04\n   8.42069374e-06  8.62707405e-06  8.06232456e-08  1.51389350e-07\n  -1.36437918e-04  2.80226983e-07  2.87286979e-06  2.45814852e-08\n   7.30579049e-06  1.33870857e-06  1.10772953e-06  9.40884936e-06\n   7.11287484e-07  5.02797367e-07 -3.70974573e-11 -3.21924700e-11\n   3.49484787e-13]\n [ 3.39511144e-13  5.98455705e-06  6.95738032e-06  7.81651800e-06\n  -1.32400783e-06 -1.80944356e-07 -1.31639169e-11 -4.09973735e-14\n   3.98535782e-13 -5.61852340e-07 -4.59722334e-07 -9.75687104e-08\n  -1.75232541e-07 -5.87566380e-04  8.42069355e-06  8.62707381e-06\n  -3.37737399e-06  4.40742679e-07 -1.44914135e-07 -7.52667160e-04\n   4.38197920e-06  5.16621970e-06  4.97474607e-07  2.05531151e-07\n  -8.30554763e-04  2.73496548e-06  3.25947779e-06 -3.20942451e-08\n   1.50286464e-04 -8.13932844e-07  5.27486140e-08  2.73340637e-05\n  -2.78814684e-07  3.44455984e-08 -3.34797708e-11 -2.22971698e-11\n   1.98411767e-13]\n [ 5.49722760e-13  1.47066296e-06  7.81651800e-06  4.55703206e-05\n  -5.14534082e-06  1.35159100e-06 -2.38593998e-11 -3.58013517e-13\n   1.16202356e-13  8.41172060e-07  5.54038284e-06 -4.87975807e-07\n   6.06710120e-08 -1.36437861e-04  2.80227114e-07  2.87287030e-06\n  -1.07141288e-05  1.83835916e-06 -8.09979355e-07 -8.30554812e-04\n   2.73496541e-06  3.25947821e-06  1.94122976e-06 -7.50604381e-07\n  -5.15505504e-03  1.86641428e-05  7.24012749e-06 -2.18558125e-07\n   5.53630516e-04 -2.85749323e-06 -9.21514674e-07 -1.72001490e-04\n  -3.47582221e-07  6.02983192e-07 -1.39746818e-11 -2.84559924e-11\n   1.74049996e-13]\n [-1.22747499e-13  6.06935105e-08 -1.32400783e-06 -5.14534082e-06\n   3.08286714e-06  3.02475936e-07  1.36979353e-11  8.83663910e-14\n   2.93161066e-14 -6.18374386e-08 -5.84023203e-07  3.82926577e-07\n   4.14238243e-08  7.30578913e-06  1.33870840e-06  1.10772958e-06\n   1.24958843e-06 -9.55339452e-07  3.39963373e-08  1.50286469e-04\n  -8.13932759e-07  5.27486659e-08 -1.93305209e-06 -2.65439717e-07\n   5.53630612e-04 -2.85749301e-06 -9.21514771e-07  5.96614189e-08\n  -3.81513994e-04 -2.83871923e-08  1.16603728e-06 -3.56248085e-05\n  -1.83104654e-07  2.08143857e-07  9.47227452e-12  1.21864000e-11\n   1.10111578e-14]\n [ 1.00816118e-13 -4.72040151e-09 -1.80944356e-07  1.35159100e-06\n   3.02475936e-07  1.57026827e-06 -1.35619902e-11  6.69078160e-14\n  -2.87809056e-14  7.19272139e-09  4.20210830e-07  1.11990250e-09\n   2.43728393e-07  9.40886581e-06  7.11287513e-07  5.02797336e-07\n   8.35491101e-09 -1.39685834e-07 -3.15867039e-07  2.73340572e-05\n  -2.78814736e-07  3.44455617e-08 -2.58223460e-07 -1.13081578e-06\n  -1.72001478e-04 -3.47582115e-07  6.02983204e-07 -8.80569630e-08\n  -3.56248060e-05 -1.83104685e-07  2.08143853e-07 -2.03255215e-04\n  -2.27212679e-07  2.72328161e-07  3.23336014e-12 -2.00757898e-12\n   2.96954466e-14]\n [-8.70065196e-18 -9.52850635e-12 -1.31639169e-11 -2.38593998e-11\n   1.36979353e-11 -1.35619902e-11  8.12155798e-16 -6.21063750e-19\n  -2.55572724e-18  1.72629362e-12  9.15840351e-13  2.00505029e-12\n  -2.68647283e-12  1.21250683e-09 -2.72375470e-13 -3.10883731e-12\n   3.33984010e-12 -3.73546949e-12  2.57463043e-12  1.56100689e-09\n  -3.92032318e-12 -3.02396602e-12 -7.67341567e-12  8.20049370e-12\n   2.51808933e-09 -1.87528644e-11  5.49381886e-12  1.02763755e-12\n  -1.64969514e-09  4.61260067e-12  1.26902793e-12  1.77008972e-09\n  -3.59620337e-12  2.73905892e-12  1.33755867e-16  1.14780321e-16\n   6.66986843e-19]\n [-1.07073671e-21  1.51619883e-13 -4.09973735e-14 -3.58013517e-13\n   8.83663910e-14  6.69078160e-14 -6.21063750e-19  2.04875607e-20\n   4.98731509e-21 -3.60360537e-14 -6.05681973e-14  1.89089646e-15\n   8.53643271e-15 -1.47712341e-11  1.63340659e-13  2.26163531e-13\n   1.07627313e-13 -3.46061532e-14 -5.87969450e-15  6.49491885e-12\n   1.15556381e-13  1.25094260e-13 -4.44293258e-14 -4.70497177e-14\n   3.82466933e-11 -1.44387378e-13  7.71331416e-14 -6.60213877e-16\n  -9.74753856e-12  4.35265490e-14  1.44212974e-14 -8.58009847e-12\n   1.14241214e-14  2.63858010e-14 -3.92580559e-19 -5.87430398e-19\n   9.90251169e-21]\n [ 5.04583085e-20  5.96100107e-13  3.98535782e-13  1.16202356e-13\n   2.93161066e-14 -2.87809056e-14 -2.55572724e-18  4.98731509e-21\n   6.95557030e-20 -9.30810191e-14 -1.75204149e-13 -2.05003827e-15\n  -1.48950631e-14 -6.16954312e-11  5.29378174e-13  8.33719039e-13\n  -8.21249319e-14 -7.27895456e-15 -2.39861303e-15 -4.13504007e-11\n   3.52954782e-13  5.45987220e-13 -1.79679213e-14  2.62983232e-14\n  -6.60246323e-12  3.24879346e-13  1.36865462e-13  5.15225118e-15\n  -4.24463221e-12 -2.33347740e-14  4.29709802e-14  4.19363671e-12\n   2.48148916e-14 -1.15252658e-14 -2.07392240e-18 -2.80194395e-18\n   1.90503631e-20]\n [-6.30764328e-15 -1.08453356e-06 -5.61852340e-07  8.41172060e-07\n  -6.18374386e-08  7.19272139e-09  1.72629362e-12 -3.60360537e-14\n  -9.30810191e-14  2.77918718e-07  4.47847445e-07  3.57039532e-08\n   2.33624667e-08  1.20395101e-04 -3.93792034e-08 -1.12501471e-06\n  -1.20128130e-07  2.92037168e-08  7.21244269e-09  5.45046483e-05\n  -8.62513282e-07 -1.00539097e-06  2.39786705e-08  9.26760438e-10\n  -1.06769387e-04 -2.89854126e-07 -6.78201614e-07 -7.33626308e-09\n   6.64967876e-06  7.49764555e-10 -6.43267054e-08 -1.24001522e-06\n  -6.62287998e-08 -4.78636881e-08  5.41463100e-12  4.29949483e-12\n  -5.06462935e-14]\n [ 3.35967722e-14 -2.82436278e-06 -4.59722334e-07  5.54038284e-06\n  -5.84023203e-07  4.20210830e-07  9.15840351e-13 -6.05681973e-14\n  -1.75204149e-13  4.47847445e-07  1.54402454e-06 -8.09148112e-08\n   8.62562769e-08  2.79552770e-04 -4.36915984e-06 -3.82886966e-06\n  -1.07153584e-06  1.65943504e-07 -1.01642033e-07  3.93863034e-05\n  -1.73429029e-06 -1.59060076e-06  1.99445222e-07 -2.93371548e-07\n  -6.48604959e-04  1.55046682e-06  2.39991783e-07 -4.93628339e-08\n   6.30603580e-05 -4.99236466e-07 -4.32189605e-07 -5.49848632e-05\n  -2.67857556e-07  1.99820520e-08  7.44788672e-12  2.76397605e-12\n  -5.05359363e-14]\n [-2.29415613e-14  1.68471072e-07 -9.75687104e-08 -4.87975807e-07\n   3.82926577e-07  1.11990250e-09  2.00505029e-12  1.89089646e-15\n  -2.05003827e-15  3.57039532e-08 -8.09148112e-08  7.35523647e-08\n   6.06601206e-10 -8.97742094e-06  1.12979767e-06  5.07402008e-07\n   8.12258046e-08 -1.05894589e-07  6.91294221e-09  1.08135132e-05\n  -3.06745501e-08 -5.07602124e-08 -2.47411044e-07 -2.04875553e-09\n   5.06419471e-05 -5.24432006e-07 -2.67571080e-07  8.44034866e-09\n  -4.78466671e-05  1.68839178e-08  2.00738350e-07  2.94471677e-07\n  -2.63967126e-08  2.54155659e-08  1.45161299e-12  2.54345468e-12\n  -5.46077045e-15]\n [ 1.64517950e-14 -1.62477004e-07 -1.75232541e-07  6.06710120e-08\n   4.14238243e-08  2.43728393e-07 -2.68647283e-12  8.53643271e-15\n  -1.48950631e-14  2.33624667e-08  8.62562769e-08  6.06601206e-10\n   4.40678421e-08  1.74623267e-05 -4.60999530e-08 -1.66215043e-07\n   6.11528218e-08 -2.16356948e-08 -4.38684918e-08  1.92350407e-05\n  -1.76707964e-07 -1.67040954e-07 -2.88160766e-08 -1.72459645e-07\n  -1.14191601e-05 -1.57592620e-07 -2.55174906e-08 -1.38380332e-08\n  -4.48267835e-06 -1.02414146e-08  1.58610796e-08 -3.15870723e-05\n  -2.74294274e-08  3.37680711e-08  1.12989171e-12  5.08396049e-14\n  -4.47110685e-15]\n [-1.70794741e-11 -1.23553061e-03 -5.87566380e-04 -1.36437861e-04\n   7.30578913e-06  9.40886581e-06  1.21250683e-09 -1.47712341e-11\n  -6.16954312e-11  1.20395101e-04  2.79552770e-04 -8.97742094e-06\n   1.74623267e-05  1.17768515e-01 -2.14222305e-03 -1.87299538e-03\n   1.28438006e-04 -9.94310093e-06  1.27639644e-05  5.79998708e-02\n  -8.12773286e-04 -8.33891678e-04 -1.22811697e-05 -1.94267131e-05\n   1.12642440e-02 -1.11508916e-04 -3.23236879e-04 -2.89437670e-06\n  -1.90775703e-03 -1.01375185e-04 -9.94841725e-05 -1.96761147e-03\n  -6.91587122e-05 -4.59887750e-05  3.78906495e-09  3.19015844e-09\n  -3.42012999e-11]\n [ 2.48488141e-13  2.56479698e-05  8.42069355e-06  2.80227114e-07\n   1.33870840e-06  7.11287513e-07 -2.72375470e-13  1.63340659e-13\n   5.29378174e-13 -3.93792034e-08 -4.36915984e-06  1.12979767e-06\n  -4.60999530e-08 -2.14222305e-03  7.76937751e-05  4.82444250e-05\n  -2.09952601e-06 -1.75839070e-07 -2.71981946e-07 -8.12773235e-04\n   1.32844728e-05  1.19368326e-05 -2.84090489e-07 -5.49480254e-08\n  -1.11508904e-04 -1.07346780e-05 -1.67075833e-06 -7.49935442e-09\n  -1.01375181e-04  4.85883513e-06  2.87900187e-06 -6.91587211e-05\n   1.04920534e-06  9.87135966e-07 -3.86074945e-11 -3.46936718e-11\n   3.94038641e-13]\n [ 4.16463411e-13  2.09533580e-05  8.62707381e-06  2.87287030e-06\n   1.10772958e-06  5.02797336e-07 -3.10883731e-12  2.26163531e-13\n   8.33719039e-13 -1.12501471e-06 -3.82886966e-06  5.07402008e-07\n  -1.66215043e-07 -1.87299538e-03  4.82444250e-05  3.66108280e-05\n  -2.14528428e-06 -2.45831368e-07 -2.65215506e-07 -8.33891614e-04\n   1.19368325e-05  1.36024380e-05 -3.68080528e-07 -9.75002428e-08\n  -3.23236900e-04 -1.67075772e-06  2.80961125e-06  2.40790047e-08\n  -9.94841813e-05  2.87900218e-06  1.92303778e-06 -4.59887796e-05\n   9.87135901e-07  7.88192456e-07 -4.64313012e-11 -4.99438792e-11\n   5.39097934e-13]\n [-1.40373957e-13 -1.35865927e-06 -3.37737399e-06 -1.07141288e-05\n   1.24958843e-06  8.35491101e-09  3.33984010e-12  1.07627313e-13\n  -8.21249319e-14 -1.20128130e-07 -1.07153584e-06  8.12258046e-08\n   6.11528218e-08  1.28438006e-04 -2.09952601e-06 -2.14528428e-06\n   3.10342483e-06 -4.47739781e-07  1.44502345e-07  3.69981909e-04\n  -1.29821251e-06 -1.50032358e-06 -4.22278367e-07 -7.19861786e-08\n   1.20166585e-03 -3.71844752e-06 -1.98004761e-06  4.12958041e-08\n  -1.33618152e-04  8.53001820e-07  1.81229602e-07 -2.91376961e-06\n   2.47549846e-07 -9.21721002e-08  1.04378533e-11  8.94048478e-12\n  -5.71957258e-14]\n [ 1.97312362e-14  6.54534761e-08  4.40742679e-07  1.83835916e-06\n  -9.55339452e-07 -1.39685834e-07 -3.73546949e-12 -3.46061532e-14\n  -7.27895456e-15  2.92037168e-08  1.65943504e-07 -1.05894589e-07\n  -2.16356948e-08 -9.94310093e-06 -1.75839070e-07 -2.45831368e-07\n  -4.47739781e-07  3.11612702e-07 -1.04002117e-08 -4.95677699e-05\n   3.49079677e-07 -3.32800823e-08  5.82986821e-07  1.12347205e-07\n  -1.97477805e-04  1.02683087e-06  2.64109334e-07 -1.58480203e-08\n   1.16569091e-04 -2.15698209e-08 -3.02490806e-07  1.66830403e-05\n   6.53955401e-08 -5.93970181e-08 -2.58304808e-12 -2.74134600e-12\n  -6.31709643e-15]\n [-1.33872453e-14 -1.41553310e-07 -1.44914135e-07 -8.09979355e-07\n   3.39963373e-08 -3.15867039e-07  2.57463043e-12 -5.87969450e-15\n  -2.39861303e-15  7.21244269e-09 -1.01642033e-07  6.91294221e-09\n  -4.38684918e-08  1.27639644e-05 -2.71981946e-07 -2.65215506e-07\n   1.44502345e-07 -1.04002117e-08  7.74789581e-08  1.36051216e-05\n  -9.26832113e-08 -1.20339092e-07  1.15877257e-08  2.29626107e-07\n   9.25119519e-05 -2.14991646e-07 -2.59348836e-07  2.04082540e-08\n  -3.14432269e-06  8.54176626e-08 -4.92990953e-08  4.10906963e-05\n   5.26354815e-08 -6.46420805e-08 -2.39821397e-13  7.68772816e-13\n  -1.05496659e-14]\n [-3.85219072e-11 -5.87566337e-04 -7.52667160e-04 -8.30554812e-04\n   1.50286469e-04  2.73340572e-05  1.56100689e-09  6.49491885e-12\n  -4.13504007e-11  5.45046483e-05  3.93863034e-05  1.08135132e-05\n   1.92350407e-05  5.79998708e-02 -8.12773235e-04 -8.33891614e-04\n   3.69981909e-04 -4.95677699e-05  1.36051216e-05  8.21574665e-02\n  -4.32013747e-04 -5.13551421e-04 -5.63816434e-05 -2.78387338e-05\n   8.79822639e-02 -2.73188336e-04 -3.26082900e-04  3.52550283e-06\n  -1.69985890e-02  1.01062416e-04  8.07984797e-07 -3.92528594e-03\n   3.76080121e-05  3.16594642e-06  3.56484572e-09  2.26715718e-09\n  -1.86974684e-11]\n [-5.27537139e-14  8.42069374e-06  4.38197920e-06  2.73496541e-06\n  -8.13932759e-07 -2.78814736e-07 -3.92032318e-12  1.15556381e-13\n   3.52954782e-13 -8.62513282e-07 -1.73429029e-06 -3.06745501e-08\n  -1.76707964e-07 -8.12773286e-04  1.32844728e-05  1.19368325e-05\n  -1.29821251e-06  3.49079677e-07 -9.26832113e-08 -4.32013747e-04\n   6.51037164e-06  5.61207563e-06  4.61628938e-07  2.57143340e-07\n  -2.73188365e-04  1.91747721e-06  3.18886431e-06  1.25883923e-08\n   1.01062407e-04  4.97116129e-07  5.23399119e-07  3.76080227e-05\n   4.95097348e-07  3.93489898e-07 -2.90567782e-11 -1.82640223e-11\n   2.57948279e-13]\n [ 3.10244494e-13  8.62707405e-06  5.16621970e-06  3.25947821e-06\n   5.27486659e-08  3.44455617e-08 -3.02396602e-12  1.25094260e-13\n   5.45987220e-13 -1.00539097e-06 -1.59060076e-06 -5.07602124e-08\n  -1.67040954e-07 -8.33891678e-04  1.19368326e-05  1.36024380e-05\n  -1.50032358e-06 -3.32800823e-08 -1.20339092e-07 -5.13551421e-04\n   5.61207563e-06  7.80229581e-06  8.30615785e-09  2.83591616e-08\n  -3.26082922e-04  3.18886451e-06  3.51015991e-06  1.69393722e-08\n   8.07977277e-07  5.23399151e-07  3.63956974e-07  3.16594822e-06\n   3.93489888e-07  2.37927736e-07 -2.96287269e-11 -3.39341399e-11\n   3.34891614e-13]\n [ 7.79871358e-14  8.06232456e-08  4.97474607e-07  1.94122976e-06\n  -1.93305209e-06 -2.58223460e-07 -7.67341567e-12 -4.44293258e-14\n  -1.79679213e-14  2.39786705e-08  1.99445222e-07 -2.47411044e-07\n  -2.88160766e-08 -1.22811697e-05 -2.84090489e-07 -3.68080528e-07\n  -4.22278367e-07  5.82986821e-07  1.15877257e-08 -5.63816434e-05\n   4.61628938e-07  8.30615785e-09  1.29923894e-06  2.20012173e-07\n  -2.03310905e-04  1.34136574e-06  3.02902016e-07 -3.12282512e-08\n   2.44675116e-04  2.79912135e-07 -8.19671164e-07  3.15830498e-05\n   1.91817034e-07 -1.61916653e-07 -5.35050442e-12 -9.50223420e-12\n  -7.48479740e-15]\n [-5.17408874e-14  1.51389350e-07  2.05531151e-07 -7.50604381e-07\n  -2.65439717e-07 -1.13081578e-06  8.20049370e-12 -4.70497177e-14\n   2.62983232e-14  9.26760438e-10 -2.93371548e-07 -2.04875553e-09\n  -1.72459645e-07 -1.94267131e-05 -5.49480254e-08 -9.75002428e-08\n  -7.19861786e-08  1.12347205e-07  2.29626107e-07 -2.78387338e-05\n   2.57143340e-07  2.83591616e-08  2.20012173e-07  8.28713033e-07\n   9.64164510e-05  2.31397078e-07 -4.47322722e-07  6.26612398e-08\n   3.20286032e-05  1.69320969e-07 -1.75108802e-07  1.46788193e-04\n   1.85006736e-07 -1.93797812e-07 -3.00280741e-12  2.89723235e-13\n  -2.16517105e-14]\n [-5.93105860e-11 -1.36437918e-04 -8.30554763e-04 -5.15505504e-03\n   5.53630612e-04 -1.72001478e-04  2.51808933e-09  3.82466933e-11\n  -6.60246323e-12 -1.06769387e-04 -6.48604959e-04  5.06419471e-05\n  -1.14191601e-05  1.12642440e-02 -1.11508904e-04 -3.23236900e-04\n   1.20166585e-03 -1.97477805e-04  9.25119519e-05  8.79822639e-02\n  -2.73188365e-04 -3.26082922e-04 -2.03310905e-04  9.64164510e-05\n   5.85269122e-01 -2.03365240e-03 -8.00168130e-04  2.52076856e-05\n  -5.93857646e-02  3.08341849e-04  1.02690998e-04  2.18196381e-02\n   4.12949935e-05 -7.70899884e-05  1.31905124e-09  3.11033469e-09\n  -1.89184022e-11]\n [ 3.63212322e-13  2.80226983e-07  2.73496548e-06  1.86641428e-05\n  -2.85749301e-06 -3.47582115e-07 -1.87528644e-11 -1.44387378e-13\n   3.24879346e-13 -2.89854126e-07  1.55046682e-06 -5.24432006e-07\n  -1.57592620e-07 -1.11508916e-04 -1.07346780e-05 -1.67075772e-06\n  -3.71844752e-06  1.02683087e-06 -2.14991646e-07 -2.73188336e-04\n   1.91747721e-06  3.18886451e-06  1.34136574e-06  2.31397078e-07\n  -2.03365240e-03  1.44117626e-05  4.09504314e-06 -2.79584325e-08\n   3.08341825e-04 -1.40391620e-06 -6.67374916e-07  4.12950069e-05\n   5.96146699e-07 -1.03493787e-07 -8.13593019e-12 -1.98850089e-11\n   1.21795596e-13]\n [-1.05110896e-13  2.87286979e-06  3.25947779e-06  7.24012749e-06\n  -9.21514771e-07  6.02983204e-07  5.49381886e-12  7.71331416e-14\n   1.36865462e-13 -6.78201614e-07  2.39991783e-07 -2.67571080e-07\n  -2.55174906e-08 -3.23236879e-04 -1.67075833e-06  2.80961125e-06\n  -1.98004761e-06  2.64109334e-07 -2.59348836e-07 -3.26082900e-04\n   3.18886431e-06  3.51015991e-06  3.02902016e-07 -4.47322722e-07\n  -8.00168130e-04  4.09504314e-06  4.86845387e-06 -5.35261793e-08\n   1.02690991e-04 -6.67374985e-07 -1.82471532e-07 -7.70899909e-05\n  -1.03493807e-07  5.03713694e-07 -2.00740800e-11 -1.68646026e-11\n   2.34963137e-13]\n [-7.18357417e-15  2.45814852e-08 -3.20942451e-08 -2.18558125e-07\n   5.96614189e-08 -8.80569630e-08  1.02763755e-12 -6.60213877e-16\n   5.15225118e-15 -7.33626308e-09 -4.93628339e-08  8.44034866e-09\n  -1.38380332e-08 -2.89437670e-06 -7.49935442e-09  2.40790047e-08\n   4.12958041e-08 -1.58480203e-08  2.04082540e-08  3.52550283e-06\n   1.25883923e-08  1.69393722e-08 -3.12282512e-08  6.26612398e-08\n   2.52076856e-05 -2.79584325e-08 -5.35261793e-08  7.33220937e-09\n  -7.43204498e-06  1.70200927e-08  1.76667619e-08  1.15083390e-05\n   1.66887070e-08 -1.01727482e-08 -2.06012203e-14  3.31194997e-13\n  -3.30705481e-16]\n [ 1.57663812e-11  7.30579049e-06  1.50286464e-04  5.53630516e-04\n  -3.81513994e-04 -3.56248060e-05 -1.64969514e-09 -9.74753856e-12\n  -4.24463221e-12  6.64967876e-06  6.30603580e-05 -4.78466671e-05\n  -4.48267835e-06 -1.90775703e-03 -1.01375181e-04 -9.94841813e-05\n  -1.33618152e-04  1.16569091e-04 -3.14432269e-06 -1.69985890e-02\n   1.01062407e-04  8.07977277e-07  2.44675116e-04  3.20286032e-05\n  -5.93857646e-02  3.08341825e-04  1.02690991e-04 -7.43204498e-06\n   4.76450194e-02  2.14297238e-05 -1.50248224e-04  4.21676034e-03\n   2.57839809e-05 -2.63857485e-05 -1.19435382e-09 -1.64438058e-09\n  -9.55504057e-13]\n [-2.08996908e-14  1.33870857e-06 -8.13932844e-07 -2.85749323e-06\n  -2.83871923e-08 -1.83104685e-07  4.61260067e-12  4.35265490e-14\n  -2.33347740e-14  7.49764555e-10 -4.99236466e-07  1.68839178e-08\n  -1.02414146e-08 -1.01375185e-04  4.85883513e-06  2.87900218e-06\n   8.53001820e-07 -2.15698209e-08  8.54176626e-08  1.01062416e-04\n   4.97116129e-07  5.23399151e-07  2.79912135e-07  1.69320969e-07\n   3.08341849e-04 -1.40391620e-06 -6.67374985e-07  1.70200927e-08\n   2.14297238e-05  1.03115931e-06 -1.50333267e-07  2.57839867e-05\n   3.49039499e-07  3.43225017e-10  2.00007425e-13 -5.47841610e-12\n   1.76908679e-14]\n [-4.22841884e-14  1.10772953e-06  5.27486140e-08 -9.21514674e-07\n   1.16603728e-06  2.08143853e-07  1.26902793e-12  1.44212974e-14\n   4.29709802e-14 -6.43267054e-08 -4.32189605e-07  2.00738350e-07\n   1.58610796e-08 -9.94841725e-05  2.87900187e-06  1.92303778e-06\n   1.81229602e-07 -3.02490806e-07 -4.92990953e-08  8.07984797e-07\n   5.23399119e-07  3.63956974e-07 -8.19671164e-07 -1.75108802e-07\n   1.02690998e-04 -6.67374916e-07 -1.82471532e-07  1.76667619e-08\n  -1.50248224e-04 -1.50333267e-07  8.67338102e-07 -2.63857479e-05\n   3.43230291e-10  1.40133783e-07  9.45341116e-13  9.77569695e-12\n   1.17540972e-14]\n [-1.21876191e-11  9.40884936e-06  2.73340637e-05 -1.72001490e-04\n  -3.56248085e-05 -2.03255215e-04  1.77008972e-09 -8.58009847e-12\n   4.19363671e-12 -1.24001522e-06 -5.49848632e-05  2.94471677e-07\n  -3.15870723e-05 -1.96761147e-03 -6.91587211e-05 -4.59887796e-05\n  -2.91376961e-06  1.66830403e-05  4.10906963e-05 -3.92528594e-03\n   3.76080227e-05  3.16594822e-06  3.15830498e-05  1.46788193e-04\n   2.18196381e-02  4.12950069e-05 -7.70899909e-05  1.15083390e-05\n   4.21676034e-03  2.57839867e-05 -2.63857479e-05  2.63460829e-02\n   2.98549549e-05 -3.48680960e-05 -4.48390845e-10  2.12883578e-10\n  -3.53800217e-12]\n [ 4.69398715e-14  7.11287484e-07 -2.78814684e-07 -3.47582221e-07\n  -1.83104654e-07 -2.27212679e-07 -3.59620337e-12  1.14241214e-14\n   2.48148916e-14 -6.62287998e-08 -2.67857556e-07 -2.63967126e-08\n  -2.74294274e-08 -6.91587122e-05  1.04920534e-06  9.87135901e-07\n   2.47549846e-07  6.53955401e-08  5.26354815e-08  3.76080121e-05\n   4.95097348e-07  3.93489888e-07  1.91817034e-07  1.85006736e-07\n   4.12949935e-05  5.96146699e-07 -1.03493807e-07  1.66887070e-08\n   2.57839809e-05  3.49039499e-07  3.43230291e-10  2.98549549e-05\n   3.31030444e-07 -3.58708890e-08 -2.14641666e-12 -1.35828511e-12\n   5.39419886e-15]\n [-8.15544455e-14  5.02797367e-07  3.44455984e-08  6.02983192e-07\n   2.08143857e-07  2.72328161e-07  2.73905892e-12  2.63858010e-14\n  -1.15252658e-14 -4.78636881e-08  1.99820520e-08  2.54155659e-08\n   3.37680711e-08 -4.59887750e-05  9.87135966e-07  7.88192456e-07\n  -9.21721002e-08 -5.93970181e-08 -6.46420805e-08  3.16594642e-06\n   3.93489898e-07  2.37927736e-07 -1.61916653e-07 -1.93797812e-07\n  -7.70899884e-05 -1.03493787e-07  5.03713694e-07 -1.01727482e-08\n  -2.63857485e-05  3.43225017e-10  1.40133783e-07 -3.48680960e-05\n  -3.58708890e-08  1.71902372e-07  8.46791537e-14 -4.69831016e-13\n   2.85662916e-14]\n [-2.49980723e-18 -3.70974573e-11 -3.34797708e-11 -1.39746818e-11\n   9.47227452e-12  3.23336014e-12  1.33755867e-16 -3.92580559e-19\n  -2.07392240e-18  5.41463100e-12  7.44788672e-12  1.45161299e-12\n   1.12989171e-12  3.78906495e-09 -3.86074945e-11 -4.64313012e-11\n   1.04378533e-11 -2.58304808e-12 -2.39821397e-13  3.56484572e-09\n  -2.90567782e-11 -2.96287269e-11 -5.35050442e-12 -3.00280741e-12\n   1.31905124e-09 -8.13593019e-12 -2.00740800e-11 -2.06012203e-14\n  -1.19435382e-09  2.00007425e-13  9.45341116e-13 -4.48390845e-10\n  -2.14641666e-12  8.46791537e-14  2.70779322e-16  1.15681451e-16\n  -1.30109411e-18]\n [-2.29659330e-18 -3.21924700e-11 -2.22971698e-11 -2.84559924e-11\n   1.21864000e-11 -2.00757898e-12  1.14780321e-16 -5.87430398e-19\n  -2.80194395e-18  4.29949483e-12  2.76397605e-12  2.54345468e-12\n   5.08396049e-14  3.19015844e-09 -3.46936718e-11 -4.99438792e-11\n   8.94048478e-12 -2.74134600e-12  7.68772816e-13  2.26715718e-09\n  -1.82640223e-11 -3.39341399e-11 -9.50223420e-12  2.89723235e-13\n   3.11033469e-09 -1.98850089e-11 -1.68646026e-11  3.31194997e-13\n  -1.64438058e-09 -5.47841610e-12  9.77569695e-12  2.12883578e-10\n  -1.35828511e-12 -4.69831016e-13  1.15681451e-16  3.93881944e-16\n  -1.34147929e-18]\n [ 2.04210808e-21  3.49484787e-13  1.98411767e-13  1.74049996e-13\n   1.10111578e-14  2.96954466e-14  6.66986843e-19  9.90251169e-21\n   1.90503631e-20 -5.06462935e-14 -5.05359363e-14 -5.46077045e-15\n  -4.47110685e-15 -3.42012999e-11  3.94038641e-13  5.39097934e-13\n  -5.71957258e-14 -6.31709643e-15 -1.05496659e-14 -1.86974684e-11\n   2.57948279e-13  3.34891614e-13 -7.48479740e-15 -2.16517105e-14\n  -1.89184022e-11  1.21795596e-13  2.34963137e-13 -3.30705481e-16\n  -9.55504057e-13  1.76908679e-14  1.17540972e-14 -3.53800217e-12\n   5.39419886e-15  2.85662916e-14 -1.30109411e-18 -1.34147929e-18\n   1.97305259e-20]]', 'hess_sum': '[[ 2.04056444e-11 -1.06424737e-12  3.39617600e-12  9.59392165e-13\n  -9.07583861e-13  7.37790539e-14 -7.28422505e-11 -1.80422208e-12\n  -2.49961808e-12  2.79884271e-13  1.24444846e-12 -1.22912863e-13\n  -1.48872293e-13 -1.84577225e-10 -2.19954115e-12 -1.99206760e-12\n  -4.69521662e-14 -4.24119772e-14 -1.71265661e-13 -3.48223520e-10\n  -2.68254331e-12 -9.38025521e-13  1.06334626e-13 -2.21969704e-13\n   1.13320639e-09  5.48927447e-12  2.68991285e-12  2.50676599e-14\n  -2.33626945e-12  7.87635433e-14  8.81127412e-14 -8.78326011e-12\n  -5.29552519e-13 -6.70279211e-14 -7.50575519e-10 -4.75283830e-11\n   1.15892770e-11]\n [-1.06424737e-12 -1.59819408e-05 -1.66979620e-06 -2.84708424e-06\n   4.84326560e-07 -2.56048199e-07 -1.51207961e-10 -1.71529553e-12\n  -1.85062491e-12  2.67167346e-06  1.76778060e-06  2.90207248e-08\n  -1.89157118e-07  1.73269649e-03 -1.60363092e-05 -1.22304963e-05\n   1.67029466e-06 -4.19873806e-07 -2.58354272e-07  2.30513086e-04\n   2.39066293e-07  1.24626922e-06  1.41782240e-07 -2.03450245e-07\n   3.51300965e-04  6.58429529e-07 -1.53432669e-06  2.01899352e-08\n  -6.62339592e-05 -8.99435178e-08 -3.53201087e-07  2.96214353e-05\n  -3.15379461e-07 -4.60553318e-07  2.25744664e-10 -6.41026347e-11\n  -3.06036978e-12]\n [ 3.39617600e-12 -1.66979620e-06 -2.33681823e-05 -4.45821433e-06\n   8.29859286e-07 -7.67458618e-09 -3.11963802e-10 -4.77097910e-13\n   1.31528034e-13 -8.63199365e-07  5.78198338e-07 -1.52820284e-07\n  -3.41032211e-07  2.30513089e-04  2.39066192e-07  1.24626882e-06\n   3.74212127e-06  2.06543027e-07 -4.35490857e-07  2.66015606e-03\n  -7.37947113e-06 -1.03116114e-05 -6.75801528e-07  3.99258866e-07\n   4.71983950e-04 -1.72417656e-07 -5.85987168e-07  5.00246309e-08\n  -1.20690368e-04 -7.76470637e-07 -3.64894961e-07  1.44175147e-05\n   4.00589016e-07 -3.32110325e-07 -3.35219452e-10 -6.98367095e-11\n  -4.28721236e-14]\n [ 9.59392165e-13 -2.84708424e-06 -4.45821433e-06 -3.35015986e-05\n  -2.36922836e-07 -6.78487003e-07 -4.89286864e-10 -6.82560322e-13\n   7.04664945e-12  1.77108477e-07 -2.71324862e-06  5.18970542e-07\n  -5.33151660e-07  3.51300964e-04  6.58430308e-07 -1.53432712e-06\n   8.63077314e-06  4.67646132e-07  3.26576110e-09  4.71984006e-04\n  -1.72416810e-07 -5.85986527e-07  9.35936856e-07  2.00987948e-07\n   3.98829373e-03 -9.93634344e-06 -8.18915282e-06  9.59262787e-08\n   4.29884281e-05 -8.83444719e-08  6.25749273e-07  9.40507103e-05\n   4.55841536e-07  1.73397922e-07  1.04524680e-10  4.32219211e-10\n  -4.30557594e-12]\n [-9.07583861e-13  4.84326560e-07  8.29859286e-07 -2.36922836e-07\n  -3.08541063e-06  5.50756968e-08  2.05563414e-11  3.79943770e-13\n   1.19484031e-13 -3.64247688e-07 -6.45841824e-09 -4.24210046e-07\n   7.48464524e-09 -6.62339533e-05 -8.99436428e-08 -3.53201196e-07\n  -6.59001024e-07  8.48419016e-07  2.18329549e-08 -1.20690370e-04\n  -7.76470620e-07 -3.64894898e-07  1.59351860e-06  6.62957193e-09\n   4.29884568e-05 -8.83445901e-08  6.25749179e-07 -6.53668775e-08\n   3.80973676e-04 -3.81946529e-07 -1.07678962e-06 -9.80042049e-06\n  -1.72183844e-07 -6.76655233e-08 -1.40373597e-11 -1.66153005e-11\n   2.19807330e-13]\n [ 7.37790539e-14 -2.56048199e-07 -7.67458618e-09 -6.78487003e-07\n   5.50756968e-08 -2.41559663e-06  7.78200417e-12 -3.69491272e-13\n   9.31306029e-14 -2.83199840e-07 -1.96828733e-07  1.33486190e-08\n  -3.26963513e-07  2.96214424e-05 -3.15379397e-07 -4.60553340e-07\n   6.60295320e-07  2.15239601e-08  5.14540799e-07  1.44174892e-05\n   4.00588979e-07 -3.32110292e-07  2.55050595e-08  1.30462894e-06\n   9.40507102e-05  4.55841288e-07  1.73398167e-07  1.58235242e-07\n  -9.80042599e-06 -1.72183839e-07 -6.76655230e-08  3.04080594e-04\n   1.64727121e-07 -7.84641936e-07  3.89093781e-12 -2.31193270e-11\n   1.81613001e-14]\n [-7.28422505e-11 -1.51207961e-10 -3.11963802e-10 -4.89286864e-10\n   2.05563414e-11  7.78200417e-12 -1.62210544e-07 -3.39352038e-10\n  -1.29154011e-09  4.69125659e-11 -4.84964410e-11  4.41318029e-12\n   5.55133418e-12 -3.63731361e-08 -9.47831682e-11  8.89119687e-11\n  -8.02959498e-11  3.81826317e-12  7.66658391e-12  7.82874284e-08\n  -7.58086379e-11  1.54259688e-11  2.57365000e-11 -4.67118293e-12\n   3.34906415e-07 -2.91237451e-10 -4.04873025e-10  6.68957592e-13\n   2.89663959e-09 -2.25018521e-12  1.39766991e-11  2.98180578e-09\n  -5.99431821e-14 -2.32824818e-11 -1.09695896e-07  1.95443512e-07\n  -1.42979791e-09]\n [-1.80422208e-12 -1.71529553e-12 -4.77097910e-13 -6.82560322e-13\n   3.79943770e-13 -3.69491272e-13 -3.39352038e-10  4.73167941e-12\n   6.25655622e-12  2.31785125e-13 -8.64943154e-13  1.33566839e-14\n  -1.09739747e-16 -1.31266746e-10  2.40920084e-12 -3.59611627e-12\n  -1.00375208e-12  5.26088561e-14 -4.54257039e-14  6.39499027e-12\n  -2.55827621e-13  4.19739999e-13  7.40550585e-14  1.30376817e-14\n  -2.63395259e-10  3.31926460e-12 -2.70170321e-12 -1.20189114e-14\n   7.11416372e-12  1.26840508e-13 -3.73665407e-13 -4.21951257e-13\n  -3.12434778e-13 -1.19689285e-13 -1.04647303e-09  4.08023506e-10\n   2.22299876e-11]\n [-2.49961808e-12 -1.85062491e-12  1.31528034e-13  7.04664945e-12\n   1.19484031e-13  9.31306029e-14 -1.29154011e-09  6.25655622e-12\n   9.72469436e-13  9.76506126e-14  4.25780353e-13 -9.73754023e-14\n   6.31248065e-14  3.57761290e-11 -1.79093983e-12 -1.72774428e-12\n  -4.40593803e-13  4.82473412e-14  4.12810009e-14 -2.47691818e-10\n   1.87012756e-13 -5.83605204e-14 -1.87335433e-13 -7.52647744e-14\n  -1.39034209e-10 -3.60868658e-12 -1.59960114e-12  9.04479362e-15\n  -1.74042390e-11  3.81368183e-13 -4.30090371e-14 -4.22202779e-11\n  -1.10863876e-13  1.32223720e-13  1.45485662e-10 -5.86133647e-10\n  -7.56783812e-12]\n [ 2.79884271e-13  2.67167346e-06 -8.63199365e-07  1.77108477e-07\n  -3.64247688e-07 -2.83199840e-07  4.69125659e-11  2.31785125e-13\n   9.76506126e-14 -1.57013458e-06 -2.37865373e-07 -1.10055826e-07\n   3.76232947e-08 -3.14007804e-04  1.35141922e-06  6.06983376e-07\n  -3.66479186e-07  2.10635124e-07  8.99880361e-08  8.37678602e-05\n  -6.46182905e-07 -1.12742806e-06 -1.16260613e-07  1.44391171e-07\n  -2.15783760e-05 -5.08870428e-07  4.79763730e-07  1.38965942e-08\n   4.24420560e-05 -1.90470083e-07 -7.97233643e-08  3.20898896e-05\n  -5.54047949e-08 -9.57008775e-08 -2.78032562e-11 -1.74976419e-11\n   1.48062192e-13]\n [ 1.24444846e-12  1.76778060e-06  5.78198338e-07 -2.71324862e-06\n  -6.45841824e-09 -1.96828733e-07 -4.84964410e-11 -8.64943154e-13\n   4.25780353e-13 -2.37865373e-07 -1.76889639e-06  1.07499504e-07\n   2.22093453e-08 -2.03681741e-04  1.46960970e-06  1.67092967e-06\n   8.25337610e-07  3.97795828e-08  5.14047434e-08 -7.90100957e-05\n   1.19467191e-07  3.31167164e-08  1.09069085e-07  2.58268060e-08\n   3.36870332e-04  1.62793510e-07 -1.07519262e-06  1.54706273e-08\n   2.54381523e-06  2.55588050e-08  1.11240886e-07  2.41761274e-05\n   5.49450468e-08  3.24462416e-08  9.31935705e-11 -4.50862120e-11\n   9.06095838e-14]\n [-1.22912863e-13  2.90207248e-08 -1.52820284e-07  5.18970542e-07\n  -4.24210046e-07  1.33486190e-08  4.41318029e-12  1.33566839e-14\n  -9.73754023e-14 -1.10055826e-07  1.07499504e-07 -1.59950515e-07\n   7.08755360e-09 -1.00374677e-05 -5.74832418e-07 -2.39332152e-07\n  -2.51036610e-07  8.54217250e-08  9.09860304e-09  1.57771052e-05\n  -1.21027257e-07 -9.21957129e-08  1.79773597e-07  5.96678725e-09\n  -6.34998423e-05  1.08995721e-07  1.60542429e-07 -9.57300878e-09\n   5.15971786e-05 -5.57751129e-08 -2.39059221e-07 -2.84613728e-06\n  -3.55415923e-08 -3.54486127e-08 -4.98758137e-12  4.20595599e-12\n  -6.51116714e-14]\n [-1.48872293e-13 -1.89157118e-07 -3.41032211e-07 -5.33151660e-07\n   7.48464524e-09 -3.26963513e-07  5.55133418e-12 -1.09739747e-16\n   6.31248065e-14  3.76232947e-08  2.22093453e-08  7.08755360e-09\n  -1.01601898e-07  2.62348796e-05  6.60156892e-08  1.39138773e-08\n   2.20491181e-07  9.37322372e-09  6.41766087e-08  3.96540262e-05\n  -7.60909175e-08 -1.72225415e-07  2.73252482e-08  1.50817351e-07\n   6.55451720e-05 -5.29632878e-08 -1.02205346e-07  2.49095089e-08\n  -1.89154198e-06 -3.21059857e-08 -2.97495291e-08  4.16301019e-05\n   2.14432643e-08 -1.15644505e-07 -4.33830633e-13 -1.45534556e-12\n  -3.15421916e-14]\n [-1.84577225e-10  1.73269649e-03  2.30513089e-04  3.51300964e-04\n  -6.62339533e-05  2.96214424e-05 -3.63731361e-08 -1.31266746e-10\n   3.57761290e-11 -3.14007804e-04 -2.03681741e-04 -1.00374677e-05\n   2.62348796e-05 -1.92659080e-01  1.41506799e-03  1.14087305e-03\n  -2.02841936e-04  5.20688031e-05  2.79905543e-05 -3.07823923e-02\n   1.72512266e-05 -1.00180467e-04 -1.72747902e-05  2.36894913e-05\n  -4.33750290e-02 -5.48249533e-05  2.09446555e-04 -2.84049267e-06\n   8.83414728e-03  6.60710117e-06  3.19471893e-05 -3.59897766e-03\n   2.66445338e-05  4.54362438e-05  9.10385820e-09 -3.88406700e-09\n   1.71704212e-10]\n [-2.19954115e-12 -1.60363092e-05  2.39066192e-07  6.58430308e-07\n  -8.99436428e-08 -3.15379397e-07 -9.47831682e-11  2.40920084e-12\n  -1.79093983e-12  1.35141922e-06  1.46960970e-06 -5.74832418e-07\n   6.60156892e-08  1.41506799e-03 -4.27673574e-05 -2.48542314e-05\n   1.51618105e-07 -5.36610662e-08 -7.25261648e-08  1.72512190e-05\n   3.42891104e-06  3.18871331e-06  4.65570025e-08 -2.49482118e-08\n  -5.48250124e-05  3.80294739e-06  1.36332594e-06 -2.54206113e-09\n   6.60710990e-06  1.84047748e-07 -4.84412308e-07  2.66445349e-05\n  -9.56667789e-07 -7.26665817e-07  6.83147929e-11 -1.25059542e-10\n  -3.67776389e-12]\n [-1.99206760e-12 -1.22304963e-05  1.24626882e-06 -1.53432712e-06\n  -3.53201196e-07 -4.60553340e-07  8.89119687e-11 -3.59611627e-12\n  -1.72774428e-12  6.06983376e-07  1.67092967e-06 -2.39332152e-07\n   1.39138773e-08  1.14087305e-03 -2.48542314e-05 -1.99927272e-05\n   7.58993223e-07  4.96416342e-10 -5.66595648e-08 -1.00180439e-04\n   3.18871308e-06  2.42127176e-06  1.11482073e-07  1.07999252e-08\n   2.09446559e-04  1.36332612e-06 -9.25155972e-08  6.52990991e-09\n   3.19471945e-05 -4.84412426e-07 -5.61858369e-07  4.54362494e-05\n  -7.26665933e-07 -7.10610363e-07  1.58280613e-11  4.21477910e-10\n   1.85418896e-12]\n [-4.69521662e-14  1.67029466e-06  3.74212127e-06  8.63077314e-06\n  -6.59001024e-07  6.60295320e-07 -8.02959498e-11 -1.00375208e-12\n  -4.40593803e-13 -3.66479186e-07  8.25337610e-07 -2.51036610e-07\n   2.20491181e-07 -2.02841936e-04  1.51618105e-07  7.58993223e-07\n  -4.47046459e-06 -1.53636242e-08  9.33756810e-09 -4.53172051e-04\n  -1.39050698e-06  1.03618323e-06  3.41865030e-08 -1.15149432e-07\n  -1.03937962e-03  1.33688112e-06  1.40131177e-06 -7.55779772e-08\n   8.08972359e-05  3.15524881e-07 -1.89827281e-07 -8.23046428e-05\n   7.78918827e-08  1.63755569e-07  2.39880774e-10  2.39101934e-10\n  -1.28351463e-13]\n [-4.24119772e-14 -4.19873806e-07  2.06543027e-07  4.67646132e-07\n   8.48419016e-07  2.15239601e-08  3.81826317e-12  5.26088561e-14\n   4.82473412e-14  2.10635124e-07  3.97795828e-08  8.54217250e-08\n   9.37322372e-09  5.20688031e-05 -5.36610662e-08  4.96416342e-10\n  -1.53636242e-08 -3.38691400e-07  6.87552548e-09 -1.55622799e-05\n   2.16883213e-07  3.81939272e-07 -4.81581542e-07 -5.08106855e-08\n  -6.09848222e-05  1.71480082e-07 -1.26777799e-07  1.53873724e-08\n  -1.06320722e-04  3.20747953e-08  2.21033247e-07 -2.83526610e-06\n   8.66357753e-09  1.88832500e-08 -5.95865602e-12  4.93184382e-12\n  -1.13599722e-14]\n [-1.71265661e-13 -2.58354272e-07 -4.35490857e-07  3.26576110e-09\n   2.18329549e-08  5.14540799e-07  7.66658391e-12 -4.54257039e-14\n   4.12810009e-14  8.99880361e-08  5.14047434e-08  9.09860304e-09\n   6.41766087e-08  2.79905543e-05 -7.25261648e-08 -5.66595648e-08\n   9.33756810e-09  6.87552548e-09 -2.06612356e-07  5.35602209e-05\n   1.09919034e-07  3.10456660e-07 -2.48570876e-08 -2.75562037e-07\n   8.40729005e-07  1.79917038e-07  3.13803128e-08 -3.32894348e-08\n  -2.70989014e-06  1.10205309e-08  2.43388143e-08 -6.43758195e-05\n   1.68348268e-10  1.71270951e-07  4.09670676e-12 -5.28864494e-12\n   6.42059496e-15]\n [-3.48223520e-10  2.30513086e-04  2.66015606e-03  4.71984006e-04\n  -1.20690370e-04  1.44174892e-05  7.82874284e-08  6.39499027e-12\n  -2.47691818e-10  8.37678602e-05 -7.90100957e-05  1.57771052e-05\n   3.96540262e-05 -3.07823923e-02  1.72512190e-05 -1.00180439e-04\n  -4.53172051e-04 -1.55622799e-05  5.35602209e-05 -3.06222611e-01\n   6.58817675e-04  1.03149434e-03  8.58662535e-05 -4.96894457e-05\n  -4.93625268e-02  3.25282691e-06  4.02066815e-05 -6.89204123e-06\n   1.68658552e-02  7.81117459e-05  2.85758625e-05 -3.44556920e-03\n  -5.20547777e-05  3.61261279e-05  1.32236900e-08 -1.10096103e-08\n   1.90889529e-11]\n [-2.68254331e-12  2.39066293e-07 -7.37947113e-06 -1.72416810e-07\n  -7.76470620e-07  4.00588979e-07 -7.58086379e-11 -2.55827621e-13\n   1.87012756e-13 -6.46182905e-07  1.19467191e-07 -1.21027257e-07\n  -7.60909175e-08  1.72512266e-05  3.42891104e-06  3.18871308e-06\n  -1.39050698e-06  2.16883213e-07  1.09919034e-07  6.58817675e-04\n  -1.89609595e-05 -1.22220253e-05  1.37069159e-07  3.74442547e-08\n   3.25281609e-06 -1.89079861e-06 -1.33112996e-06 -2.87781311e-08\n   7.81117446e-05 -5.79891797e-07 -9.53865507e-07 -5.20547767e-05\n  -6.72876175e-07 -3.85151205e-07 -4.62409741e-10  1.33562704e-10\n  -8.89399925e-13]\n [-9.38025521e-13  1.24626922e-06 -1.03116114e-05 -5.85986527e-07\n  -3.64894898e-07 -3.32110292e-07  1.54259688e-11  4.19739999e-13\n  -5.83605204e-14 -1.12742806e-06  3.31167164e-08 -9.21957129e-08\n  -1.72225415e-07 -1.00180467e-04  3.18871331e-06  2.42127176e-06\n   1.03618323e-06  3.81939272e-07  3.10456660e-07  1.03149434e-03\n  -1.22220253e-05 -1.46887456e-05 -3.00365037e-08  1.99624170e-07\n   4.02065479e-05 -1.33113009e-06 -5.69525548e-07  3.58036361e-08\n   2.85758643e-05 -9.53865459e-07 -6.17927296e-07  3.61261399e-05\n  -3.85151206e-07 -5.43108241e-07 -8.91487054e-11 -6.28641461e-12\n  -2.38643558e-13]\n [ 1.06334626e-13  1.41782240e-07 -6.75801528e-07  9.35936856e-07\n   1.59351860e-06  2.55050595e-08  2.57365000e-11  7.40550585e-14\n  -1.87335433e-13 -1.16260613e-07  1.09069085e-07  1.79773597e-07\n   2.73252482e-08 -1.72747902e-05  4.65570025e-08  1.11482073e-07\n   3.41865030e-08 -4.81581542e-07 -2.48570876e-08  8.58662535e-05\n   1.37069159e-07 -3.00365037e-08 -1.14706202e-06  4.23134440e-09\n  -1.20185189e-04  1.17373052e-08  2.70517435e-07  3.37210024e-08\n  -2.03677764e-04 -1.74996065e-07  5.17394295e-07 -2.28587364e-06\n   3.68814282e-08  8.81582998e-09 -1.62609942e-11  3.43752306e-11\n   6.41853164e-14]\n [-2.21969704e-13 -2.03450245e-07  3.99258866e-07  2.00987948e-07\n   6.62957193e-09  1.30462894e-06 -4.67118293e-12  1.30376817e-14\n  -7.52647744e-14  1.44391171e-07  2.58268060e-08  5.96678725e-09\n   1.50817351e-07  2.36894913e-05 -2.49482118e-08  1.07999252e-08\n  -1.15149432e-07 -5.08106855e-08 -2.75562037e-07 -4.96894457e-05\n   3.74442547e-08  1.99624170e-07  4.23134440e-09 -9.97206444e-07\n  -2.53022179e-05  7.46590056e-08 -5.46213755e-10 -8.23720556e-08\n   5.65337853e-07  5.86017883e-08 -3.88042374e-09 -1.69629640e-04\n  -3.20511203e-07  4.41109861e-07 -2.00582915e-11 -2.95889455e-12\n  -8.35034620e-14]\n [ 1.13320639e-09  3.51300965e-04  4.71983950e-04  3.98829373e-03\n   4.29884568e-05  9.40507102e-05  3.34906415e-07 -2.63395259e-10\n  -1.39034209e-10 -2.15783760e-05  3.36870332e-04 -6.34998423e-05\n   6.55451720e-05 -4.33750290e-02 -5.48250124e-05  2.09446559e-04\n  -1.03937962e-03 -6.09848222e-05  8.40729005e-07 -4.93625268e-02\n   3.25281609e-06  4.02065479e-05 -1.20185189e-04 -2.53022179e-05\n  -4.78794898e-01  9.93137850e-04  9.67123499e-04 -1.19867012e-05\n  -6.70416922e-03  2.56035887e-05 -6.87066172e-05 -1.25926076e-02\n  -3.45253765e-05 -9.08156342e-06  9.79734289e-08 -1.54983073e-08\n   1.31155283e-10]\n [ 5.48927447e-12  6.58429529e-07 -1.72417656e-07 -9.93634344e-06\n  -8.83445901e-08  