{'theta_hat': '[-1.01126012e-10  1.31505745e-03 -1.66195150e-03 -1.28918166e-02\n  4.75496930e-06 -1.78088401e-03 -2.26707764e-10 -8.09829251e-11\n  1.22547118e-10 -2.20771206e-04 -2.68302942e-03  1.31729273e-04\n -2.09858612e-04 -1.43043471e-01  4.56660803e-03  3.59113101e-04\n  2.99563630e-03  9.35742089e-05  4.38312122e-04  1.68727440e-01\n -8.78079176e-05 -1.34106839e-03  3.82876460e-04  1.25220649e-03\n  1.52063667e+00 -4.49625551e-03 -3.83997517e-03  1.14216963e-04\n  1.58045079e-02  9.51469825e-04 -2.16972618e-04  2.28826048e-01\n  4.74700107e-04 -8.17971924e-04 -1.65994109e-09  1.27700000e-08\n -1.33683100e-10]', 'theta_bar': '[ 6.58757492e-03  2.67425507e-03 -6.37417896e-04 -6.81493845e-03\n -4.78522299e-04  3.48872636e-04 -1.33515190e+00 -1.32945167e-04\n  2.53168802e-03 -4.91691745e-04 -1.80747825e-03  2.98232241e-05\n  5.57493136e-05 -3.70683966e-01  2.35042577e-03  1.87083236e-03\n  1.17836051e-03  2.08390741e-04 -6.15470368e-05  2.30015220e-01\n  1.04801361e-03 -2.38477022e-05  3.15568468e-04 -2.55701334e-04\n  1.23801213e+00  2.08620036e-04 -2.53849833e-03 -7.05555483e-06\n  6.01748910e-02 -7.65807304e-04 -4.60782282e-04 -3.97968547e-02\n -1.96501044e-04 -1.73530878e-04  9.60728211e-02 -3.61744727e-01\n -2.87988595e-03]', 'grad_op_sum': '[[ 1.79269893e-19  1.65774562e-13  3.59219384e-13  5.48208258e-13\n  -1.51157295e-13  9.96429091e-14 -1.01650534e-17 -2.48113482e-21\n   4.26658451e-20 -2.70475781e-15  4.21406490e-14 -2.69498784e-14\n   1.62991314e-14 -1.57409372e-11  2.50121939e-13  4.36554872e-13\n  -1.54155152e-13  2.58537169e-14 -1.37747982e-14 -4.12105691e-11\n  -5.20034490e-14  2.93266422e-13  1.00117771e-13 -5.06076913e-14\n  -5.91180425e-11  3.58450525e-13 -1.08479987e-13 -7.83784598e-15\n   1.96231051e-11 -3.51156092e-14  1.95633340e-14 -1.20397229e-11\n   4.02986931e-14 -6.82406790e-14 -2.73271006e-18 -1.73144697e-18\n  -9.04604200e-22]\n [ 1.65774562e-13  1.34655025e-05  5.89166591e-06  1.24859433e-06\n  -1.73518595e-08 -1.60533912e-07 -1.04811788e-11  1.57092187e-13\n   6.23723120e-13 -1.14833926e-06 -3.01216670e-06  1.48324285e-07\n  -1.86837408e-07 -1.26620652e-03  2.56882668e-05  2.09407777e-05\n  -1.22061188e-06  8.96385383e-08 -1.01170766e-07 -5.74921929e-04\n   8.41360327e-06  8.66006941e-06  1.51505573e-07  2.75124552e-07\n  -1.06311615e-04  2.41555180e-07  2.83844150e-06  3.57198937e-08\n   1.78712127e-05  1.34371766e-06  9.19887837e-07  3.05600798e-05\n   6.95716934e-07  4.36951560e-07 -3.82717802e-11 -3.33129702e-11\n   3.58589199e-13]\n [ 3.59219384e-13  5.89166591e-06  7.02774652e-06  7.88911263e-06\n  -1.33685496e-06 -1.24071174e-07 -1.58611071e-11 -4.60156269e-14\n   3.76742361e-13 -5.33947392e-07 -3.81099552e-07 -9.59176663e-08\n  -1.66159065e-07 -5.74921968e-04  8.41360306e-06  8.66006915e-06\n  -3.45125493e-06  4.40307278e-07 -1.61199671e-07 -7.62259657e-04\n   4.38323469e-06  5.13242946e-06  5.03865751e-07  1.60745790e-07\n  -8.40433104e-04  2.73646109e-06  3.26796694e-06 -3.72040504e-08\n   1.52030216e-04 -8.41373074e-07  2.15581132e-07  1.95845466e-05\n  -2.87904484e-07  8.12466791e-08 -3.34603765e-11 -2.14468168e-11\n   1.91160222e-13]\n [ 5.48208258e-13  1.24859433e-06  7.88911263e-06  4.58094713e-05\n  -4.99203505e-06  1.53137521e-06 -2.11393612e-11 -3.62689398e-13\n   1.02855667e-13  9.02719903e-07  5.72536029e-06 -4.55909750e-07\n   8.89707389e-08 -1.06311535e-04  2.41555308e-07  2.83844192e-06\n  -1.08425537e-05  1.79611518e-06 -8.55998315e-07 -8.40433162e-04\n   2.73646099e-06  3.26796742e-06  1.81068444e-06 -8.93680399e-07\n  -5.18749015e-03  1.87074320e-05  7.28796632e-06 -2.29631108e-07\n   5.32830386e-04 -2.83939735e-06 -8.48056880e-07 -1.96404425e-04\n  -3.24554558e-07  6.51890543e-07 -1.22571463e-11 -2.92571110e-11\n   1.71460320e-13]\n [-1.51157295e-13 -1.73518595e-08 -1.33685496e-06 -4.99203505e-06\n   3.42547600e-06  4.78987896e-07  1.82936088e-11  8.58075020e-14\n   7.30697303e-14 -4.30186703e-08 -5.14817878e-07  4.41285480e-07\n   7.02538406e-08  1.78712161e-05  1.34371749e-06  9.19887908e-07\n   1.21219860e-06 -1.04183282e-06 -1.11998965e-08  1.52030221e-04\n  -8.41372992e-07  2.15581168e-07 -2.20868766e-06 -4.06567177e-07\n   5.32830494e-04 -2.83939714e-06 -8.48056933e-07  5.43710792e-08\n  -4.28119648e-04  4.67788709e-08  8.03993391e-07 -5.96185372e-05\n  -1.62428669e-07  1.81622844e-07  1.19994896e-11  3.64158423e-12\n   3.43842330e-14]\n [ 9.96429091e-14 -1.60533912e-07 -1.24071174e-07  1.53137521e-06\n   4.78987896e-07  1.72949982e-06 -1.22369730e-11  6.17317413e-14\n  -2.82486088e-14  5.04209286e-08  5.52200766e-07  3.52648461e-08\n   2.69245293e-07  3.05601010e-05  6.95716962e-07  4.36951521e-07\n  -8.90807785e-08 -1.87380694e-07 -3.57506900e-07  1.95845412e-05\n  -2.87904546e-07  8.12466322e-08 -4.04812178e-07 -1.25753961e-06\n  -1.96404397e-04 -3.24554445e-07  6.51890526e-07 -9.65917613e-08\n  -5.96185336e-05 -1.62428701e-07  1.81622838e-07 -2.24896656e-04\n  -2.15843438e-07  3.03655716e-07  4.80336355e-12 -5.05882233e-12\n   3.38319294e-14]\n [-1.01650534e-17 -1.04811788e-11 -1.58611071e-11 -2.11393612e-11\n   1.82936088e-11 -1.22369730e-11  1.11260325e-15 -3.77594636e-19\n  -1.67715917e-18  1.83428767e-12  1.56915676e-12  2.71877051e-12\n  -2.49701922e-12  1.33838584e-09 -1.35702033e-12 -5.69891705e-12\n   4.40517674e-12 -4.73814408e-12  2.37983417e-12  1.92951754e-09\n  -3.72552911e-12 -1.24764207e-12 -1.13458713e-11  7.11197140e-12\n   2.15196997e-09 -1.72052209e-11  6.17280422e-12  1.03208826e-12\n  -2.27223581e-09  7.01994704e-12 -6.10191228e-12  1.59303279e-09\n  -2.04292307e-12  1.12638701e-12  1.82905711e-16  8.35810708e-17\n   9.61567830e-19]\n [-2.48113482e-21  1.57092187e-13 -4.60156269e-14 -3.62689398e-13\n   8.58075020e-14  6.17317413e-14 -3.77594636e-19  2.09395673e-20\n   5.86023475e-21 -3.77098625e-14 -6.53524678e-14  1.21793691e-15\n   7.68489379e-15 -1.55174869e-11  1.62925187e-13  2.26213924e-13\n   1.12689081e-13 -3.36754193e-14 -4.37642927e-15  7.17967385e-12\n   1.16104691e-13  1.25016529e-13 -4.21561414e-14 -4.29642402e-14\n   3.88844066e-11 -1.43809633e-13  7.58246197e-14 -3.05590117e-16\n  -9.39760466e-12  4.50881414e-14  8.01660168e-15 -7.87363742e-12\n   1.24930513e-14  2.34825937e-14 -4.07598057e-19 -4.97744314e-19\n   1.00373627e-20]\n [ 4.26658451e-20  6.23723120e-13  3.76742361e-13  1.02855667e-13\n   7.30697303e-14 -2.82486088e-14 -1.67715917e-18  5.86023475e-21\n   8.22454914e-20 -1.01557932e-13 -1.97651420e-13  4.08975606e-15\n  -1.46431266e-14 -6.54531338e-11  5.36152155e-13  7.99682057e-13\n  -6.17805580e-14 -1.73367402e-14 -2.28118873e-15 -3.83830598e-11\n   3.47696392e-13  5.78929554e-13 -5.16831002e-14  2.56874571e-14\n  -4.78885941e-12  3.22472123e-13  1.42708872e-13  6.35149134e-15\n  -1.02027208e-11 -8.14211665e-15 -5.48168783e-14  4.11959274e-12\n   2.69681209e-14 -2.92986065e-14 -1.84139544e-18 -4.34930839e-18\n   2.46108184e-20]\n [-2.70475781e-15 -1.14833926e-06 -5.33947392e-07  9.02719903e-07\n  -4.30186703e-08  5.04209286e-08  1.83428767e-12 -3.77098625e-14\n  -1.01557932e-13  2.96023582e-07  5.00922871e-07  4.09008183e-08\n   3.01252610e-08  1.29057624e-04 -5.03729565e-08 -1.11948266e-06\n  -1.59950132e-07  2.30950896e-08 -4.06619756e-09  5.07055521e-05\n  -8.60486923e-07 -1.01626518e-06  6.51471761e-09 -3.33805442e-08\n  -1.15120511e-04 -2.79634122e-07 -6.68961867e-07 -1.05011660e-08\n   4.10307226e-06 -2.13147795e-09 -5.76674110e-09 -7.10938583e-06\n  -6.26190014e-08 -2.81689939e-08  5.71692407e-12  4.66510131e-12\n  -5.34743561e-14]\n [ 4.21406490e-14 -3.01216670e-06 -3.81099552e-07  5.72536029e-06\n  -5.14817878e-07  5.52200766e-07  1.56915676e-12 -6.53524678e-14\n  -1.97651420e-13  5.00922871e-07  1.70031283e-06 -6.34100289e-08\n   1.06937407e-07  3.05046670e-04 -4.40141942e-06 -3.82102604e-06\n  -1.18735730e-06  1.44640550e-07 -1.35959140e-07  2.86828614e-05\n  -1.72927968e-06 -1.61525636e-06  1.37063640e-07 -3.98181735e-07\n  -6.73701835e-04  1.58157813e-06  2.69696493e-07 -5.86973354e-08\n   5.36863824e-05 -5.03486467e-07 -2.79999718e-07 -7.29052498e-05\n  -2.55765202e-07  7.50323507e-08  8.44017058e-12  3.50201866e-12\n  -5.77153199e-14]\n [-2.69498784e-14  1.48324285e-07 -9.59176663e-08 -4.55909750e-07\n   4.41285480e-07  3.52648461e-08  2.71877051e-12  1.21793691e-15\n   4.08975606e-15  4.09008183e-08 -6.34100289e-08  8.37368102e-08\n   6.15530784e-09 -6.24651452e-06  1.12961066e-06  4.77240511e-07\n   7.01770273e-08 -1.20818086e-07 -1.88581054e-09  1.05875599e-05\n  -3.50667921e-08 -2.52090546e-08 -2.94634151e-07 -2.93131341e-08\n   4.62906113e-05 -5.20577520e-07 -2.54393679e-07  7.19268738e-09\n  -5.57843698e-05  2.85751459e-08  1.48626617e-07 -4.34683611e-06\n  -2.28714104e-08  2.36023978e-08  1.89750265e-12  1.16545726e-12\n  -1.94730812e-15]\n [ 1.62991314e-14 -1.86837408e-07 -1.66159065e-07  8.89707389e-08\n   7.02538406e-08  2.69245293e-07 -2.49701922e-12  7.68489379e-15\n  -1.46431266e-14  3.01252610e-08  1.06937407e-07  6.15530784e-09\n   4.81642721e-08  2.07695109e-05 -4.82918017e-08 -1.77254105e-07\n   4.57424196e-08 -2.94202244e-08 -5.05580131e-08  1.79984916e-05\n  -1.78327811e-07 -1.58979767e-07 -5.27187883e-08 -1.92766468e-07\n  -1.52608248e-05 -1.54164007e-07 -1.75875967e-08 -1.51882456e-08\n  -8.40218850e-06 -6.90836745e-09  1.03908217e-08 -3.50556130e-05\n  -2.57765588e-08  3.86497177e-08  1.38140771e-12 -4.73317025e-13\n  -3.71710244e-15]\n [-1.57409372e-11 -1.26620652e-03 -5.74921968e-04 -1.06311535e-04\n   1.78712161e-05  3.05601010e-05  1.33838584e-09 -1.55174869e-11\n  -6.54531338e-11  1.29057624e-04  3.05046670e-04 -6.24651452e-06\n   2.07695109e-05  1.21932385e-01 -2.14767953e-03 -1.87127006e-03\n   1.09679796e-04 -1.32209070e-05  7.28029651e-06  5.62786868e-02\n  -8.11815462e-04 -8.38380253e-04 -2.18803353e-05 -3.62230262e-05\n   7.17720551e-03 -1.06277063e-04 -3.18565392e-04 -4.40703851e-06\n  -3.33806951e-03 -1.02079715e-04 -7.39186289e-05 -4.83886874e-03\n  -6.70629669e-05 -3.70310775e-05  3.94807532e-09  3.34196286e-09\n  -3.54391357e-11]\n [ 2.50121939e-13  2.56882668e-05  8.41360306e-06  2.41555308e-07\n   1.34371749e-06  6.95716962e-07 -1.35702033e-12  1.62925187e-13\n   5.36152155e-13 -5.03729565e-08 -4.40141942e-06  1.12961066e-06\n  -4.82918017e-08 -2.14767953e-03  7.77078341e-05  4.82308818e-05\n  -2.08168924e-06 -1.76974019e-07 -2.68605578e-07 -8.11815408e-04\n   1.32786274e-05  1.19553168e-05 -2.86613629e-07 -4.25256983e-08\n  -1.06277052e-04 -1.07477635e-05 -1.67174307e-06 -5.94755565e-09\n  -1.02079710e-04  4.85752827e-06  2.83164141e-06 -6.70629755e-05\n   1.04106651e-06  9.78444707e-07 -3.87657777e-11 -3.58447570e-11\n   3.97376730e-13]\n [ 4.36554872e-13  2.09407777e-05  8.66006915e-06  2.83844192e-06\n   9.19887908e-07  4.36951521e-07 -5.69891705e-12  2.26213924e-13\n   7.99682057e-13 -1.11948266e-06 -3.82102604e-06  4.77240511e-07\n  -1.77254105e-07 -1.87127006e-03  4.82308818e-05  3.67285485e-05\n  -2.15951629e-06 -1.99631214e-07 -2.48512253e-07 -8.38380186e-04\n   1.19553168e-05  1.34946075e-05 -2.19114426e-07 -4.46245518e-08\n  -3.18565408e-04 -1.67174246e-06  2.77409877e-06  2.43245629e-08\n  -7.39186467e-05  2.83164172e-06  2.19387254e-06 -3.70310839e-05\n   9.78444643e-07  8.22082235e-07 -4.76606529e-11 -4.44595543e-11\n   5.22451109e-13]\n [-1.54155152e-13 -1.22061188e-06 -3.45125493e-06 -1.08425537e-05\n   1.21219860e-06 -8.90807785e-08  4.40517674e-12  1.12689081e-13\n  -6.17805580e-14 -1.59950132e-07 -1.18735730e-06  7.01770273e-08\n   4.57424196e-08  1.09679796e-04 -2.08168924e-06 -2.15951629e-06\n   3.19761228e-06 -4.34529960e-07  1.70664682e-07  3.80047536e-04\n  -1.29992350e-06 -1.47726981e-06 -3.87028902e-07  5.21097488e-09\n   1.21910659e-03 -3.73357327e-06 -2.00095672e-06  4.85005372e-08\n  -1.28547140e-04  8.67341535e-07  3.74689405e-08  1.03323238e-05\n   2.46628428e-07 -1.41732630e-07  9.88770001e-12  8.50079954e-12\n  -5.09314336e-14]\n [ 2.58537169e-14  8.96385383e-08  4.40307278e-07  1.79611518e-06\n  -1.04183282e-06 -1.87380694e-07 -4.73814408e-12 -3.36754193e-14\n  -1.73367402e-14  2.30950896e-08  1.44640550e-07 -1.20818086e-07\n  -2.94202244e-08 -1.32209070e-05 -1.76974019e-07 -1.99631214e-07\n  -4.34529960e-07  3.33646152e-07  1.91656807e-09 -4.95063286e-05\n   3.56090437e-07 -7.31655581e-08  6.52760458e-07  1.50444038e-07\n  -1.91744419e-04  1.02237880e-06  2.44989315e-07 -1.42524344e-08\n   1.28335545e-04 -3.91648000e-08 -2.18467781e-07  2.31677031e-05\n   6.07761862e-08 -5.50465212e-08 -3.22383399e-12 -5.94950630e-13\n  -1.19237433e-14]\n [-1.37747982e-14 -1.01170766e-07 -1.61199671e-07 -8.55998315e-07\n  -1.11998965e-08 -3.57506900e-07  2.37983417e-12 -4.37642927e-15\n  -2.28118873e-15 -4.06619756e-09 -1.35959140e-07 -1.88581054e-09\n  -5.05580131e-08  7.28029651e-06 -2.68605578e-07 -2.48512253e-07\n   1.70664682e-07  1.91656807e-09  8.84515529e-08  1.58248069e-05\n  -9.00431692e-08 -1.32424536e-07  4.91537566e-08  2.62748902e-07\n   9.87600755e-05 -2.20170736e-07 -2.72093233e-07  2.26596492e-08\n   3.00079360e-06  8.10144828e-08 -4.45849107e-08  4.67518482e-05\n   5.04728879e-08 -7.35711935e-08 -6.33843812e-13  1.59412785e-12\n  -1.15905172e-14]\n [-4.12105691e-11 -5.74921929e-04 -7.62259657e-04 -8.40433162e-04\n   1.52030221e-04  1.95845412e-05  1.92951754e-09  7.17967385e-12\n  -3.83830598e-11  5.07055521e-05  2.86828614e-05  1.05875599e-05\n   1.79984916e-05  5.62786868e-02 -8.11815408e-04 -8.38380186e-04\n   3.80047536e-04 -4.95063286e-05  1.58248069e-05  8.34651456e-02\n  -4.32180752e-04 -5.08957275e-04 -5.72474986e-05 -2.17363719e-05\n   8.93264829e-02 -2.73384059e-04 -3.27241220e-04  4.22150223e-06\n  -1.72352523e-02  1.04804728e-04 -2.13644959e-05 -2.86932395e-03\n   3.88527771e-05 -3.21122645e-06  3.56226537e-09  2.15205792e-09\n  -1.77109567e-11]\n [-5.20034490e-14  8.41360327e-06  4.38323469e-06  2.73646099e-06\n  -8.41372992e-07 -2.87904546e-07 -3.72552911e-12  1.16104691e-13\n   3.47696392e-13 -8.60486923e-07 -1.72927968e-06 -3.50667921e-08\n  -1.78327811e-07 -8.11815462e-04  1.32786274e-05  1.19553168e-05\n  -1.29992350e-06  3.56090437e-07 -9.00431692e-08 -4.32180752e-04\n   6.51477978e-06  5.59349583e-06  4.83237077e-07  2.64396493e-07\n  -2.73384083e-04  1.92138813e-06  3.18340379e-06  1.25446303e-08\n   1.04804720e-04  4.92987701e-07  5.64015746e-07  3.88527893e-05\n   4.97189209e-07  3.97302637e-07 -2.91838482e-11 -1.71810643e-11\n   2.55091097e-13]\n [ 2.93266422e-13  8.66006941e-06  5.13242946e-06  3.26796742e-06\n   2.15581168e-07  8.12466322e-08 -1.24764207e-12  1.25016529e-13\n   5.78929554e-13 -1.01626518e-06 -1.61525636e-06 -2.52090546e-08\n  -1.58979767e-07 -8.38380253e-04  1.19553168e-05  1.34946075e-05\n  -1.47726981e-06 -7.31655581e-08 -1.32424536e-07 -5.08957275e-04\n   5.59349583e-06  7.90408723e-06 -1.20010540e-07 -9.29080864e-09\n  -3.27241246e-04  3.18340399e-06  3.53966546e-06  1.76380830e-08\n  -2.13645002e-05  5.64015792e-07  1.05301700e-07 -3.21122293e-06\n   3.97302632e-07  2.03379397e-07 -2.86576924e-11 -3.91837686e-11\n   3.50903924e-13]\n [ 1.00117771e-13  1.51505573e-07  5.03865751e-07  1.81068444e-06\n  -2.20868766e-06 -4.04812178e-07 -1.13458713e-11 -4.21561414e-14\n  -5.16831002e-14  6.51471761e-09  1.37063640e-07 -2.94634151e-07\n  -5.27187883e-08 -2.18803353e-05 -2.86613629e-07 -2.19114426e-07\n  -3.87028902e-07  6.52760458e-07  4.91537566e-08 -5.72474986e-05\n   4.83237077e-07 -1.20010540e-07  1.52130965e-06  3.37179635e-07\n  -1.85598735e-04  1.32558155e-06  2.43089473e-07 -2.65796744e-08\n   2.82168526e-04  2.20423094e-07 -5.39118976e-07  5.15083835e-05\n   1.74874342e-07 -1.43482856e-07 -7.40558936e-12 -2.73944565e-12\n  -2.57303230e-14]\n [-5.06076913e-14  2.75124552e-07  1.60745790e-07 -8.93680399e-07\n  -4.06567177e-07 -1.25753961e-06  7.11197140e-12 -4.29642402e-14\n   2.56874571e-14 -3.33805442e-08 -3.98181735e-07 -2.93131341e-08\n  -1.92766468e-07 -3.62230262e-05 -4.25256983e-08 -4.46245518e-08\n   5.21097488e-09  1.50444038e-07  2.62748902e-07 -2.17363719e-05\n   2.64396493e-07 -9.29080864e-09  3.37179635e-07  9.29570431e-07\n   1.15836502e-04  2.12966579e-07 -4.86318261e-07  6.94363483e-08\n   5.12123137e-05  1.52532957e-07 -1.52521761e-07  1.64011189e-04\n   1.75806412e-07 -2.18406794e-07 -4.25752436e-12  2.73150800e-12\n  -2.50143320e-14]\n [-5.91180425e-11 -1.06311615e-04 -8.40433104e-04 -5.18749015e-03\n   5.32830494e-04 -1.96404397e-04  2.15196997e-09  3.88844066e-11\n  -4.78885941e-12 -1.15120511e-04 -6.73701835e-04  4.62906113e-05\n  -1.52608248e-05  7.17720551e-03 -1.06277052e-04 -3.18565408e-04\n   1.21910659e-03 -1.91744419e-04  9.87600755e-05  8.93264829e-02\n  -2.73384083e-04 -3.27241246e-04 -1.85598735e-04  1.15836502e-04\n   5.89668210e-01 -2.03950899e-03 -8.06662149e-04  2.67107475e-05\n  -5.65636251e-02  3.05903335e-04  9.26994693e-05  2.51319983e-02\n   3.81865546e-05 -8.37394657e-05  1.08622077e-09  3.22011869e-09\n  -1.85675883e-11]\n [ 3.58450525e-13  2.41555180e-07  2.73646109e-06  1.87074320e-05\n  -2.83939714e-06 -3.24554445e-07 -1.72052209e-11 -1.43809633e-13\n   3.22472123e-13 -2.79634122e-07  1.58157813e-06 -5.20577520e-07\n  -1.54164007e-07 -1.06277063e-04 -1.07477635e-05 -1.67174246e-06\n  -3.73357327e-06  1.02237880e-06 -2.20170736e-07 -2.73384059e-04\n   1.92138813e-06  3.18340399e-06  1.32558155e-06  2.12966579e-07\n  -2.03950899e-03  1.44257549e-05  4.10020897e-06 -2.94938390e-08\n   3.05903311e-04 -1.39593566e-06 -6.54875348e-07  3.81865672e-05\n   6.06125051e-07 -9.97383015e-08 -7.81727190e-12 -1.93583718e-11\n   1.20495094e-13]\n [-1.08479987e-13  2.83844150e-06  3.26796694e-06  7.28796632e-06\n  -8.48056933e-07  6.51890526e-07  6.17280422e-12  7.58246197e-14\n   1.42708872e-13 -6.68961867e-07  2.69696493e-07 -2.54393679e-07\n  -1.75875967e-08 -3.18565392e-04 -1.67174307e-06  2.77409877e-06\n  -2.00095672e-06  2.44989315e-07 -2.72093233e-07 -3.27241220e-04\n   3.18340379e-06  3.53966546e-06  2.43089473e-07 -4.86318261e-07\n  -8.06662149e-04  4.10020897e-06  4.88608033e-06 -5.55932383e-08\n   9.26994526e-05 -6.54875418e-07 -2.34135158e-07 -8.37394688e-05\n  -9.97383233e-08  5.05666527e-07 -1.95007493e-11 -1.85420093e-11\n   2.38780138e-13]\n [-7.83784598e-15  3.57198937e-08 -3.72040504e-08 -2.29631108e-07\n   5.43710792e-08 -9.65917613e-08  1.03208826e-12 -3.05590117e-16\n   6.35149134e-15 -1.05011660e-08 -5.86973354e-08  7.19268738e-09\n  -1.51882456e-08 -4.40703851e-06 -5.94755565e-09  2.43245629e-08\n   4.85005372e-08 -1.42524344e-08  2.26596492e-08  4.22150223e-06\n   1.25446303e-08  1.76380830e-08 -2.65796744e-08  6.94363483e-08\n   2.67107475e-05 -2.94938390e-08 -5.55932383e-08  7.90884324e-09\n  -6.71405067e-06  1.73278480e-08  9.65097486e-09  1.26680290e-05\n   1.62317807e-08 -1.35563767e-08 -8.35727932e-14  3.42014829e-13\n  -1.08430812e-17]\n [ 1.96231051e-11  1.78712127e-05  1.52030216e-04  5.32830386e-04\n  -4.28119648e-04 -5.96185336e-05 -2.27223581e-09 -9.39760466e-12\n  -1.02027208e-11  4.10307226e-06  5.36863824e-05 -5.57843698e-05\n  -8.40218850e-06 -3.33806951e-03 -1.02079710e-04 -7.39186467e-05\n  -1.28547140e-04  1.28335545e-04  3.00079360e-06 -1.72352523e-02\n   1.04804720e-04 -2.13645002e-05  2.82168526e-04  5.12123137e-05\n  -5.65636251e-02  3.05903311e-04  9.26994526e-05 -6.71405067e-06\n   5.39849059e-02  1.12146718e-05 -1.00958743e-04  7.47833103e-03\n   2.29882244e-05 -2.27739037e-05 -1.53781624e-09 -4.80323016e-10\n  -4.13881332e-12]\n [-3.51156092e-14  1.34371766e-06 -8.41373074e-07 -2.83939735e-06\n   4.67788709e-08 -1.62428701e-07  7.01994704e-12  4.50881414e-14\n  -8.14211665e-15 -2.13147795e-09 -5.03486467e-07  2.85751459e-08\n  -6.90836745e-09 -1.02079715e-04  4.85752827e-06  2.83164172e-06\n   8.67341535e-07 -3.91648000e-08  8.10144828e-08  1.04804728e-04\n   4.92987701e-07  5.64015792e-07  2.20423094e-07  1.52532957e-07\n   3.05903335e-04 -1.39593566e-06 -6.54875418e-07  1.73278480e-08\n   1.12146718e-05  1.05808409e-06 -2.72413104e-07  2.29882303e-05\n   3.59873118e-07 -2.02396694e-08  7.81132940e-13 -7.18568987e-12\n   2.42042353e-14]\n [ 1.95633340e-14  9.19887837e-07  2.15581132e-07 -8.48056880e-07\n   8.03993391e-07  1.81622838e-07 -6.10191228e-12  8.01660168e-15\n  -5.48168783e-14 -5.76674110e-09 -2.79999718e-07  1.48626617e-07\n   1.03908217e-08 -7.39186289e-05  2.83164141e-06  2.19387254e-06\n   3.74689405e-08 -2.18467781e-07 -4.45849107e-08 -2.13644959e-05\n   5.64015746e-07  1.05301700e-07 -5.39118976e-07 -1.52521761e-07\n   9.26994693e-05 -6.54875348e-07 -2.34135158e-07  9.65097486e-09\n  -1.00958743e-04 -2.72413104e-07  1.62481798e-06 -2.27739049e-05\n  -2.02396619e-08  2.73753036e-07 -1.10359294e-12  2.19371481e-11\n  -3.14214308e-14]\n [-1.20397229e-11  3.05600798e-05  1.95845466e-05 -1.96404425e-04\n  -5.96185372e-05 -2.24896656e-04  1.59303279e-09 -7.87363742e-12\n   4.11959274e-12 -7.10938583e-06 -7.29052498e-05 -4.34683611e-06\n  -3.50556130e-05 -4.83886874e-03 -6.70629755e-05 -3.70310839e-05\n   1.03323238e-05  2.31677031e-05  4.67518482e-05 -2.86932395e-03\n   3.88527893e-05 -3.21122293e-06  5.15083835e-05  1.64011189e-04\n   2.51319983e-02  3.81865672e-05 -8.37394688e-05  1.26680290e-05\n   7.47833103e-03  2.29882303e-05 -2.27739049e-05  2.92874527e-02\n   2.83274770e-05 -3.91322920e-05 -6.61522860e-10  6.29162918e-10\n  -4.10261536e-12]\n [ 4.02986931e-14  6.95716934e-07 -2.87904484e-07 -3.24554558e-07\n  -1.62428669e-07 -2.15843438e-07 -2.04292307e-12  1.24930513e-14\n   2.69681209e-14 -6.26190014e-08 -2.55765202e-07 -2.28714104e-08\n  -2.57765588e-08 -6.70629669e-05  1.04106651e-06  9.78444643e-07\n   2.46628428e-07  6.07761862e-08  5.04728879e-08  3.88527771e-05\n   4.97189209e-07  3.97302632e-07  1.74874342e-07  1.75806412e-07\n   3.81865546e-05  6.06125051e-07 -9.97383233e-08  1.62317807e-08\n   2.29882244e-05  3.59873118e-07 -2.02396619e-08  2.83274770e-05\n   3.39715966e-07 -4.02901994e-08 -1.87941284e-12 -1.25902608e-12\n   5.91550594e-15]\n [-6.82406790e-14  4.36951560e-07  8.12466791e-08  6.51890543e-07\n   1.81622844e-07  3.03655716e-07  1.12638701e-12  2.34825937e-14\n  -2.92986065e-14 -2.81689939e-08  7.50323507e-08  2.36023978e-08\n   3.86497177e-08 -3.70310775e-05  9.78444707e-07  8.22082235e-07\n  -1.41732630e-07 -5.50465212e-08 -7.35711935e-08 -3.21122645e-06\n   3.97302637e-07  2.03379397e-07 -1.43482856e-07 -2.18406794e-07\n  -8.37394657e-05 -9.97383015e-08  5.05666527e-07 -1.35563767e-08\n  -2.27739037e-05 -2.02396694e-08  2.73753036e-07 -3.91322920e-05\n  -4.02901994e-08  2.05053287e-07  1.61311002e-14  8.15587507e-13\n   2.19060981e-14]\n [-2.73271006e-18 -3.82717802e-11 -3.34603765e-11 -1.22571463e-11\n   1.19994896e-11  4.80336355e-12  1.82905711e-16 -4.07598057e-19\n  -1.84139544e-18  5.71692407e-12  8.44017058e-12  1.89750265e-12\n   1.38140771e-12  3.94807532e-09 -3.87657777e-11 -4.76606529e-11\n   9.88770001e-12 -3.22383399e-12 -6.33843812e-13  3.56226537e-09\n  -2.91838482e-11 -2.86576924e-11 -7.40558936e-12 -4.25752436e-12\n   1.08622077e-09 -7.81727190e-12 -1.95007493e-11 -8.35727932e-14\n  -1.53781624e-09  7.81132940e-13 -1.10359294e-12 -6.61522860e-10\n  -1.87941284e-12  1.61311002e-14  2.92151106e-16  6.69823081e-17\n  -1.17182373e-18]\n [-1.73144697e-18 -3.33129702e-11 -2.14468168e-11 -2.92571110e-11\n   3.64158423e-12 -5.05882233e-12  8.35810708e-17 -4.97744314e-19\n  -4.34930839e-18  4.66510131e-12  3.50201866e-12  1.16545726e-12\n  -4.73317025e-13  3.34196286e-09 -3.58447570e-11 -4.44595543e-11\n   8.50079954e-12 -5.94950630e-13  1.59412785e-12  2.15205792e-09\n  -1.71810643e-11 -3.91837686e-11 -2.73944565e-12  2.73150800e-12\n   3.22011869e-09 -1.93583718e-11 -1.85420093e-11  3.42014829e-13\n  -4.80323016e-10 -7.18568987e-12  2.19371481e-11  6.29162918e-10\n  -1.25902608e-12  8.15587507e-13  6.69823081e-17  6.82292093e-16\n  -2.14599083e-18]\n [-9.04604200e-22  3.58589199e-13  1.91160222e-13  1.71460320e-13\n   3.43842330e-14  3.38319294e-14  9.61567830e-19  1.00373627e-20\n   2.46108184e-20 -5.34743561e-14 -5.77153199e-14 -1.94730812e-15\n  -3.71710244e-15 -3.54391357e-11  3.97376730e-13  5.22451109e-13\n  -5.09314336e-14 -1.19237433e-14 -1.15905172e-14 -1.77109567e-11\n   2.55091097e-13  3.50903924e-13 -2.57303230e-14 -2.50143320e-14\n  -1.85675883e-11  1.20495094e-13  2.38780138e-13 -1.08430812e-17\n  -4.13881332e-12  2.42042353e-14 -3.14214308e-14 -4.10261536e-12\n   5.91550594e-15  2.19060981e-14 -1.17182373e-18 -2.14599083e-18\n   2.23276309e-20]]', 'hess_sum': '[[ 1.60589957e-11 -9.36783382e-13  5.19540815e-12  3.92848345e-12\n  -1.04810938e-12  8.86770813e-14  3.57929710e-10  1.76056692e-13\n  -3.94797373e-12  4.31762561e-13  1.79702641e-12 -1.41962483e-13\n  -1.53282247e-13 -1.00313899e-10 -2.14463125e-12 -2.26631123e-12\n  -9.58082198e-14 -8.76370976e-14 -1.86133398e-13 -4.73786907e-10\n  -2.97537890e-12 -5.03542783e-13  1.60024163e-13 -2.89467541e-13\n   1.13418386e-09  6.34829492e-12  5.05024832e-12  1.95284852e-14\n  -6.28192727e-12  7.09966558e-14  5.39447285e-14  5.63321504e-12\n  -5.04450145e-13 -5.18219587e-14 -8.94104419e-10 -3.98651947e-10\n   1.19498946e-11]\n [-9.36783382e-13 -1.63629056e-05 -1.54090736e-06 -2.56971121e-06\n   4.11172634e-07 -3.11600848e-07 -6.07709571e-11 -1.80012557e-12\n  -1.08902618e-12  2.76242265e-06  2.06611761e-06  2.95295604e-08\n  -1.95384982e-07  1.78440185e-03 -1.60971156e-05 -1.22684424e-05\n   1.48832434e-06 -4.07989384e-07 -2.47914627e-07  2.12925873e-04\n   2.27724702e-07  1.23063390e-06  1.89662626e-07 -1.61420886e-07\n   3.13698326e-04  7.17540180e-07 -1.49557304e-06  2.03938153e-08\n  -5.62718493e-05 -9.13837765e-08 -3.43129391e-07  3.71774719e-05\n  -3.15840540e-07 -4.79714464e-07  2.28645385e-10 -8.59396981e-11\n  -3.01621258e-12]\n [ 5.19540815e-12 -1.54090736e-06 -2.40849794e-05 -4.26678219e-06\n   8.51342227e-07  2.85742833e-08 -4.40734734e-10 -4.26999823e-13\n   4.83504392e-13 -9.02018460e-07  4.82400601e-07 -1.54991967e-07\n  -3.38786722e-07  2.12925874e-04  2.27724632e-07  1.23063357e-06\n   4.18043878e-06  2.30485440e-07 -4.36318351e-07  2.75750721e-03\n  -7.46661065e-06 -1.03947720e-05 -6.99401149e-07  3.71210912e-07\n   4.46069725e-04 -1.20451458e-07 -5.37400710e-07  4.83105966e-08\n  -1.23627694e-04 -7.79547536e-07 -3.74573789e-07  9.44106126e-06\n   3.84501348e-07 -3.28460002e-07 -3.33446782e-10 -9.55935406e-11\n   6.97183616e-14]\n [ 3.92848345e-12 -2.56971121e-06 -4.26678219e-06 -3.38423826e-05\n  -2.30203107e-07 -6.87954395e-07 -7.28011504e-10 -4.69988660e-13\n   8.76675763e-12  1.12362591e-07 -2.93273518e-06  5.11877956e-07\n  -5.34593695e-07  3.13698298e-04  7.17541152e-07 -1.49557332e-06\n   8.61198811e-06  4.59377604e-07  5.84133275e-09  4.46069597e-04\n  -1.20450880e-07 -5.37399127e-07  9.42346339e-07  2.08881967e-07\n   4.03447572e-03 -1.00143941e-05 -8.24373056e-06  9.82724872e-08\n   4.20708349e-05 -8.92821777e-08  6.25503343e-07  9.53571196e-05\n   4.60275048e-07  1.87575023e-07 -2.66118559e-11  6.08715063e-10\n  -5.11483782e-12]\n [-1.04810938e-12  4.11172634e-07  8.51342227e-07 -2.30203107e-07\n  -3.48338445e-06  6.83182037e-10  6.02569748e-11  4.70247195e-13\n   1.22459453e-13 -3.44979651e-07  5.12273821e-08 -4.83108409e-07\n  -5.82806010e-10 -5.62718401e-05 -9.13838908e-08 -3.43129493e-07\n  -6.77961243e-07  9.43582403e-07  3.42250531e-08 -1.23627693e-04\n  -7.79547552e-07 -3.74573704e-07  1.90398670e-06  5.01144473e-08\n   4.20708496e-05 -8.92823215e-08  6.25503316e-07 -7.13976956e-08\n   4.35108779e-04 -4.11842604e-07 -1.03157726e-06 -2.39437068e-06\n  -1.73626554e-07 -6.05905113e-08 -1.32887050e-11 -1.84504440e-11\n   2.03431248e-13]\n [ 8.86770813e-14 -3.11600848e-07  2.85742833e-08 -6.87954395e-07\n   6.83182037e-10 -2.77819987e-06  5.87773884e-12 -3.09326146e-13\n  -5.09964884e-15 -2.67585465e-07 -1.57536687e-07  7.43486383e-09\n  -3.74434218e-07  3.71774759e-05 -3.15840471e-07 -4.79714494e-07\n   6.32947017e-07  3.23908376e-08  6.01643047e-07  9.44103094e-06\n   3.84501302e-07 -3.28459958e-07  6.93097607e-08  1.58277901e-06\n   9.53571001e-05  4.60274814e-07  1.87575309e-07  1.81183155e-07\n  -2.39437733e-06 -1.73626549e-07 -6.05905146e-08  3.53400695e-04\n   1.44666069e-07 -7.98856478e-07 -1.11418113e-12 -2.11712738e-11\n   3.39335095e-14]\n [ 3.57929710e-10 -6.07709571e-11 -4.40734734e-10 -7.28011504e-10\n   6.02569748e-11  5.87773884e-12 -2.17282856e-07 -5.04911728e-10\n  -1.43880466e-09  3.35306102e-11 -1.40408122e-10  5.82133839e-12\n   4.23903200e-12 -4.74383350e-08 -9.56635133e-11  1.06705390e-10\n  -2.25703889e-11  1.63375907e-11  5.98193398e-12  8.03196256e-08\n  -1.41657575e-10  8.04414001e-11  4.20792559e-11 -7.56357756e-12\n   4.15701695e-07 -1.92782370e-10 -2.31205723e-10  1.82770905e-12\n   7.37402233e-09  6.33265209e-13  1.52066131e-11  2.31237469e-09\n  -6.02117983e-13 -2.35840663e-11 -7.58721424e-08  1.77999704e-07\n  -1.42952968e-09]\n [ 1.76056692e-13 -1.80012557e-12 -4.26999823e-13 -4.69988660e-13\n   4.70247195e-13 -3.09326146e-13 -5.04911728e-10  4.37752941e-12\n   6.69903562e-12  2.46635101e-13 -9.70109648e-13  1.19241237e-14\n   4.72256316e-15 -1.24757401e-10  2.37866995e-12 -3.62186187e-12\n  -8.37927208e-13  5.42995614e-14 -4.93893865e-14  1.22938100e-11\n  -2.72954346e-13  2.59104549e-13  8.67424589e-14 -9.92416263e-15\n  -1.10066773e-10  3.37342086e-12 -3.29911312e-12 -1.10012970e-14\n   8.39611737e-12  1.36716388e-13 -3.80398991e-13 -3.08555274e-12\n  -3.15461823e-13 -1.03828728e-13 -1.02994913e-09  3.87153694e-10\n   2.22274226e-11]\n [-3.94797373e-12 -1.08902618e-12  4.83504392e-13  8.76675763e-12\n   1.22459453e-13 -5.09964884e-15 -1.43880466e-09  6.69903562e-12\n  -1.80134558e-12  1.55674144e-13  4.95760741e-13 -9.86924544e-14\n   6.70516235e-14  3.44220861e-11 -1.85315181e-12 -1.90054345e-12\n  -1.75515940e-13  2.09089934e-14  3.32309778e-14 -2.88635068e-10\n   1.77688674e-13 -5.01618107e-13 -1.91171577e-13 -7.45826585e-14\n   2.46370827e-11 -4.29400561e-12 -4.12382817e-12  8.43912882e-15\n  -2.51295685e-11  3.87193009e-13 -7.90513270e-15 -4.19675475e-11\n  -1.10039844e-13  4.95458686e-14  2.00776772e-10 -2.72064424e-10\n  -7.56285214e-12]\n [ 4.31762561e-13  2.76242265e-06 -9.02018460e-07  1.12362591e-07\n  -3.44979651e-07 -2.67585465e-07  3.35306102e-11  2.46635101e-13\n   1.55674144e-13 -1.59322316e-06 -3.09027595e-07 -1.10080324e-07\n   3.92189952e-08 -3.26330058e-04  1.36398978e-06  6.14467852e-07\n  -3.16526126e-07  2.08046071e-07  8.74273795e-08  8.90694656e-05\n  -6.40819979e-07 -1.12372199e-06 -1.29121892e-07  1.32563401e-07\n  -1.28002223e-05 -5.22562356e-07  4.71793770e-07  1.37888750e-08\n   3.98191857e-05 -1.89854640e-07 -8.12739943e-08  2.99634412e-05\n  -5.64111064e-08 -8.95748692e-08 -2.72995757e-11 -2.99268747e-11\n   1.23418129e-13]\n [ 1.79702641e-12  2.06611761e-06  4.82400601e-07 -2.93273518e-06\n   5.12273821e-08 -1.57536687e-07 -1.40408122e-10 -9.70109648e-13\n   4.95760741e-13 -3.09027595e-07 -2.00305353e-06  1.07070635e-07\n   2.63890254e-08 -2.44174308e-04  1.51671152e-06  1.69989026e-06\n   9.64766008e-07  3.02062099e-08  4.42100666e-08 -6.59336501e-05\n   1.29240155e-07  4.74082703e-08  7.14550719e-08 -3.70946788e-09\n   3.66627104e-04  1.16578305e-07 -1.10538648e-06  1.56610508e-08\n  -5.31185086e-06  2.65889205e-08  1.03961100e-07  1.88333262e-05\n   5.55103117e-08  4.82805293e-08  8.35617150e-11 -3.02729536e-11\n   7.73968497e-14]\n [-1.41962483e-13  2.95295604e-08 -1.54991967e-07  5.11877956e-07\n  -4.83108409e-07  7.43486383e-09  5.82133839e-12  1.19241237e-14\n  -9.86924544e-14 -1.10080324e-07  1.07070635e-07 -1.69203728e-07\n   6.00368058e-09 -1.01035759e-05 -5.73878777e-07 -2.37563128e-07\n  -2.47201508e-07  9.99528296e-08  1.06480679e-08  1.60751131e-05\n  -1.20057167e-07 -9.27831363e-08  2.26060285e-07  1.08448583e-08\n  -6.25388828e-05  1.07247834e-07  1.59679398e-07 -1.05557452e-08\n   5.96082015e-05 -6.00786986e-08 -2.34971618e-07 -2.04084795e-06\n  -3.58552719e-08 -3.34780429e-08 -5.43181462e-12  3.31704005e-12\n  -6.72470545e-14]\n [-1.53282247e-13 -1.95384982e-07 -3.38786722e-07 -5.34593695e-07\n  -5.82806010e-10 -3.74434218e-07  4.23903200e-12  4.72256316e-15\n   6.70516235e-14  3.92189952e-08  2.63890254e-08  6.00368058e-09\n  -1.08059454e-07  2.70803915e-05  6.54184547e-08  1.13627629e-08\n   2.18902063e-07  1.12581742e-08  7.57486917e-08  3.93457402e-05\n  -7.72573132e-08 -1.70934430e-07  3.38649163e-08  1.87377634e-07\n   6.57440373e-05 -5.22075022e-08 -1.00873975e-07  2.79149848e-08\n  -7.93254134e-07 -3.24492385e-08 -2.82920069e-08  4.80864622e-05\n   1.90931597e-08 -1.20404527e-07 -5.74081032e-13 -1.82980626e-12\n  -3.07914947e-14]\n [-1.00313899e-10  1.78440185e-03  2.12925874e-04  3.13698298e-04\n  -5.62718401e-05  3.71774759e-05 -4.74383350e-08 -1.24757401e-10\n   3.44220861e-11 -3.26330058e-04 -2.44174308e-04 -1.01035759e-05\n   2.70803915e-05 -1.99676717e-01  1.42329285e-03  1.14601772e-03\n  -1.78087909e-04  5.04541856e-05  2.65732181e-05 -2.83825653e-02\n   1.88032882e-05 -9.80683950e-05 -2.38002324e-05  1.79729822e-05\n  -3.82773167e-02 -6.28289940e-05  2.04196982e-04 -2.86854451e-06\n   7.47749117e-03  6.79687584e-06  3.05802073e-05 -4.62673425e-03\n   2.67003176e-05  4.80462711e-05  1.32625239e-08 -4.39027229e-09\n   1.72292518e-10]\n [-2.14463125e-12 -1.60971156e-05  2.27724632e-07  7.17541152e-07\n  -9.13838908e-08 -3.15840471e-07 -9.56635133e-11  2.37866995e-12\n  -1.85315181e-12  1.36398978e-06  1.51671152e-06 -5.73878777e-07\n   6.54184547e-08  1.42329285e-03 -4.27899173e-05 -2.48468459e-05\n   1.41714524e-07 -5.20535868e-08 -7.16691044e-08  1.88032745e-05\n   3.43579885e-06  3.16320057e-06  4.58751563e-08 -2.45141061e-08\n  -6.28290661e-05  3.81975042e-06  1.36798579e-06 -2.84389088e-09\n   6.79688355e-06  1.79832363e-07 -4.73028311e-07  2.67003187e-05\n  -9.59447404e-07 -7.26164897e-07  7.28760633e-11 -1.25586438e-10\n  -3.68300584e-12]\n [-2.26631123e-12 -1.22684424e-05  1.23063357e-06 -1.49557332e-06\n  -3.43129493e-07 -4.79714494e-07  1.06705390e-10 -3.62186187e-12\n  -1.90054345e-12  6.14467852e-07  1.69989026e-06 -2.37563128e-07\n   1.13627629e-08  1.14601772e-03 -2.48468459e-05 -2.00968214e-05\n   7.58265206e-07 -5.27560198e-10 -5.15060970e-08 -9.80683513e-05\n   3.16320036e-06  2.54342284e-06  1.02711677e-07  2.51121123e-08\n   2.04196979e-04  1.36798593e-06 -5.34792162e-08  7.75964278e-09\n   3.05802133e-05 -4.73028434e-07 -6.24013327e-07  4.80462760e-05\n  -7.26165013e-07 -7.12000359e-07  2.36890353e-11  4.05115500e-10\n   1.92637121e-12]\n [-9.58082198e-14  1.48832434e-06  4.18043878e-06  8.61198811e-06\n  -6.77961243e-07  6.32947017e-07 -2.25703889e-11 -8.37927208e-13\n  -1.75515940e-13 -3.16526126e-07  9.64766008e-07 -2.47201508e-07\n   2.18902063e-07 -1.78087909e-04  1.41714524e-07  7.58265206e-07\n  -4.77374133e-06 -2.94964726e-08  9.66374824e-09 -5.12742904e-04\n  -1.35153171e-06  1.07694669e-06  4.98559504e-08 -9.41216437e-08\n  -1.03685288e-03  1.32716439e-06  1.38560783e-06 -7.48378175e-08\n   8.34878264e-05  3.17793864e-07 -1.82895313e-07 -7.85557818e-05\n   8.84034554e-08  1.57369074e-07  2.56209201e-10  2.69598174e-10\n  -7.55673234e-15]\n [-8.76370976e-14 -4.07989384e-07  2.30485440e-07  4.59377604e-07\n   9.43582403e-07  3.23908376e-08  1.63375907e-11  5.42995614e-14\n   2.09089934e-14  2.08046071e-07  3.02062099e-08  9.99528296e-08\n   1.12581742e-08  5.04541856e-05 -5.20535868e-08 -5.27560198e-10\n  -2.94964726e-08 -3.62952289e-07  3.86722314e-09 -1.88144591e-05\n   2.19254299e-07  3.87056688e-07 -5.55640547e-07 -5.95875370e-08\n  -5.98641337e-05  1.69722515e-07 -1.28602778e-07  1.69639515e-08\n  -1.19264663e-04  3.89406061e-08  2.14110608e-07 -4.31255116e-06\n   9.87031051e-09  1.73736428e-08 -5.98579442e-12  4.50492479e-12\n  -1.41195529e-14]\n [-1.86133398e-13 -2.47914627e-07 -4.36318351e-07  5.84133275e-09\n   3.42250531e-08  6.01643047e-07  5.98193398e-12 -4.93893865e-14\n   3.32309778e-14  8.74273795e-08  4.42100666e-08  1.06480679e-08\n   7.57486917e-08  2.65732181e-05 -7.16691044e-08 -5.15060970e-08\n   9.66374824e-09  3.86722314e-09 -2.28002735e-07  5.36804052e-05\n   1.13034921e-07  3.09019619e-07 -3.48831521e-08 -3.42356452e-07\n   4.85034791e-07  1.78489021e-07  2.82344145e-08 -3.88283930e-08\n  -4.39635213e-06  1.15952011e-08  2.32272709e-08 -7.62241084e-05\n   4.15752089e-09  1.77728961e-07  4.57609497e-12 -5.77817932e-12\n   6.82698515e-15]\n [-4.73786907e-10  2.12925873e-04  2.75750721e-03  4.46069597e-04\n  -1.23627693e-04  9.44103094e-06  8.03196256e-08  1.22938100e-11\n  -2.88635068e-10  8.90694656e-05 -6.59336501e-05  1.60751131e-05\n   3.93457402e-05 -2.83825653e-02  1.88032745e-05 -9.80683513e-05\n  -5.12742904e-04 -1.88144591e-05  5.36804052e-05 -3.19444451e-01\n   6.70585922e-04  1.04279308e-03  8.90830449e-05 -4.58404250e-05\n  -4.58545133e-02 -3.78737567e-06  3.36195003e-05 -6.65651699e-06\n   1.72674630e-02  7.85310719e-05  2.98894174e-05 -2.76242388e-03\n  -4.98646863e-05  3.56165290e-05  9.32605362e-09 -2.65546574e-09\n   5.44494015e-12]\n [-2.97537890e-12  2.27724702e-07 -7.46661065e-06 -1.20450880e-07\n  -7.79547552e-07  3.84501302e-07 -1.41657575e-10 -2.72954346e-13\n   1.77688674e-13 -6.40819979e-07  1.29240155e-07 -1.20057167e-07\n  -7.72573132e-08  1.88032882e-05  3.43579885e-06  3.16320036e-06\n  -1.35153171e-06  2.19254299e-07  1.13034921e-07  6.70585922e-04\n  -1.90022339e-05 -1.21998041e-05  1.37391088e-07  4.93483097e-08\n  -3.78737650e-06 -1.87911759e-06 -1.31612820e-06 -2.78786606e-08\n   7.85310715e-05 -5.78682067e-07 -9.60863065e-07 -4.98646866e-05\n  -6.71530583e-07 -3.95483845e-07 -4.52932873e-10  1.19469786e-10\n  -8.90553321e-13]\n [-5.03542783e-13  1.23063390e-06 -1.03947720e-05 -5.37399127e-07\n  -3.74573704e-07 -3.28459958e-07  8.04414001e-11  2.59104549e-13\n  -5.01618107e-13 -1.12372199e-06  4.74082703e-08 -9.27831363e-08\n  -1.70934430e-07 -9.80683950e-05  3.16320057e-06  2.54342284e-06\n   1.07694669e-06  3.87056688e-07  3.09019619e-07  1.04279308e-03\n  -1.21998041e-05 -1.48962101e-05 -2.44121707e-08  1.96406484e-07\n   3.36193020e-05 -1.31612818e-06 -5.93629958e-07  3.52627717e-08\n   2.98894149e-05 -9.60863021e-07 -5.83892016e-07  3.56165431e-05\n  -3.95483846e-07 -5.07576433e-07 -7.54635388e-11 -1.63066310e-10\n  -3.02431514e-13]\n [ 1.60024163e-13  1.89662626e-07 -6.99401149e-07  9.42346339e-07\n   1.90398670e-06  6.93097607e-08  4.20792559e-11  8.67424589e-14\n  -1.91171577e-13 -1.29121892e-07  7.14550719e-08  2.26060285e-07\n   3.38649163e-08 -2.38002324e-05  4.58751563e-08  1.02711677e-07\n   4.98559504e-08 -5.55640547e-07 -3.48831521e-08  8.90830449e-05\n   1.37391088e-07 -2.44121707e-08 -1.38970867e-06 -3.08086655e-08\n  -1.21048740e-04  1.50348072e-08  2.72383563e-07  3.82714352e-08\n  -2.45909454e-04 -1.51713215e-07  4.83080421e-07 -8.25102713e-06\n   3.78439320e-08  2.57992871e-09 -2.16099838e-11  3.28191282e-11\n   7.88073212e-14]\n [-2.89467541e-13 -1.61420886e-07  3.71210912e-07  2.08881967e-07\n   5.01144473e-08  1.58277901e-06 -7.56357756e-12 -9.92416263e-15\n  -7.45826585e-14  1.32563401e-07 -3.70946788e-09  1.08448583e-08\n   1.87377634e-07  1.79729822e-05 -2.45141061e-08  2.51121123e-08\n  -9.41216437e-08 -5.95875370e-08 -3.42356452e-07 -4.58404250e-05\n   4.93483097e-08  1.96406484e-07 -3.08086655e-08 -1.21071290e-06\n  -2.63900184e-05  7.13216038e-08 -1.09301835e-08 -9.99591772e-08\n  -5.35565378e-06  5.97775375e-08 -9.97830532e-09 -2.07461865e-04\n  -3.05017183e-07  4.53399300e-07 -2.04172270e-11  8.20704874e-12\n  -8.16469570e-14]\n [ 1.13418386e-09  3.13698326e-04  4.46069725e-04  4.03447572e-03\n   4.20708496e-05  9.53571001e-05  4.15701695e-07 -1.10066773e-10\n   2.46370827e-11 -1.28002223e-05  3.66627104e-04 -6.25388828e-05\n   6.57440373e-05 -3.82773167e-02 -6.28290661e-05  2.04196979e-04\n  -1.03685288e-03 -5.98641337e-05  4.85034791e-07 -4.58545133e-02\n  -3.78737650e-06  3.36193020e-05 -1.21048740e-04 -2.63900184e-05\n  -4.85053459e-01  1.00370864e-03  9.74517127e-04 -1.23065219e-05\n  -6.57886646e-03  2.57316346e-05 -6.86741826e-05 -1.27728421e-02\n  -3.51275536e-05 -1.10069576e-05  8.58548702e-08 -2.32199509e-08\n   1.64724878e-10]\n [ 6.34829492e-12  7.17540180e-07 -1.20451458e-07 -1.00143941e-05\n  -8.92823215e-08  