{'theta_hat': '[-4.68847550e-10  9.92657136e-05 -1.93002617e-03 -9.83110242e-03\n  4.68546322e-04 -1.12912596e-03  2.06903382e-08 -2.63549075e-12\n -1.74508811e-10  1.32514087e-04 -1.34176078e-03  2.13265749e-04\n -1.32294028e-04  1.99963714e-02  4.67486261e-03  9.03918410e-05\n  2.13414954e-03 -6.51509540e-05  2.86421300e-04  2.02239366e-01\n  1.66120723e-04 -1.94798327e-03 -2.89088286e-05  7.48788499e-04\n  1.11436940e+00 -5.07813591e-03 -2.52146106e-03  7.23925751e-05\n -4.36551008e-02  8.84228236e-04  3.34320976e-04  1.41644699e-01\n  1.23561943e-04 -1.37567488e-04  7.38463096e-09  1.80220129e-08\n -1.04354563e-10]', 'theta_bar': '[ 8.47413441e-03  1.60430661e-03 -1.37741437e-03 -6.95981266e-03\n -7.90170148e-04 -5.17001960e-04 -1.12864388e+00  2.80762844e-03\n  1.94796146e-03 -2.81199214e-04 -1.16545170e-03 -6.99091019e-05\n -6.36159368e-05 -1.98278193e-01  1.13558145e-03  6.33322079e-04\n  1.25336716e-03  2.26211402e-04  1.25467122e-04  1.97428017e-01\n -1.77694524e-04 -2.42384259e-04  5.72160024e-04  3.93733797e-04\n  9.23990709e-01 -1.81404677e-03 -1.27625448e-03  6.66073813e-06\n  9.48812384e-02 -2.44654948e-04 -7.92159360e-05  6.46034810e-02\n -1.50980305e-04 -7.15253742e-05 -3.31143785e-01 -2.26229244e-01\n  1.89763946e-03]', 'grad_op_sum': '[[ 1.00820121e-19  7.84406620e-14  2.41210073e-13  9.26554602e-13\n   1.25211116e-14  1.73722533e-13 -4.62478448e-18  1.13261207e-20\n   1.46243491e-20  2.21005023e-14  1.58326951e-13 -4.16950681e-15\n   2.32110139e-14 -4.32223456e-12  2.73540636e-13  3.52576415e-13\n  -2.09493889e-13 -1.81534071e-14 -2.95501857e-14 -2.56861103e-11\n  -2.36855630e-14  2.36397352e-13 -3.28316601e-14 -1.10352816e-13\n  -1.08821578e-10  2.81007911e-13  1.02118874e-13 -9.73886620e-15\n  -1.89056344e-12 -4.54531232e-14 -5.31447364e-15 -2.17315620e-11\n  -2.78630808e-15 -4.31101293e-15 -1.29907825e-18 -1.13480593e-18\n   1.01773914e-20]\n [ 7.84406620e-14  1.30524676e-05  5.84064624e-06  2.02934389e-06\n  -8.20653231e-09  1.21806482e-07 -3.62510885e-12  1.68653379e-13\n   5.20712548e-13 -1.03268212e-06 -2.58847277e-06  1.54786130e-07\n  -1.46773316e-07 -1.21081123e-03  2.57026530e-05  2.08182455e-05\n  -1.45448778e-06  7.83116946e-08 -1.68224042e-07 -5.68754799e-04\n   8.45599462e-06  8.52008240e-06  1.15383497e-07  5.53894678e-08\n  -2.10009132e-04  1.38442075e-07  3.25069033e-06  1.20111073e-08\n   1.73266920e-05  1.40768642e-06  1.00863190e-06 -7.15892616e-06\n   6.62795222e-07  6.01156731e-07 -3.60872216e-11 -3.21867721e-11\n   3.62043909e-13]\n [ 2.41210073e-13  5.84064624e-06  6.68921125e-06  8.35604992e-06\n  -1.20511074e-06  9.73350342e-08 -7.07797167e-12 -2.03941657e-14\n   3.35932204e-13 -5.37331415e-07 -2.73208725e-07 -8.48947015e-08\n  -1.42076026e-07 -5.68754837e-04  8.45599444e-06  8.52008218e-06\n  -3.37171989e-06  4.07955227e-07 -2.07136907e-07 -7.17545339e-04\n   4.47307291e-06  4.98645665e-06  3.85053033e-07 -1.87096799e-08\n  -9.01017761e-04  2.55669694e-06  3.68691340e-06 -4.53661255e-08\n   1.35075746e-04 -8.44431693e-07  1.56830064e-07 -9.22353663e-06\n  -3.56575390e-07  1.80852901e-07 -3.20749369e-11 -1.84225531e-11\n   2.23378236e-13]\n [ 9.26554602e-13  2.02934389e-06  8.35604992e-06  4.31585594e-05\n  -5.60268718e-06  1.38477986e-06 -5.12108842e-11 -4.15417835e-13\n   3.30403178e-13  6.63835005e-07  4.77748815e-06 -5.50845202e-07\n   8.41096405e-08 -2.10009085e-04  1.38442204e-07  3.25069075e-06\n  -1.02131087e-05  1.97785328e-06 -8.26656130e-07 -9.01017791e-04\n   2.55669699e-06  3.68691373e-06  2.32325305e-06 -7.71419967e-07\n  -4.83745579e-03  1.91581752e-05  6.03585772e-06 -2.27507308e-07\n   6.12068310e-04 -2.93293132e-06 -8.75361814e-07 -1.77385505e-04\n  -1.80833844e-07  2.17989092e-07 -1.72764819e-11 -3.32602574e-11\n   1.19576065e-13]\n [ 1.25211116e-14 -8.20653231e-09 -1.20511074e-06 -5.60268718e-06\n   1.37961524e-06  2.68491397e-07  7.13882569e-12  7.81681867e-14\n  -5.58503102e-15 -6.26149867e-08 -4.90540306e-07  1.23311298e-07\n   5.66718448e-08  1.73266937e-05  1.40768620e-06  1.00863188e-06\n   1.40787838e-06 -5.15603473e-07  5.29340852e-08  1.35075745e-04\n  -8.44431654e-07  1.56830067e-07 -6.48454356e-07 -2.02164530e-07\n   6.12068384e-04 -2.93293119e-06 -8.75361839e-07  2.05005598e-08\n  -1.53667503e-04  5.83678575e-07  1.73313922e-07 -3.13192686e-05\n  -2.99953736e-08  2.16464787e-08  4.16821608e-12 -1.05899384e-12\n   1.50823480e-14]\n [ 1.73722533e-13  1.21806482e-07  9.73350342e-08  1.38477986e-06\n   2.68491397e-07  6.66672222e-07 -1.13113220e-11  3.22064589e-14\n   1.94376562e-14  1.75994226e-08  3.12295663e-07  6.69346934e-09\n   1.18433141e-07 -7.15891468e-06  6.62795227e-07  6.01156674e-07\n  -2.35409904e-07 -1.36276225e-07 -1.05626956e-07 -9.22354084e-06\n  -3.56575449e-07  1.80852873e-07 -1.92644920e-07 -4.21505744e-07\n  -1.77385504e-04 -1.80833762e-07  2.17989070e-07 -3.11532012e-08\n  -3.13192684e-05 -2.99953849e-08  2.16464795e-08 -8.33479787e-05\n  -3.82394064e-08  1.09734193e-07 -1.20625250e-12 -4.98273769e-12\n   1.17056804e-14]\n [-4.62478448e-18 -3.62510885e-12 -7.07797167e-12 -5.12108842e-11\n   7.13882569e-12 -1.13113220e-11  4.84538113e-16 -1.06999532e-18\n  -5.69361185e-20 -2.43561542e-13 -7.23385591e-12  1.06311695e-12\n  -2.14408274e-12  4.38155074e-10 -1.52357760e-12  9.55198968e-13\n   9.33047884e-12 -1.80699838e-12  1.97190062e-12  7.67734599e-10\n  -5.78293031e-12  1.92184732e-12 -2.31511856e-12  6.60594507e-12\n   6.11354231e-09 -1.39141121e-11 -7.93418769e-12  7.66592382e-13\n  -8.04155000e-10  3.81593082e-12  2.77626484e-13  1.45731011e-09\n  -2.60828872e-12 -1.40968054e-12  1.15654298e-16  2.23366683e-17\n   8.58159192e-20]\n [ 1.13261207e-20  1.68653379e-13 -2.03941657e-14 -4.15417835e-13\n   7.81681867e-14  3.22064589e-14 -1.06999532e-18  1.62510706e-20\n   8.75945930e-21 -3.94712676e-14 -8.27057244e-14  9.04067598e-16\n   4.20588623e-15 -1.70368281e-11  1.56493435e-13  2.36684004e-13\n   1.10434753e-13 -3.15328487e-14  1.77484125e-15  3.78185783e-12\n   1.06467710e-13  1.38378692e-13 -3.52584563e-14 -2.05076262e-14\n   4.58442915e-11 -1.21270563e-13  4.18106915e-14  1.30399483e-15\n  -8.43474147e-12  4.91870436e-14  1.94603307e-14 -3.96855286e-12\n   2.95691886e-14  1.07562530e-14 -7.77761406e-19 -4.81436143e-19\n   7.56857536e-21]\n [ 1.46243491e-20  5.20712548e-13  3.35932204e-13  3.30403178e-13\n  -5.58503102e-15  1.94376562e-14 -5.69361185e-20  8.75945930e-21\n   3.40046257e-20 -7.23532222e-14 -8.21239914e-14 -8.65033075e-15\n  -8.76895269e-15 -5.17764855e-11  5.48115177e-13  7.76158073e-13\n  -1.17092118e-13  6.99458392e-17 -1.28131320e-14 -3.31900345e-11\n   3.63986671e-13  4.99127842e-13 -1.44895287e-16 -1.16032895e-14\n  -3.46761150e-11  2.77181610e-13  3.01193030e-13 -4.09873721e-18\n   7.81530239e-13  1.07460332e-14  1.88095277e-14 -2.06104442e-12\n   1.97478001e-14  2.56932523e-14 -1.97712174e-18 -2.23735637e-18\n   2.35782308e-20]\n [ 2.21005023e-14 -1.03268212e-06 -5.37331415e-07  6.63835005e-07\n  -6.26149867e-08  1.75994226e-08 -2.43561542e-13 -3.94712676e-14\n  -7.23532222e-14  2.60097311e-07  3.80949027e-07  3.59147991e-08\n   2.55040420e-08  1.13542023e-04 -5.33800807e-08 -1.08901370e-06\n  -7.08900546e-08  3.12812108e-08  4.20778092e-09  5.13200743e-05\n  -8.66071224e-07 -9.82850948e-07  2.76618512e-08 -8.05925507e-09\n  -8.33750899e-05 -2.59580210e-07 -7.69839216e-07 -6.84871854e-09\n   6.51627891e-06 -2.03696412e-08 -3.43051983e-08 -2.68222646e-06\n  -5.91218844e-08 -7.05945122e-08  5.22523924e-12  4.40042100e-12\n  -5.25716379e-14]\n [ 1.58326951e-13 -2.58847277e-06 -2.73208725e-07  4.77748815e-06\n  -4.90540306e-07  3.12295663e-07 -7.23385591e-12 -8.27057244e-14\n  -8.21239914e-14  3.80949027e-07  1.23856881e-06 -6.30024857e-08\n   7.42086055e-08  2.48352797e-04 -4.43877047e-06 -3.65955485e-06\n  -9.35208899e-07  1.48792063e-07 -8.07233276e-08  1.49898058e-05\n  -1.78680707e-06 -1.44989037e-06  1.48334721e-07 -2.13114427e-07\n  -5.48022847e-04  1.74202219e-06 -2.39822082e-07 -3.72779707e-08\n   4.95217130e-05 -5.99780604e-07 -2.84625661e-07 -4.09587749e-05\n  -2.09717498e-07 -1.04491290e-07  6.37325279e-12  2.96432075e-12\n  -6.87176768e-14]\n [-4.16950681e-15  1.54786130e-07 -8.48947015e-08 -5.50845202e-07\n   1.23311298e-07  6.69346934e-09  1.06311695e-12  9.04067598e-16\n  -8.65033075e-15  3.59147991e-08 -6.30024857e-08  3.38250362e-08\n   4.37346681e-09 -7.03177762e-06  1.14132615e-06  4.89888624e-07\n   1.07238487e-07 -3.88635866e-08  7.34376494e-09  9.20992105e-06\n  -3.36093923e-08 -3.82253720e-08 -5.22195859e-08 -8.58574873e-10\n   5.86606000e-05 -5.39748778e-07 -2.51736776e-07  1.79411331e-09\n  -1.31060130e-05  1.09256693e-07  5.08579561e-08 -4.72183576e-07\n  -5.55576178e-09  4.21719279e-11  6.95295307e-13  5.75833414e-13\n  -4.38140175e-15]\n [ 2.32110139e-14 -1.46773316e-07 -1.42076026e-07  8.41096405e-08\n   5.66718448e-08  1.18433141e-07 -2.14408274e-12  4.20588623e-15\n  -8.76895269e-15  2.55040420e-08  7.42086055e-08  4.37346681e-09\n   2.63497521e-08  1.53973815e-05 -5.28755798e-08 -1.53287850e-07\n   2.37879374e-08 -2.64274301e-08 -1.47462570e-08  1.48738052e-05\n  -1.85359823e-07 -1.50916268e-07 -3.49404185e-08 -7.45487780e-08\n  -1.46285623e-05 -1.37292673e-07 -7.24147949e-08 -5.41479543e-09\n  -6.54210991e-06  5.09607581e-09  2.00606112e-10 -1.49516563e-05\n  -3.83512777e-09  1.55240741e-08  5.80150568e-13 -1.83798993e-13\n  -6.49516024e-15]\n [-4.32223456e-12 -1.21081123e-03 -5.68754837e-04 -2.10009085e-04\n   1.73266937e-05 -7.15891468e-06  4.38155074e-10 -1.70368281e-11\n  -5.17764855e-11  1.13542023e-04  2.48352797e-04 -7.03177762e-06\n   1.53973815e-05  1.14500561e-01 -2.14950806e-03 -1.85514171e-03\n   1.41086437e-04 -1.18753515e-05  1.62446628e-05  5.55405415e-02\n  -8.17416112e-04 -8.19905132e-04 -1.75887239e-05 -6.89531139e-06\n   2.09551294e-02 -9.27033968e-05 -3.72949651e-04 -1.22056988e-06\n  -3.35406730e-03 -1.10800181e-04 -8.56379692e-05  2.02255727e-04\n  -6.27393349e-05 -5.88553148e-05  3.65636121e-09  3.20335992e-09\n  -3.58592669e-11]\n [ 2.73540636e-13  2.57026530e-05  8.45599444e-06  1.38442204e-07\n   1.40768620e-06  6.62795227e-07 -1.52357760e-12  1.56493435e-13\n   5.48115177e-13 -5.33800807e-08 -4.43877047e-06  1.14132615e-06\n  -5.28755798e-08 -2.14950806e-03  7.76737773e-05  4.82835233e-05\n  -2.07977429e-06 -1.92178404e-07 -2.62001995e-07 -8.17416064e-04\n   1.32730070e-05  1.19615100e-05 -3.31933840e-07 -1.99390351e-08\n  -9.27033880e-05 -1.06855313e-05 -1.77129767e-06 -2.00281348e-09\n  -1.10800169e-04  4.82679781e-06  2.94623880e-06 -6.27393419e-05\n   1.06987595e-06  9.62824344e-07 -3.89864780e-11 -3.39160468e-11\n   3.89988679e-13]\n [ 3.52576415e-13  2.08182455e-05  8.52008218e-06  3.25069075e-06\n   1.00863188e-06  6.01156674e-07  9.55198968e-13  2.36684004e-13\n   7.76158073e-13 -1.08901370e-06 -3.65955485e-06  4.89888624e-07\n  -1.53287850e-07 -1.85514171e-03  4.82835233e-05  3.65099248e-05\n  -2.20222763e-06 -2.23468795e-07 -2.85965479e-07 -8.19905076e-04\n   1.19615099e-05  1.35241867e-05 -3.06887120e-07 -1.72237847e-07\n  -3.72949653e-04 -1.77129704e-06  3.09101401e-06  1.34600484e-08\n  -8.56379709e-05  2.94623916e-06  1.83780877e-06 -5.88553152e-05\n   9.62824295e-07  8.53876145e-07 -4.59964917e-11 -4.99085747e-11\n   5.48373282e-13]\n [-2.09493889e-13 -1.45448778e-06 -3.37171989e-06 -1.02131087e-05\n   1.40787838e-06 -2.35409904e-07  9.33047884e-12  1.10434753e-13\n  -1.17092118e-13 -7.08900546e-08 -9.35208899e-07  1.07238487e-07\n   2.37879374e-08  1.41086437e-04 -2.07977429e-06 -2.20222763e-06\n   2.89724725e-06 -4.94921767e-07  2.01685777e-07  3.69120266e-04\n  -1.30795169e-06 -1.52410008e-06 -5.38746653e-07  1.19150833e-07\n   1.13541358e-03 -3.74815568e-06 -1.85849337e-06  5.74335990e-08\n  -1.54268714e-04  8.82620862e-07  1.40342914e-07  2.95638693e-05\n   2.52838066e-07 -5.73866291e-08  1.05615372e-11  8.72689197e-12\n  -5.79539616e-14]\n [-1.81534071e-14  7.83116946e-08  4.07955227e-07  1.97785328e-06\n  -5.15603473e-07 -1.36276225e-07 -1.80699838e-12 -3.15328487e-14\n   6.99458392e-17  3.12812108e-08  1.48792063e-07 -3.88635866e-08\n  -2.64274301e-08 -1.18753515e-05 -1.92178404e-07 -2.23468795e-07\n  -4.94921767e-07  1.97832926e-07 -1.39320733e-08 -4.53679541e-05\n   3.57761033e-07 -6.23382674e-08  2.51287091e-07  1.00369833e-07\n  -2.15403145e-04  1.04249045e-06  2.60373206e-07 -5.47150368e-09\n   5.77679364e-05 -1.76738895e-07 -5.13285333e-08  1.62880973e-05\n   2.50818434e-08 -9.13479104e-09 -1.20143805e-12  6.30566144e-13\n  -7.05232467e-15]\n [-2.95501857e-14 -1.68224042e-07 -2.07136907e-07 -8.26656130e-07\n   5.29340852e-08 -1.05626956e-07  1.97190062e-12  1.77484125e-15\n  -1.28131320e-14  4.20778092e-09 -8.07233276e-08  7.34376494e-09\n  -1.47462570e-08  1.62446628e-05 -2.62001995e-07 -2.85965479e-07\n   2.01685777e-07 -1.39320733e-08  2.83875182e-08  2.17757788e-05\n  -7.61027285e-08 -1.52715664e-07 -1.19155239e-08  6.42846110e-08\n   9.49652841e-05 -2.49551037e-07 -1.75594902e-07  7.38958101e-09\n  -5.63163133e-06  4.50052642e-08  2.71912593e-09  1.31906867e-05\n   9.18878181e-09 -2.75640320e-08  8.07080387e-13  1.55893077e-12\n  -6.86935883e-15]\n [-2.56861103e-11 -5.68754799e-04 -7.17545339e-04 -9.01017791e-04\n   1.35075745e-04 -9.22354084e-06  7.67734599e-10  3.78185783e-12\n  -3.31900345e-11  5.13200743e-05  1.49898058e-05  9.20992105e-06\n   1.48738052e-05  5.55405415e-02 -8.17416064e-04 -8.19905076e-04\n   3.69120266e-04 -4.53679541e-05  2.17757788e-05  7.75573141e-02\n  -4.43984953e-04 -4.90029590e-04 -4.19373031e-05  1.60459254e-06\n   9.71854365e-02 -2.49760186e-04 -3.81985791e-04  5.27567998e-06\n  -1.50543626e-02  1.04981942e-04 -1.25774946e-05  8.77756531e-04\n   4.78425887e-05 -1.59824179e-05  3.38054543e-09  1.76445602e-09\n  -2.19779382e-11]\n [-2.36855630e-14  8.45599462e-06  4.47307291e-06  2.55669699e-06\n  -8.44431654e-07 -3.56575449e-07 -5.78293031e-12  1.06467710e-13\n   3.63986671e-13 -8.66071224e-07 -1.78680707e-06 -3.36093923e-08\n  -1.85359823e-07 -8.17416112e-04  1.32730070e-05  1.19615099e-05\n  -1.30795169e-06  3.57761033e-07 -7.61027285e-08 -4.43984953e-04\n   6.46995726e-06  5.67166701e-06  4.89433119e-07  3.19180020e-07\n  -2.49760221e-04  1.98929078e-06  3.06818462e-06  1.52767502e-08\n   1.04981936e-04  5.07116155e-07  5.07467815e-07  4.78425965e-05\n   5.29113891e-07  3.46315563e-07 -2.95670680e-11 -1.91078377e-11\n   2.47276980e-13]\n [ 2.36397352e-13  8.52008240e-06  4.98645665e-06  3.68691373e-06\n   1.56830067e-07  1.80852873e-07  1.92184732e-12  1.38378692e-13\n   4.99127842e-13 -9.82850948e-07 -1.44989037e-06 -3.82253720e-08\n  -1.50916268e-07 -8.19905132e-04  1.19615100e-05  1.35241867e-05\n  -1.52410008e-06 -6.23382674e-08 -1.52715664e-07 -4.90029590e-04\n   5.67166701e-06  7.67772724e-06 -8.50347588e-08 -9.09767515e-08\n  -3.81985819e-04  3.06818475e-06  3.81236971e-06  1.08426469e-08\n  -1.25774986e-05  5.07467883e-07  4.34145168e-07 -1.59824188e-05\n   3.46315535e-07  3.39656854e-07 -2.87708357e-11 -3.11952165e-11\n   3.51516703e-13]\n [-3.28316601e-14  1.15383497e-07  3.85053033e-07  2.32325305e-06\n  -6.48454356e-07 -1.92644920e-07 -2.31511856e-12 -3.52584563e-14\n  -1.44895287e-16  2.76618512e-08  1.48334721e-07 -5.22195859e-08\n  -3.49404185e-08 -1.75887239e-05 -3.31933840e-07 -3.06887120e-07\n  -5.38746653e-07  2.51287091e-07 -1.19155239e-08 -4.19373031e-05\n   4.89433119e-07 -8.50347588e-08  3.27263373e-07  1.40551117e-07\n  -2.52183048e-04  1.38518099e-06  3.12585580e-07 -4.43352750e-09\n   7.29085254e-05 -1.82317474e-07 -6.24726504e-08  2.30701479e-05\n   7.04249607e-08 -8.50792800e-09 -1.21009147e-12  8.36491986e-13\n  -9.09207792e-15]\n [-1.10352816e-13  5.53894678e-08 -1.87096799e-08 -7.71419967e-07\n  -2.02164530e-07 -4.21505744e-07  6.60594507e-12 -2.05076262e-14\n  -1.16032895e-14 -8.05925507e-09 -2.13114427e-07 -8.58574873e-10\n  -7.45487780e-08 -6.89531139e-06 -1.99390351e-08 -1.72237847e-07\n   1.19150833e-07  1.00369833e-07  6.42846110e-08  1.60459254e-06\n   3.19180020e-07 -9.09767515e-08  1.40551117e-07  2.70561802e-07\n   1.00036118e-04  1.04288779e-07 -1.43376280e-07  1.89881908e-08\n   2.37571297e-05  3.66789577e-08 -5.55621956e-11  5.26854265e-05\n   3.76248767e-08 -6.26035148e-08  4.92187490e-13  3.13257149e-12\n  -7.47813418e-15]\n [-1.08821578e-10 -2.10009132e-04 -9.01017761e-04 -4.83745579e-03\n   6.12068384e-04 -1.77385504e-04  6.11354231e-09  4.58442915e-11\n  -3.46761150e-11 -8.33750899e-05 -5.48022847e-04  5.86606000e-05\n  -1.46285623e-05  2.09551294e-02 -9.27033880e-05 -3.72949653e-04\n   1.13541358e-03 -2.15403145e-04  9.49652841e-05  9.71854365e-02\n  -2.49760221e-04 -3.81985819e-04 -2.52183048e-04  1.00036118e-04\n   5.43438171e-01 -2.09888643e-03 -6.42220521e-04  2.64074463e-05\n  -6.68429035e-02  3.19001026e-04  9.47748816e-05  2.26614048e-02\n   1.93156985e-05 -2.67050033e-05  1.75176088e-09  3.70804270e-09\n  -1.17481008e-11]\n [ 2.81007911e-13  1.38442075e-07  2.55669694e-06  1.91581752e-05\n  -2.93293119e-06 -1.80833762e-07 -1.39141121e-11 -1.21270563e-13\n   2.77181610e-13 -2.59580210e-07  1.74202219e-06 -5.39748778e-07\n  -1.37292673e-07 -9.27033968e-05 -1.06855313e-05 -1.77129704e-06\n  -3.74815568e-06  1.04249045e-06 -2.49551037e-07 -2.49760186e-04\n   1.98929078e-06  3.06818475e-06  1.38518099e-06  1.04288779e-07\n  -2.09888643e-03  1.42342053e-05  4.42757886e-06 -3.97344447e-08\n   3.19001004e-04 -1.35825517e-06 -7.64230733e-07  1.93157128e-05\n   5.19789075e-07 -6.09384760e-10 -6.90105213e-12 -2.00917701e-11\n   1.42638321e-13]\n [ 1.02118874e-13  3.25069033e-06  3.68691340e-06  6.03585772e-06\n  -8.75361839e-07  2.17989070e-07 -7.93418769e-12  4.18106915e-14\n   3.01193030e-13 -7.69839216e-07 -2.39822082e-07 -2.51736776e-07\n  -7.24147949e-08 -3.72949651e-04 -1.77129767e-06  3.09101401e-06\n  -1.85849337e-06  2.60373206e-07 -1.75594902e-07 -3.81985791e-04\n   3.06818462e-06  3.81236971e-06  3.12585580e-07 -1.43376280e-07\n  -6.42220521e-04  4.42757886e-06  3.97212342e-06 -2.53312237e-08\n   9.47748742e-05 -7.64230809e-07 -1.31675863e-07 -2.67050002e-05\n  -6.09403420e-10  2.54812792e-07 -2.19374220e-11 -2.06953657e-11\n   1.97049867e-13]\n [-9.73886620e-15  1.20111073e-08 -4.53661255e-08 -2.27507308e-07\n   2.05005598e-08 -3.11532012e-08  7.66592382e-13  1.30399483e-15\n  -4.09873721e-18 -6.84871854e-09 -3.72779707e-08  1.79411331e-09\n  -5.41479543e-09 -1.22056988e-06 -2.00281348e-09  1.34600484e-08\n   5.74335990e-08 -5.47150368e-09  7.38958101e-09  5.27567998e-06\n   1.52767502e-08  1.08426469e-08 -4.43352750e-09  1.89881908e-08\n   2.64074463e-05 -3.97344447e-08 -2.53312237e-08  2.56397269e-09\n  -2.16717288e-06  2.28961273e-08  3.90662662e-09  3.95190062e-06\n   8.34145661e-09 -4.07832219e-09  1.53731130e-13  1.65403525e-13\n   5.62011384e-16]\n [-1.89056344e-12  1.73266920e-05  1.35075746e-04  6.12068310e-04\n  -1.53667503e-04 -3.13192684e-05 -8.04155000e-10 -8.43474147e-12\n   7.81530239e-13  6.51627891e-06  4.95217130e-05 -1.31060130e-05\n  -6.54210991e-06 -3.35406730e-03 -1.10800169e-04 -8.56379709e-05\n  -1.54268714e-04  5.77679364e-05 -5.63163133e-06 -1.50543626e-02\n   1.04981936e-04 -1.25774986e-05  7.29085254e-05  2.37571297e-05\n  -6.68429035e-02  3.19001004e-04  9.47748742e-05 -2.16717288e-06\n   1.71617516e-02 -6.07356254e-05 -1.72577179e-05  3.67119247e-03\n   5.40119255e-06 -1.88257783e-06 -4.86708640e-10  1.20916954e-10\n  -1.55784352e-12]\n [-4.54531232e-14  1.40768642e-06 -8.44431693e-07 -2.93293132e-06\n   5.83678575e-07 -2.99953849e-08  3.81593082e-12  4.91870436e-14\n   1.07460332e-14 -2.03696412e-08 -5.99780604e-07  1.09256693e-07\n   5.09607581e-09 -1.10800181e-04  4.82679781e-06  2.94623916e-06\n   8.82620862e-07 -1.76738895e-07  4.50052642e-08  1.04981942e-04\n   5.07116155e-07  5.07467883e-07 -1.82317474e-07  3.66789577e-08\n   3.19001026e-04 -1.35825517e-06 -7.64230809e-07  2.28961273e-08\n  -6.07356254e-05  7.61470597e-07  2.49816934e-07  5.40119568e-06\n   2.68107882e-07  5.77445395e-08  2.75836414e-12 -8.79939455e-13\n   1.42539625e-14]\n [-5.31447364e-15  1.00863190e-06  1.56830064e-07 -8.75361814e-07\n   1.73313922e-07  2.16464795e-08  2.77626484e-13  1.94603307e-14\n   1.88095277e-14 -3.43051983e-08 -2.84625661e-07  5.08579561e-08\n   2.00606112e-10 -8.56379692e-05  2.94623880e-06  1.83780877e-06\n   1.40342914e-07 -5.13285333e-08  2.71912593e-09 -1.25774946e-05\n   5.07467815e-07  4.34145168e-07 -6.24726504e-08 -5.55621956e-11\n   9.47748816e-05 -7.64230733e-07 -1.31675863e-07  3.90662662e-09\n  -1.72577179e-05  2.49816934e-07  1.32935497e-07 -1.88257842e-06\n   5.77445333e-08  4.35872159e-08 -1.48292406e-12 -1.06580601e-12\n   1.55421094e-14]\n [-2.17315620e-11 -7.15892616e-06 -9.22353663e-06 -1.77385505e-04\n  -3.13192686e-05 -8.33479787e-05  1.45731011e-09 -3.96855286e-12\n  -2.06104442e-12 -2.68222646e-06 -4.09587749e-05 -4.72183576e-07\n  -1.49516563e-05  2.02255727e-04 -6.27393419e-05 -5.88553152e-05\n   2.95638693e-05  1.62880973e-05  1.31906867e-05  8.77756531e-04\n   4.78425965e-05 -1.59824188e-05  2.30701479e-05  5.26854265e-05\n   2.26614048e-02  1.93157128e-05 -2.67050002e-05  3.95190062e-06\n   3.67119247e-03  5.40119568e-06 -1.88257842e-06  1.04332422e-02\n   4.70221423e-06 -1.34622459e-05  1.42795277e-10  5.97263254e-10\n  -1.17875537e-12]\n [-2.78630808e-15  6.62795222e-07 -3.56575390e-07 -1.80833844e-07\n  -2.99953736e-08 -3.82394064e-08 -2.60828872e-12  2.95691886e-14\n   1.97478001e-14 -5.91218844e-08 -2.09717498e-07 -5.55576178e-09\n  -3.83512777e-09 -6.27393349e-05  1.06987595e-06  9.62824295e-07\n   2.52838066e-07  2.50818434e-08  9.18878181e-09  4.78425887e-05\n   5.29113891e-07  3.46315535e-07  7.04249607e-08  3.76248767e-08\n   1.93156985e-05  5.19789075e-07 -6.09403420e-10  8.34145661e-09\n   5.40119255e-06  2.68107882e-07  5.77445333e-08  4.70221423e-06\n   2.39136881e-07  3.31894252e-08  1.65351200e-14 -1.11531025e-12\n   1.26965332e-14]\n [-4.31101293e-15  6.01156731e-07  1.80852901e-07  2.17989092e-07\n   2.16464787e-08  1.09734193e-07 -1.40968054e-12  1.07562530e-14\n   2.56932523e-14 -7.05945122e-08 -1.04491290e-07  4.21719279e-11\n   1.55240741e-08 -5.88553148e-05  9.62824344e-07  8.53876145e-07\n  -5.73866291e-08 -9.13479104e-09 -2.75640320e-08 -1.59824179e-05\n   3.46315563e-07  3.39656854e-07 -8.50792800e-09 -6.26035148e-08\n  -2.67050033e-05 -6.09384760e-10  2.54812792e-07 -4.07832219e-09\n  -1.88257783e-06  5.77445395e-08  4.35872159e-08 -1.34622459e-05\n   3.31894252e-08  7.12863045e-08 -1.50887919e-12 -2.74841413e-12\n   1.63113723e-14]\n [-1.29907825e-18 -3.60872216e-11 -3.20749369e-11 -1.72764819e-11\n   4.16821608e-12 -1.20625250e-12  1.15654298e-16 -7.77761406e-19\n  -1.97712174e-18  5.22523924e-12  6.37325279e-12  6.95295307e-13\n   5.80150568e-13  3.65636121e-09 -3.89864780e-11 -4.59964917e-11\n   1.05615372e-11 -1.20143805e-12  8.07080387e-13  3.38054543e-09\n  -2.95670680e-11 -2.87708357e-11 -1.21009147e-12  4.92187490e-13\n   1.75176088e-09 -6.90105213e-12 -2.19374220e-11  1.53731130e-13\n  -4.86708640e-10  2.75836414e-12 -1.48292406e-12  1.42795277e-10\n   1.65351200e-14 -1.50887919e-12  2.14893783e-16  9.96074555e-17\n  -1.38426533e-18]\n [-1.13480593e-18 -3.21867721e-11 -1.84225531e-11 -3.32602574e-11\n  -1.05899384e-12 -4.98273769e-12  2.23366683e-17 -4.81436143e-19\n  -2.23735637e-18  4.40042100e-12  2.96432075e-12  5.75833414e-13\n  -1.83798993e-13  3.20335992e-09 -3.39160468e-11 -4.99085747e-11\n   8.72689197e-12  6.30566144e-13  1.55893077e-12  1.76445602e-09\n  -1.91078377e-11 -3.11952165e-11  8.36491986e-13  3.13257149e-12\n   3.70804270e-09 -2.00917701e-11 -2.06953657e-11  1.65403525e-13\n   1.20916954e-10 -8.79939455e-13 -1.06580601e-12  5.97263254e-10\n  -1.11531025e-12 -2.74841413e-12  9.96074555e-17  1.88645636e-16\n  -1.49860754e-18]\n [ 1.01773914e-20  3.62043909e-13  2.23378236e-13  1.19576065e-13\n   1.50823480e-14  1.17056804e-14  8.58159192e-20  7.56857536e-21\n   2.35782308e-20 -5.25716379e-14 -6.87176768e-14 -4.38140175e-15\n  -6.49516024e-15 -3.58592669e-11  3.89988679e-13  5.48373282e-13\n  -5.79539616e-14 -7.05232467e-15 -6.86935883e-15 -2.19779382e-11\n   2.47276980e-13  3.51516703e-13 -9.09207792e-15 -7.47813418e-15\n  -1.17481008e-11  1.42638321e-13  1.97049867e-13  5.62011384e-16\n  -1.55784352e-12  1.42539625e-14  1.55421094e-14 -1.17875537e-12\n   1.26965332e-14  1.63113723e-14 -1.38426533e-18 -1.49860754e-18\n   1.67512813e-20]]', 'hess_sum': '[[ 1.00387631e-11 -1.28240607e-13 -4.92549628e-13 -2.86931330e-12\n  -5.93858735e-13  7.44301185e-14  2.50404988e-10 -2.06516851e-12\n  -2.97220452e-12  4.11988581e-13  5.38244031e-13 -1.24080603e-13\n  -1.66339941e-13 -1.87719858e-10 -1.66900732e-12 -1.20547691e-12\n   1.98111170e-12  3.89167264e-14 -1.00063498e-13  5.49668723e-11\n  -1.79789731e-12 -2.62941688e-13  3.08130001e-13 -8.63776617e-14\n  -1.54281824e-10  5.04852251e-12  3.76179500e-13  1.40697471e-14\n   2.84310973e-11 -3.65688425e-14  4.05421049e-14  1.02766451e-11\n  -4.62447179e-13 -2.22025340e-14 -2.60379791e-10 -1.42355044e-10\n   9.86621251e-12]\n [-1.28240607e-13 -1.38193056e-05 -7.21005270e-07 -2.13991389e-06\n   4.37550362e-07 -3.57305802e-07 -5.27021500e-11 -6.14521189e-13\n  -2.11321499e-12  2.12923608e-06  1.10651736e-06  1.37693618e-08\n  -1.62146725e-07  1.44613025e-03 -1.64839674e-05 -1.13720027e-05\n   1.19490176e-06 -3.27706668e-07 -2.25842985e-07  1.05330123e-04\n   4.64991087e-08  1.65256708e-06 -4.35628094e-08 -9.01822944e-08\n   2.56479922e-04  3.11369894e-07 -7.65356988e-07  2.82712059e-08\n  -6.02620554e-05 -5.11636286e-08 -4.53676137e-07  4.25180254e-05\n  -3.06743518e-07 -4.73028844e-07  1.87644339e-10 -9.91724692e-11\n  -3.33065396e-12]\n [-4.92549628e-13 -7.21005270e-07 -2.11476581e-05 -6.95476394e-06\n   3.71032898e-07  1.98720978e-07 -8.95754798e-12 -4.64288092e-13\n  -3.05400409e-13 -1.14983718e-06 -1.17736641e-08 -1.39647143e-07\n  -3.11887084e-07  1.05330124e-04  4.64989300e-08  1.65256677e-06\n   3.67890777e-06  4.12497533e-07 -4.78048686e-07  2.36686020e-03\n  -7.72808711e-06 -9.60247751e-06 -4.53547138e-07  2.74398282e-07\n   8.00518470e-04  1.51307245e-07 -1.47991646e-06  2.96017209e-08\n  -5.99570399e-05 -6.58142877e-07 -5.08465244e-07 -1.29783244e-05\n   3.23110608e-07 -1.86007241e-07 -3.46789966e-10 -4.38951411e-11\n  -4.79877996e-13]\n [-2.86931330e-12 -2.13991389e-06 -6.95476394e-06 -2.45176803e-05\n  -1.10887347e-07 -9.01914250e-07 -8.06853958e-10  1.40522618e-12\n   4.67861489e-13  2.60913182e-08 -1.17647338e-06  3.21765674e-07\n  -5.14083175e-07  2.56480052e-04  3.11370747e-07 -7.65357187e-07\n   6.65503391e-06  3.59025516e-07  8.07676019e-08  8.00518564e-04\n   1.51308413e-07 -1.47991653e-06  5.35220240e-07  3.80274690e-07\n   2.80308692e-03 -1.18544606e-05 -3.23120971e-06  1.04622640e-07\n   2.61653271e-05 -5.56834094e-08  4.16181743e-07  1.22834434e-04\n   4.18338068e-07  1.65812772e-07 -9.10771178e-11  1.14456450e-10\n  -1.90737724e-12]\n [-5.93858735e-13  4.37550362e-07  3.71032898e-07 -1.10887347e-07\n  -1.68014985e-06  1.57959613e-09  2.89567079e-11  2.99994146e-13\n  -2.22859870e-14 -3.18608678e-07 -1.38063964e-07 -2.32364938e-07\n   9.00002191e-09 -6.02620519e-05 -5.11637398e-08 -4.53676237e-07\n  -4.76906386e-07  4.54808363e-07  1.47255855e-08 -5.99570467e-05\n  -6.58142907e-07 -5.08465125e-07  6.34589659e-07  5.45933680e-08\n   2.61653547e-05 -5.56836246e-08  4.16181729e-07 -2.95451403e-08\n   1.94784275e-04 -8.62268946e-07 -4.39719092e-07 -2.42367154e-06\n  -1.73522566e-07 -3.95607631e-08 -1.68986414e-11  2.02518458e-12\n   2.71898205e-13]\n [ 7.44301185e-14 -3.57305802e-07  1.98720978e-07 -9.01914250e-07\n   1.57959613e-09 -1.30118881e-06  2.59451023e-11 -2.87357945e-13\n  -5.05744956e-14 -2.42017528e-07 -1.23877046e-07  1.04339064e-08\n  -1.83627446e-07  4.25180318e-05 -3.06743454e-07 -4.73028893e-07\n   6.43831540e-07  1.85793899e-08  2.57248265e-07 -1.29783459e-05\n   3.23110563e-07 -1.86007260e-07  6.31117619e-08  5.10109358e-07\n   1.22834437e-04  4.18337871e-07  1.65812891e-07  8.53191940e-08\n  -2.42367560e-06 -1.73522566e-07 -3.95607598e-08  1.56017635e-04\n  -2.16308983e-07 -2.53937191e-07  2.32033087e-11  5.17788427e-12\n   3.61774633e-14]\n [ 2.50404988e-10 -5.27021500e-11 -8.95754798e-12 -8.06853958e-10\n   2.89567079e-11  2.59451023e-11 -1.50768575e-07  1.68768611e-10\n  -8.35764325e-10  2.11948672e-11 -8.41967780e-11  2.53610189e-12\n   8.00867195e-12 -1.61328269e-08 -8.49465527e-11  4.19500127e-11\n   1.80012128e-10  1.70154854e-12 -2.08385549e-12  6.19444672e-09\n  -8.50421674e-11 -3.27405152e-12  4.18754144e-12 -1.54647755e-12\n   8.24774119e-08 -3.57129241e-10 -2.20777221e-11  1.25374402e-12\n   1.04952221e-09  8.89752829e-12  1.74732795e-11  8.27877905e-10\n  -7.11573658e-12  7.63066034e-13 -1.55046064e-07  1.04272896e-07\n  -1.49677990e-09]\n [-2.06516851e-12 -6.14521189e-13 -4.64288092e-13  1.40522618e-12\n   2.99994146e-13 -2.87357945e-13  1.68768611e-10  5.04355885e-12\n   5.09725813e-12  1.64584267e-13 -1.05033610e-12  1.08956896e-14\n   1.55245326e-14 -1.15983076e-10  2.29318162e-12 -3.25336675e-12\n  -1.86126733e-12  2.88203674e-14 -3.31954351e-14 -9.91764003e-11\n  -2.78587595e-13  2.59523860e-13  5.58486503e-15  1.90637584e-14\n  -3.85525795e-10  3.28394054e-12 -3.40754542e-13 -1.02123176e-14\n   3.72350179e-12  1.62505772e-13 -3.41029588e-13 -1.62618044e-11\n  -2.66315186e-13 -1.17390071e-13 -8.50376269e-10  3.13150156e-10\n   2.15794816e-11]\n [-2.97220452e-12 -2.11321499e-12 -3.05400409e-13  4.67861489e-13\n  -2.22859870e-14 -5.05744956e-14 -8.35764325e-10  5.09725813e-12\n   2.01218520e-12 -1.01980651e-13  3.93579490e-13 -8.59140904e-14\n   3.97736305e-14 -1.76343289e-12 -2.07470840e-12 -1.30003931e-12\n  -1.41730992e-13  5.19658598e-14  1.45782760e-14 -3.07673510e-11\n   4.27868469e-13 -8.24371323e-13 -7.16295780e-14  3.48118128e-15\n  -3.92427241e-10 -1.24936732e-12  2.14848592e-13  5.02918834e-15\n   7.32962049e-12  4.11533509e-13 -6.06294342e-14 -1.33756781e-11\n  -1.03318750e-13  8.08277160e-14  2.40499691e-10 -8.26806303e-10\n  -8.14067802e-12]\n [ 4.11988581e-13  2.12923608e-06 -1.14983718e-06  2.60913182e-08\n  -3.18608678e-07 -2.42017528e-07  2.11948672e-11  1.64584267e-13\n  -1.01980651e-13 -1.39900590e-06 -1.21558122e-07 -9.80872522e-08\n   3.68771126e-08 -2.42357763e-04  1.45930808e-06  3.58571831e-07\n  -2.47291716e-07  1.73395981e-07  7.56841336e-08  1.21574776e-04\n  -6.10890437e-07 -1.21668983e-06 -6.81396912e-08  1.20721898e-07\n  -1.71071533e-06 -4.09251685e-07  1.96947984e-07  1.03810637e-08\n   3.64751561e-05 -1.96407674e-07 -5.53591537e-08  2.67835294e-05\n  -6.58168480e-08 -7.25747152e-08 -3.15579345e-11 -2.34159134e-11\n   1.10544259e-13]\n [ 5.38244031e-13  1.10651736e-06 -1.17736641e-08 -1.17647338e-06\n  -1.38063964e-07 -1.23877046e-07 -8.41967780e-11 -1.05033610e-12\n   3.93579490e-13 -1.21558122e-07 -1.02932068e-06  4.55640656e-08\n   3.16755843e-08 -1.16283580e-04  1.55834760e-06  1.58012471e-06\n   5.55530610e-07  4.46701068e-08  4.12733211e-08 -1.58821859e-06\n   2.61388067e-07 -3.21077120e-07  1.50329866e-07 -2.93728085e-08\n   1.34793866e-04 -2.11854915e-07 -3.11472402e-08  6.13860428e-09\n   2.01025180e-05  4.55342333e-08  6.19211981e-08  1.44938733e-05\n   2.12133816e-08  6.23035112e-08  3.68875059e-11  1.71305057e-11\n  -3.73783121e-14]\n [-1.24080603e-13  1.37693618e-08 -1.39647143e-07  3.21765674e-07\n  -2.32364938e-07  1.04339064e-08  2.53610189e-12  1.08956896e-14\n  -8.59140904e-14 -9.80872522e-08  4.55640656e-08 -1.21323765e-07\n   5.72035857e-09 -8.00924336e-06 -5.53185235e-07 -2.93471296e-07\n  -1.85465342e-07  3.99885137e-08  7.95416486e-09  1.40398833e-05\n  -1.11885511e-07 -1.05323806e-07  5.36945519e-08  3.68623712e-09\n  -3.73388679e-05  1.69274105e-07  1.75836282e-08 -4.51682672e-09\n   2.61494139e-05 -1.19453589e-07 -1.53307499e-07 -2.38527988e-06\n  -3.49644034e-08 -3.27737491e-08 -4.30782239e-12  7.04693856e-12\n  -7.24781438e-14]\n [-1.66339941e-13 -1.62146725e-07 -3.11887084e-07 -5.14083175e-07\n   9.00002191e-09 -1.83627446e-07  8.00867195e-12  1.55245326e-14\n   3.97736305e-14  3.68771126e-08  3.16755843e-08  5.72035857e-09\n  -7.68276926e-08  2.24716704e-05  5.06484217e-08  3.75521889e-08\n   2.13477530e-07  7.33108063e-09  3.06262156e-08  3.57881582e-05\n  -8.52313335e-08 -1.53232848e-07  2.10197209e-08  6.17541879e-08\n   6.26063590e-05 -8.89456015e-08 -6.09910752e-08  1.54120062e-08\n  -2.03380384e-06 -3.25261627e-08 -2.57856206e-08  2.25673046e-05\n  -2.73475909e-08 -4.63648859e-08  2.76946311e-12  1.28418206e-14\n  -3.08785796e-14]\n [-1.87719858e-10  1.44613025e-03  1.05330124e-04  2.56480052e-04\n  -6.02620519e-05  4.25180318e-05 -1.61328269e-08 -1.15983076e-10\n  -1.76343289e-12 -2.42357763e-04 -1.16283580e-04 -8.00924336e-06\n   2.24716704e-05 -1.54680942e-01  1.47460087e-03  1.02733391e-03\n  -1.40097173e-04  3.99355002e-05  2.38342399e-05 -1.42633592e-02\n   4.27052832e-05 -1.53530711e-04  7.47212782e-06  8.71989136e-06\n  -3.06577592e-02 -8.21294340e-06  1.06567845e-04 -3.87329881e-06\n   8.07221098e-03  1.50332729e-06  4.51201548e-05 -5.23887988e-03\n   2.56708505e-05  4.66717453e-05  9.14017933e-09  1.74611480e-08\n   1.92521394e-10]\n [-1.66900732e-12 -1.64839674e-05  4.64989300e-08  3.11370747e-07\n  -5.11637398e-08 -3.06743454e-07 -8.49465527e-11  2.29318162e-12\n  -2.07470840e-12  1.45930808e-06  1.55834760e-06 -5.53185235e-07\n   5.06484217e-08  1.47460087e-03 -4.25900780e-05 -2.51504943e-05\n   3.45409647e-07 -7.06975514e-08 -7.49011123e-08  4.27052719e-05\n   3.50339662e-06  3.06478894e-06  7.60773207e-08 -6.19979657e-08\n  -8.21300999e-06  3.94223549e-06  1.07569899e-06 -1.83469309e-09\n   1.50333157e-06  1.67988666e-07 -4.55923355e-07  2.56708511e-05\n  -9.61526682e-07 -7.33015517e-07  4.78412960e-11 -1.29755624e-10\n  -3.49360980e-12]\n [-1.20547691e-12 -1.13720027e-05  1.65256677e-06 -7.65357187e-07\n  -4.53676237e-07 -4.73028893e-07  4.19500127e-11 -3.25336675e-12\n  -1.30003931e-12  3.58571831e-07  1.58012471e-06 -2.93471296e-07\n   3.75521889e-08  1.02733391e-03 -2.51504943e-05 -1.93410795e-05\n   3.01897504e-07  3.37900703e-08 -4.90002254e-08 -1.53530696e-04\n   3.06478886e-06  2.72251485e-06  6.20812119e-08  5.69919791e-08\n   1.06567831e-04  1.07569904e-06  4.96742938e-07  5.57040709e-09\n   4.51201589e-05 -4.55923492e-07 -6.31823048e-07  4.66717534e-05\n  -7.33015618e-07 -7.10447789e-07  2.77032135e-11  4.53372708e-10\n   2.08206645e-12]\n [ 1.98111170e-12  1.19490176e-06  3.67890777e-06  6.65503391e-06\n  -4.76906386e-07  6.43831540e-07  1.80012128e-10 -1.86126733e-12\n  -1.41730992e-13 -2.47291716e-07  5.55530610e-07 -1.85465342e-07\n   2.13477530e-07 -1.40097173e-04  3.45409647e-07  3.01897504e-07\n  -3.62786919e-06 -5.48500613e-08  1.81468838e-09 -4.44558117e-04\n  -1.28594979e-06  9.10045248e-07  1.28402158e-08 -9.23829698e-08\n  -7.78912440e-04  1.70450009e-06  3.29614101e-07 -6.86763011e-08\n   5.69572311e-05  2.30848049e-07 -2.04299166e-08 -7.98269260e-05\n   1.33524123e-07  9.23475721e-08  2.40026612e-10  2.99811219e-11\n  -2.64962518e-13]\n [ 3.89167264e-14 -3.27706668e-07  4.12497533e-07  3.59025516e-07\n   4.54808363e-07  1.85793899e-08  1.70154854e-12  2.88203674e-14\n   5.19658598e-14  1.73395981e-07  4.46701068e-08  3.99885137e-08\n   7.33108063e-09  3.99355002e-05 -7.06975514e-08  3.37900703e-08\n  -5.48500613e-08 -2.14770956e-07  1.48386182e-08 -4.28612327e-05\n   1.82609038e-07  4.11390535e-07 -2.31570096e-07 -5.63170579e-08\n  -4.63954342e-05  1.67043858e-07 -4.20550800e-08  7.20596239e-09\n  -5.42208894e-05  1.63509365e-07  4.03789884e-08 -2.53021985e-06\n   1.63913747e-08 -2.63183266e-09 -2.70252609e-12  1.65560395e-12\n  -2.92915102e-14]\n [-1.00063498e-13 -2.25842985e-07 -4.78048686e-07  8.07676019e-08\n   1.47255855e-08  2.57248265e-07 -2.08385549e-12 -3.31954351e-14\n   1.45782760e-14  7.56841336e-08  4.12733211e-08  7.95416486e-09\n   3.06262156e-08  2.38342399e-05 -7.49011123e-08 -4.90002254e-08\n   1.81468838e-09  1.48386182e-08 -1.46088033e-07  5.92165902e-05\n   1.28114540e-07  2.74342170e-07 -2.40845204e-08 -9.47336270e-08\n  -9.16532926e-06  1.84097566e-07  5.74256071e-08 -1.67175477e-08\n  -1.85272728e-06  1.81655615e-08  6.01372174e-09 -3.01960430e-05\n   8.84016332e-08  4.65897374e-08  3.50535235e-12 -3.73559692e-12\n   3.70852134e-15]\n [ 5.49668723e-11  1.05330123e-04  2.36686020e-03  8.00518564e-04\n  -5.99570467e-05 -1.29783459e-05  6.19444672e-09 -9.91764003e-11\n  -3.07673510e-11  1.21574776e-04 -1.58821859e-06  1.40398833e-05\n   3.57881582e-05 -1.42633592e-02  4.27052719e-05 -1.53530696e-04\n  -4.44558117e-04 -4.28612327e-05  5.92165902e-05 -2.67478071e-01\n   7.04891083e-04  9.38537330e-04  5.66018422e-05 -3.30737338e-05\n  -9.26014636e-02 -3.92440713e-05  1.56641692e-04 -4.18716526e-06\n   8.82599624e-03  6.24231779e-05  4.74583282e-05  1.91717895e-04\n  -4.17236762e-05  1.67338912e-05  3.88206965e-08 -1.98654587e-09\n   1.17367791e-10]\n [-1.79789731e-12  4.64991087e-08 -7.72808711e-06  1.51308413e-07\n  -6.58142907e-07  3.23110563e-07 -8.50421674e-11 -2.78587595e-13\n   4.27868469e-13 -6.10890437e-07  2.61388067e-07 -1.11885511e-07\n  -8.52313335e-08  4.27052832e-05  3.50339662e-06  3.06478886e-06\n  -1.28594979e-06  1.82609038e-07  1.28114540e-07  7.04891083e-04\n  -1.88323664e-05 -1.24310492e-05  5.71699863e-08  8.81038892e-08\n  -3.92440905e-05 -1.98474798e-06 -1.13467214e-06 -2.07999403e-08\n   6.24231778e-05 -6.36536221e-07 -8.96475242e-07 -4.17236782e-05\n  -6.39500984e-07 -4.37544895e-07 -4.13794315e-10  1.10729280e-10\n  -1.14189154e-12]\n [-2.62941688e-13  1.65256708e-06 -9.60247751e-06 -1.47991653e-06\n  -5.08465125e-07 -1.86007260e-07 -3.27405152e-12  2.59523860e-13\n  -8.24371323e-13 -1.21668983e-06 -3.21077120e-07 -1.05323806e-07\n  -1.53232848e-07 -1.53530711e-04  3.06478894e-06  2.72251485e-06\n   9.10045248e-07  4.11390535e-07  2.74342170e-07  9.38537330e-04\n  -1.24310492e-05 -1.41517131e-05  9.67571897e-08  1.16520840e-07\n   1.56641718e-04 -1.13467198e-06 -1.24963104e-06  2.26997269e-08\n   4.74583298e-05 -8.96475208e-07 -7.12520538e-07  1.67338961e-05\n  -4.37544904e-07 -4.36972097e-07 -4.78655955e-11 -1.12045309e-10\n  -1.35388512e-13]\n [ 3.08130001e-13 -4.35628094e-08 -4.53547138e-07  5.35220240e-07\n   6.34589659e-07  6.31117619e-08  4.18754144e-12  5.58486503e-15\n  -7.16295780e-14 -6.81396912e-08  1.50329866e-07  5.36945519e-08\n   2.10197209e-08  7.47212782e-06  7.60773207e-08  6.20812119e-08\n   1.28402158e-08 -2.31570096e-07 -2.40845204e-08  5.66018422e-05\n   5.71699863e-08  9.67571897e-08 -4.20216492e-07 -2.67456452e-08\n  -6.74367086e-05  1.14449113e-07  3.56713934e-08  8.27972027e-09\n  -7.65669712e-05  1.67947905e-07  7.90724572e-08 -7.38678406e-06\n   4.19388411e-08 -1.00052581e-08 -2.01993106e-11  4.55186890e-12\n   5.23703580e-14]\n [-8.63776617e-14 -9.01822944e-08  2.74398282e-07  3.80274690e-07\n   5.45933680e-08  5.10109358e-07 -1.54647755e-12  1.90637584e-14\n   3.48118128e-15  1.20721898e-07 -2.93728085e-08  3.68623712e-09\n   6.17541879e-08  8.71989136e-06 -6.19979657e-08  5.69919791e-08\n  -9.23829698e-08 -5.63170579e-08 -9.47336270e-08 -3.30737338e-05\n   8.81038892e-08  1.16520840e-07 -2.67456452e-08 -3.90573431e-07\n  -4.94930445e-05  4.45323620e-08  1.35880317e-08 -3.13054937e-08\n  -5.92596627e-06  6.26692785e-08 -2.45666638e-08 -6.40613794e-05\n  -4.79740705e-08  7.43311792e-08 -1.21730444e-11 -2.00226574e-12\n  -4.97289959e-14]\n [-1.54281824e-10  2.56479922e-04  8.00518470e-04  2.80308692e-03\n   2.61653547e-05  1.22834437e-04  8.24774119e-08 -3.85525795e-10\n  -3.92427241e-10 -1.71071533e-06  1.34793866e-04 -3.73388679e-05\n   6.26063590e-05 -3.06577592e-02 -8.21300999e-06  1.06567831e-04\n  -7.78912440e-04 -4.63954342e-05 -9.16532926e-06 -9.26014636e-02\n  -3.92440905e-05  1.56641718e-04 -6.74367086e-05 -4.94930445e-05\n  -3.22401645e-01  1.24756936e-03  3.14499372e-04 -1.30558549e-05\n  -4.46028423e-03  2.12061195e-05 -4.08881647e-05 -1.62980155e-02\n  -2.92847833e-05 -8.72570447e-06  9.63682052e-08  6.29014837e-09\n   5.30318509e-11]\n [ 5.04852251e-12  3.11369894e-07  1.51307245e-07 -1.18544606e-05\n  -5.56836246e-08  