{'theta_hat': '[-1.05090520e-10 -6.21637663e-04 -2.28053603e-03 -5.94868026e-03\n  9.37322384e-04  2.54171328e-05  3.81879063e-09  2.10339320e-11\n -1.62148406e-10  3.46841863e-04 -3.73325040e-04  2.22280864e-04\n  7.61570833e-05  1.05613371e-01  4.65354600e-03  3.26466573e-04\n  1.59823101e-03 -2.98670649e-04  1.01859255e-04  2.42549415e-01\n -1.24375204e-03 -1.89791983e-03 -3.58528266e-04  4.65251653e-06\n  6.37326353e-01 -4.36269582e-03 -2.52560119e-03  1.86172489e-05\n -9.99807904e-02  8.36107223e-04  2.80748927e-04 -2.56157996e-03\n  7.25268165e-05 -3.13897612e-05  1.10329599e-08  1.01878180e-08\n -1.00893772e-10]', 'theta_bar': '[ 6.37904665e-03  3.13830186e-04 -1.99254273e-03 -3.37161390e-03\n  3.84288071e-04  2.01175640e-05 -6.75365531e-01  4.98597372e-03\n  3.85190356e-03 -3.56201109e-05 -1.62989968e-04  4.78915325e-05\n  1.46024820e-05 -2.94887008e-02  7.61549673e-04  2.09535856e-04\n  1.10384922e-03 -1.26215544e-04 -8.20450073e-06  2.14546340e-01\n -1.20307797e-03 -9.90707902e-04 -2.64387013e-04 -3.58219583e-05\n  3.65091919e-01 -2.02989132e-03 -1.28639475e-03  1.22108158e-05\n -4.27909605e-02  1.85882042e-04 -1.96937776e-05 -2.95910204e-03\n -2.62397446e-05 -9.12589298e-05 -4.89897796e-01 -3.74040260e-01\n  5.53673085e-03]', 'grad_op_sum': '[[ 8.97448534e-21  2.35084217e-13  2.09420403e-13  3.87105729e-13\n  -4.91995248e-14  2.60755638e-15 -2.33811796e-19  2.75032804e-22\n   1.55376205e-20 -2.57618079e-14 -1.09133686e-14 -6.89060026e-15\n  -5.72395683e-15 -2.34265550e-11  2.47097961e-13  3.38850711e-13\n  -1.16551129e-13  1.74080714e-14 -8.48001628e-15 -2.15215620e-11\n   1.84333754e-13  2.24271254e-13  2.05627387e-14 -2.88749365e-16\n  -4.19230045e-11  2.23282796e-13  1.59931491e-13 -1.04440933e-15\n   5.52295234e-12 -1.76977129e-14  2.82811663e-15 -2.12126099e-13\n   5.35848204e-15  9.43344760e-15 -1.02024033e-18 -9.75835044e-19\n   1.01183579e-20]\n [ 2.35084217e-13  1.22858206e-05  5.81972565e-06  3.30739293e-06\n   3.13482377e-07  2.87275968e-07 -6.44357938e-14  1.43193967e-13\n   5.17994823e-13 -8.22637595e-07 -2.09519028e-06  1.93370460e-07\n  -1.30443066e-07 -1.11820817e-03  2.56680258e-05  2.08699068e-05\n  -1.72206155e-06 -5.12691360e-08 -1.85591866e-07 -5.69136232e-04\n   7.45940505e-06  8.65230291e-06 -8.41299023e-08 -7.52370745e-08\n  -3.61031963e-04  4.35485479e-07  2.82250601e-06  6.16228238e-09\n  -2.12232664e-05  1.38270984e-06  9.55959480e-07 -2.66630924e-05\n   5.22570157e-07  4.93809028e-07 -3.18493611e-11 -3.25092693e-11\n   3.63678545e-13]\n [ 2.09420403e-13  5.81972565e-06  4.94634271e-06  9.37421121e-06\n  -1.20634841e-06  5.77768651e-08 -5.88832758e-12 -3.28299859e-15\n   3.54654110e-13 -5.37476080e-07 -2.58114143e-07 -1.31823095e-07\n  -1.30760904e-07 -5.69136255e-04  7.45940485e-06  8.65230268e-06\n  -2.81761652e-06  4.39174996e-07 -2.03428440e-07 -5.08141204e-04\n   4.44470795e-06  5.20822065e-06  5.19307338e-07  7.99868422e-09\n  -1.01976421e-03  5.01523834e-06  3.52571626e-06 -2.64589790e-08\n   1.36465086e-04 -3.22179795e-07  1.19382547e-07 -4.39585741e-06\n   1.47618037e-07  2.28582958e-07 -2.34418420e-11 -2.22755890e-11\n   2.29076862e-13]\n [ 3.87105729e-13  3.30739293e-06  9.37421121e-06  3.66447552e-05\n  -6.42469875e-06 -3.90980434e-07 -3.00201688e-11 -4.35471959e-13\n   3.05097100e-13  2.93117723e-07  3.19118414e-06 -5.65648634e-07\n  -2.38473026e-07 -3.61031963e-04  4.35485373e-07  2.82250653e-06\n  -9.45630957e-06  2.36371629e-06 -5.36773507e-07 -1.01976413e-03\n   5.01523808e-06  3.52571668e-06  2.84997398e-06  3.81375981e-07\n  -4.04134733e-03  1.73947476e-05  6.14528348e-06 -1.50068118e-07\n   7.10540186e-04 -2.99206412e-06 -7.69422269e-07  4.38381990e-05\n  -1.64899567e-07  4.55213384e-08 -2.71503193e-11 -1.92379088e-11\n   1.12000978e-13]\n [-4.91995248e-14  3.13482377e-07 -1.20634841e-06 -6.42469875e-06\n   1.20210734e-06  9.58752503e-08  5.55558233e-12  9.43951136e-14\n  -6.90627108e-15 -1.50372475e-07 -7.48851483e-07  1.05236772e-07\n   3.03216809e-08 -2.12232673e-05  1.38270964e-06  9.55959457e-07\n   1.58794557e-06 -4.41780482e-07  8.26243238e-08  1.36465086e-04\n  -3.22179757e-07  1.19382547e-07 -5.34456475e-07 -8.10837112e-08\n   7.10540258e-04 -2.99206416e-06 -7.69422273e-07  2.82943234e-08\n  -1.32292327e-04  6.14468981e-07  1.96324086e-07 -1.03665833e-05\n   6.44089114e-08  3.04015604e-08  1.97924522e-12  4.50122572e-13\n   1.40863090e-14]\n [ 2.60755638e-15  2.87275968e-07  5.77768651e-08 -3.90980434e-07\n   9.58752503e-08  1.40358093e-08  4.25770751e-13  1.11585476e-14\n   1.35565775e-14 -3.88364491e-08 -1.02411371e-07  8.23558086e-09\n  -1.60084538e-09 -2.66630889e-05  5.22570161e-07  4.93808988e-07\n   7.56337835e-08 -3.50937085e-08  1.58130075e-09 -4.39585336e-06\n   1.47618043e-07  2.28582932e-07 -4.29607643e-08 -9.19813232e-09\n   4.38382110e-05 -1.64899571e-07  4.55212936e-08  2.31700528e-09\n  -1.03665841e-05  6.44089137e-08  3.04015623e-08 -1.43531840e-06\n   1.45807388e-08  1.33716081e-08 -7.13904988e-13 -8.49524500e-13\n   1.09750562e-14]\n [-2.33811796e-19 -6.44357938e-14 -5.88832758e-12 -3.00201688e-11\n   5.55558233e-12  4.25770751e-13  2.61698677e-17  4.43388977e-19\n  -3.70703158e-20 -7.99880284e-13 -3.26274193e-12  3.90593852e-13\n   1.36166964e-13  1.85089863e-11  5.95325656e-13  1.34457451e-12\n   7.50049557e-12 -2.07453198e-12  3.96288842e-13  6.59542640e-10\n  -2.19812300e-12  1.65010341e-13 -2.50759061e-12 -3.99701054e-13\n   3.32950267e-09 -1.30173480e-11 -3.08433774e-12  1.32660717e-13\n  -6.15074832e-10  2.46871407e-12  7.00222339e-13 -4.68289543e-11\n   2.06168195e-13  9.04535183e-14  9.60220271e-18  2.40512615e-18\n   6.31663380e-20]\n [ 2.75032804e-22  1.43193967e-13 -3.28299859e-15 -4.35471959e-13\n   9.43951136e-14  1.11585476e-14  4.43388977e-19  1.01187686e-20\n   8.72795738e-21 -3.37995614e-14 -7.99298512e-14  4.52527017e-15\n  -4.66213530e-16 -1.39982817e-11  1.65390544e-13  2.38656089e-13\n   9.65992183e-14 -3.58413981e-14  3.67514703e-15  1.55845243e-12\n   6.40893457e-14  1.41689812e-13 -4.36181698e-14 -9.14686075e-15\n   4.89193962e-11 -1.54727532e-13  2.91889431e-14  2.33428479e-15\n  -1.04040438e-11  4.45085488e-14  1.74528837e-14 -1.18134576e-12\n   7.92327296e-15  7.83385902e-15 -4.12250360e-19 -5.46429978e-19\n   7.64294443e-21]\n [ 1.55376205e-20  5.17994823e-13  3.54654110e-13  3.05097100e-13\n  -6.90627108e-15  1.35565775e-14 -3.70703158e-20  8.72795738e-21\n   3.36353365e-20 -7.15436221e-14 -8.38580744e-14 -8.06401217e-15\n  -1.01472869e-14 -5.13977078e-11  5.56610105e-13  7.72965022e-13\n  -1.20029245e-13  4.50562090e-16 -1.14698774e-14 -3.54502299e-11\n   3.66836326e-13  4.98317034e-13 -5.13829399e-16 -7.95811660e-15\n  -3.16064287e-11  2.54702488e-13  2.96714014e-13  1.23107566e-16\n   9.32298856e-13  6.12912082e-15  1.90701885e-14 -1.32613328e-12\n   1.56099313e-14  2.24900595e-14 -2.07730177e-18 -2.11104694e-18\n   2.35029011e-20]\n [-2.57618079e-14 -8.22637595e-07 -5.37476080e-07  2.93117723e-07\n  -1.50372475e-07 -3.88364491e-08 -7.99880284e-13 -3.37995614e-14\n  -7.15436221e-14  2.02136008e-07  2.40306088e-07  2.56860787e-08\n   1.89931137e-08  8.81504345e-05 -4.82489092e-08 -1.10315454e-06\n   6.38120513e-09  6.75516607e-08  1.03654330e-08  5.21106298e-05\n  -5.92839039e-07 -1.01752209e-06  8.35415955e-08  3.44702867e-08\n  -3.93110831e-05 -3.36674301e-07 -6.55079612e-07 -4.61124720e-09\n   1.70361329e-05 -1.08265936e-08 -2.01501339e-08  4.07929780e-06\n  -2.15711774e-08 -4.17067852e-08  4.17256746e-12  4.48763635e-12\n  -5.29869971e-14]\n [-1.09133686e-14 -2.09519028e-06 -2.58114143e-07  3.19118414e-06\n  -7.48851483e-07 -1.02411371e-07 -3.26274193e-12 -7.99298512e-14\n  -8.38580744e-14  2.40306088e-07  7.66844841e-07 -8.22088446e-08\n   5.22774418e-09  1.89048872e-04 -4.47678715e-06 -3.74261725e-06\n  -6.44065879e-07  2.68293015e-07 -1.78508324e-08  1.47616208e-05\n  -1.00125610e-06 -1.49978896e-06  3.28090627e-07  6.27993252e-08\n  -3.54890570e-04  1.55727201e-06 -9.46654014e-08 -1.76498245e-08\n   8.05930968e-05 -5.46296488e-07 -2.51563908e-07  1.04186290e-05\n  -1.15346710e-07 -9.58245664e-08  4.24001943e-12  5.25308640e-12\n  -7.00335478e-14]\n [-6.89060026e-15  1.93370460e-07 -1.31823095e-07 -5.65648634e-07\n   1.05236772e-07  8.23558086e-09  3.90593852e-13  4.52527017e-15\n  -8.06401217e-15  2.56860787e-08 -8.22088446e-08  2.98881004e-08\n   5.94738719e-09 -1.17509029e-05  1.11603202e-06  4.90611209e-07\n   1.35232795e-07 -3.17058477e-08  7.17195864e-09  1.50222643e-05\n   1.89505879e-08 -3.94668456e-08 -3.85087534e-08 -7.37192748e-11\n   6.01708825e-05 -4.80909633e-07 -2.33608840e-07  2.03255377e-09\n  -1.09023152e-05  1.24186028e-07  5.27396691e-08 -7.70222817e-07\n   1.95675212e-08  6.76951105e-09  6.04858018e-13  5.07266383e-13\n  -4.33360550e-15]\n [-5.72395683e-15 -1.30443066e-07 -1.30760904e-07 -2.38473026e-07\n   3.03216809e-08 -1.60084538e-09  1.36166964e-13 -4.66213530e-16\n  -1.01472869e-14  1.89931137e-08  5.22774418e-09  5.94738719e-09\n   3.78656354e-09  1.35488855e-05 -6.91815398e-08 -1.74099177e-07\n   7.13663027e-08 -1.01547452e-08  5.20617045e-09  1.34709728e-05\n  -1.09205048e-07 -1.41668586e-07 -1.19925831e-08  7.47756437e-10\n   2.56314431e-05 -1.55405396e-07 -1.11924443e-07  6.07282564e-10\n  -3.34737255e-06  1.67453217e-08  1.22657070e-09  1.40205479e-07\n  -2.12801952e-09 -5.44298363e-09  6.61670683e-13  6.37247296e-13\n  -6.66443241e-15]\n [-2.34265550e-11 -1.11820817e-03 -5.69136255e-04 -3.61031963e-04\n  -2.12232673e-05 -2.66630889e-05  1.85089863e-11 -1.39982817e-11\n  -5.13977078e-11  8.81504345e-05  1.89048872e-04 -1.17509029e-05\n   1.35488855e-05  1.03307604e-01 -2.14675540e-03 -1.86093571e-03\n   1.73903294e-04  3.70402399e-06  1.82095602e-05  5.59356146e-02\n  -6.97810194e-04 -8.35620952e-04  6.53877164e-06  8.56877157e-06\n   3.87985498e-02 -1.24950551e-04 -3.20976438e-04 -5.10264342e-07\n   1.26695199e-03 -1.07021110e-04 -7.93470289e-05  2.49909458e-03\n  -4.52453281e-05 -4.55456094e-05  3.16362341e-09  3.22574803e-09\n  -3.60444737e-11]\n [ 2.47097961e-13  2.56680258e-05  7.45940485e-06  4.35485373e-07\n   1.38270964e-06  5.22570161e-07  5.95325656e-13  1.65390544e-13\n   5.56610105e-13 -4.82489092e-08 -4.47678715e-06  1.11603202e-06\n  -6.91815398e-08 -2.14675540e-03  7.70718667e-05  4.83328526e-05\n  -1.71051987e-06 -1.60008317e-07 -2.37146923e-07 -6.97810154e-04\n   1.33142106e-05  1.21088322e-05 -2.34154887e-07  6.87898603e-08\n  -1.24950540e-04 -9.24271726e-06 -1.94341479e-06  1.49020932e-08\n  -1.07021097e-04  5.14202166e-06  2.92368020e-06 -4.52453311e-05\n   1.37212141e-06  9.54260245e-07 -3.40376626e-11 -3.49307617e-11\n   3.93055307e-13]\n [ 3.38850711e-13  2.08699068e-05  8.65230268e-06  2.82250653e-06\n   9.55959457e-07  4.93808988e-07  1.34457451e-12  2.38656089e-13\n   7.72965022e-13 -1.10315454e-06 -3.74261725e-06  4.90611209e-07\n  -1.74099177e-07 -1.86093571e-03  4.83328526e-05  3.64715004e-05\n  -2.17299447e-06 -2.01374287e-07 -2.65355338e-07 -8.35620892e-04\n   1.21088321e-05  1.35132934e-05 -2.79946260e-07 -1.02556139e-07\n  -3.20976445e-04 -1.94341415e-06  3.07141635e-06  1.75054676e-08\n  -7.93470312e-05  2.92368057e-06  1.84462436e-06 -4.55456105e-05\n   9.54260199e-07  8.27980928e-07 -4.71232069e-11 -4.85068290e-11\n   5.47601556e-13]\n [-1.16551129e-13 -1.72206155e-06 -2.81761652e-06 -9.45630957e-06\n   1.58794557e-06  7.56337835e-08  7.50049557e-12  9.65992183e-14\n  -1.20029245e-13  6.38120513e-09 -6.44065879e-07  1.35232795e-07\n   7.13663027e-08  1.73903294e-04 -1.71051987e-06 -2.17299447e-06\n   2.50617842e-06 -5.86403455e-07  1.49179364e-07  3.01609087e-04\n  -1.82195299e-06 -1.58053923e-06 -7.05344790e-07 -8.69980899e-08\n   1.04162784e-03 -4.48820932e-06 -1.82992663e-06  3.70019372e-08\n  -1.76393946e-04  6.71464396e-07  1.32860105e-07 -8.86501379e-06\n   6.22531813e-09 -4.83135298e-08  9.47509632e-12  7.55550183e-12\n  -5.87541866e-14]\n [ 1.74080714e-14 -5.12691360e-08  4.39174996e-07  2.36371629e-06\n  -4.41780482e-07 -3.50937085e-08 -2.07453198e-12 -3.58413981e-14\n   4.50562090e-16  6.75516607e-08  2.68293015e-07 -3.17058477e-08\n  -1.01547452e-08  3.70402399e-06 -1.60008317e-07 -2.01374287e-07\n  -5.86403455e-07  1.64711605e-07 -3.05376872e-08 -4.95783915e-05\n   1.39574229e-07 -5.40560622e-08  1.99198020e-07  3.20851725e-08\n  -2.62202491e-04  1.02797680e-06  2.29935889e-07 -1.05463834e-08\n   4.88527433e-05 -2.01608178e-07 -5.97098510e-08  3.83759776e-06\n  -1.86853115e-08 -9.45445360e-09 -6.08289307e-13 -3.45088356e-14\n  -6.75520846e-15]\n [-8.48001628e-15 -1.85591866e-07 -2.03428440e-07 -5.36773507e-07\n   8.26243238e-08  1.58130075e-09  3.96288842e-13  3.67514703e-15\n  -1.14698774e-14  1.03654330e-08 -1.78508324e-08  7.17195864e-09\n   5.20617045e-09  1.82095602e-05 -2.37146923e-07 -2.65355338e-07\n   1.49179364e-07 -3.05376872e-08  9.60681398e-09  2.13333140e-05\n  -1.58465072e-07 -1.63118726e-07 -3.65463747e-08 -3.49433608e-09\n   5.89172144e-05 -2.61512345e-07 -1.35210336e-07  1.90139322e-09\n  -9.24359447e-06  2.95281572e-08  1.61523482e-09 -2.36598964e-07\n  -3.10259979e-09 -6.53084823e-09  8.15745884e-13  7.21033753e-13\n  -6.70685744e-15]\n [-2.15215620e-11 -5.69136232e-04 -5.08141204e-04 -1.01976413e-03\n   1.36465086e-04 -4.39585336e-06  6.59542640e-10  1.55845243e-12\n  -3.54502299e-11  5.21106298e-05  1.47616208e-05  1.50222643e-05\n   1.34709728e-05  5.59356146e-02 -6.97810154e-04 -8.35620892e-04\n   3.01609087e-04 -4.95783915e-05  2.13333140e-05  5.23856110e-02\n  -4.44340772e-04 -5.16144591e-04 -5.87922189e-05 -1.76479659e-06\n   1.11041858e-01 -5.44350491e-04 -3.64326147e-04  3.00983169e-06\n  -1.53700732e-02  4.21621423e-05 -8.28352644e-06  2.94414543e-04\n  -1.34241849e-05 -2.21567772e-05  2.36304096e-09  2.22681855e-09\n  -2.26559831e-11]\n [ 1.84333754e-13  7.45940505e-06  4.44470795e-06  5.01523808e-06\n  -3.22179757e-07  1.47618043e-07 -2.19812300e-12  6.40893457e-14\n   3.66836326e-13 -5.92839039e-07 -1.00125610e-06  1.89505879e-08\n  -1.09205048e-07 -6.97810194e-04  1.33142106e-05  1.21088321e-05\n  -1.82195299e-06  1.39574229e-07 -1.58465072e-07 -4.44340772e-04\n   4.91564955e-06  5.79954220e-06  1.54742528e-07 -3.50456711e-08\n  -5.44350491e-04  2.26176538e-06  2.69856712e-06 -7.04788451e-09\n   4.21621363e-05  4.29184665e-07  4.36682161e-07 -1.34241892e-05\n   2.74146286e-07  2.99692458e-07 -2.31576699e-11 -2.30290531e-11\n   2.50214323e-13]\n [ 2.24271254e-13  8.65230291e-06  5.20822065e-06  3.52571668e-06\n   1.19382547e-07  2.28582932e-07  1.65010341e-13  1.41689812e-13\n   4.98317034e-13 -1.01752209e-06 -1.49978896e-06 -3.94668456e-08\n  -1.41668586e-07 -8.35620952e-04  1.21088322e-05  1.35132934e-05\n  -1.58053923e-06 -5.40560622e-08 -1.63118726e-07 -5.16144591e-04\n   5.79954220e-06  7.61850863e-06 -8.23622188e-08 -1.16676972e-07\n  -3.64326180e-04  2.69856724e-06  3.94066559e-06  5.83337688e-09\n  -8.28352960e-06  4.36682228e-07  4.47659353e-07 -2.21567797e-05\n   2.99692439e-07  3.68920301e-07 -3.05759249e-11 -3.12736127e-11\n   3.50636783e-13]\n [ 2.05627387e-14 -8.41299023e-08  5.19307338e-07  2.84997398e-06\n  -5.34456475e-07 -4.29607643e-08 -2.50759061e-12 -4.36181698e-14\n  -5.13829399e-16  8.35415955e-08  3.28090627e-07 -3.85087534e-08\n  -1.19925831e-08  6.53877164e-06 -2.34154887e-07 -2.79946260e-07\n  -7.05344790e-07  1.99198020e-07 -3.65463747e-08 -5.87922189e-05\n   1.54742528e-07 -8.23622188e-08  2.40946228e-07  3.89766353e-08\n  -3.16173729e-04  1.23951892e-06  2.71019935e-07 -1.27600414e-08\n   5.90809747e-05 -2.45680984e-07 -7.36866181e-08  4.68978373e-06\n  -2.34642197e-08 -1.23380709e-08 -6.70227080e-13  2.47149654e-14\n  -8.90893099e-15]\n [-2.88749365e-16 -7.52370745e-08  7.99868422e-09  3.81375981e-07\n  -8.10837112e-08 -9.19813232e-09 -3.99701054e-13 -9.14686075e-15\n  -7.95811660e-15  3.44702867e-08  6.27993252e-08 -7.37192748e-11\n   7.47756437e-10  8.56877157e-06  6.87898603e-08 -1.02556139e-07\n  -8.69980899e-08  3.20851725e-08 -3.49433608e-09 -1.76479659e-06\n  -3.50456711e-08 -1.16676972e-07  3.89766353e-08  8.97828170e-09\n  -4.32322570e-05  9.72125233e-08 -4.88592906e-08 -2.08337131e-09\n   9.07448083e-06 -2.42107439e-08 -7.45661204e-09  1.00052501e-06\n  -3.61502851e-09 -5.25661480e-09  3.77169825e-13  4.98246423e-13\n  -6.95319627e-15]\n [-4.19230045e-11 -3.61031963e-04 -1.01976421e-03 -4.04134733e-03\n   7.10540258e-04  4.38382110e-05  3.32950267e-09  4.89193962e-11\n  -3.16064287e-11 -3.93110831e-05 -3.54890570e-04  6.01708825e-05\n   2.56314431e-05  3.87985498e-02 -1.24950540e-04 -3.20976445e-04\n   1.04162784e-03 -2.62202491e-04  5.89172144e-05  1.11041858e-01\n  -5.44350491e-04 -3.64326180e-04 -3.16173729e-04 -4.32322570e-05\n   4.46022476e-01 -1.89195479e-03 -6.50862412e-04  1.66532807e-05\n  -7.86434587e-02  3.24226153e-04  8.23516046e-05 -4.91924975e-03\n   1.74952249e-05 -4.51285294e-06  2.87408030e-09  1.99360410e-09\n  -1.08542127e-11]\n [ 2.23282796e-13  4.35485479e-07  5.01523834e-06  1.73947476e-05\n  -2.99206416e-06 -1.64899571e-07 -1.30173480e-11 -1.54727532e-13\n   2.54702488e-13 -3.36674301e-07  1.55727201e-06 -4.80909633e-07\n  -1.55405396e-07 -1.24950551e-04 -9.24271726e-06 -1.94341415e-06\n  -4.48820932e-06  1.02797680e-06 -2.61512345e-07 -5.44350491e-04\n   2.26176538e-06  2.69856724e-06  1.23951892e-06  9.72125233e-08\n  -1.89195479e-03  1.05794609e-05  4.86741524e-06 -6.50752503e-08\n   3.24226128e-04 -2.09515765e-06 -6.95808898e-07  1.74952184e-05\n  -2.00100073e-07  4.67127747e-09 -1.92949172e-11 -1.60240944e-11\n   1.34557885e-13]\n [ 1.59931491e-13  2.82250601e-06  3.52571626e-06  6.14528348e-06\n  -7.69422273e-07  4.55212936e-08 -3.08433774e-12  2.91889431e-14\n   2.96714014e-13 -6.55079612e-07 -9.46654014e-08 -2.33608840e-07\n  -1.11924443e-07 -3.20976438e-04 -1.94341479e-06  3.07141635e-06\n  -1.82992663e-06  2.29935889e-07 -1.35210336e-07 -3.64326147e-04\n   2.69856712e-06  3.94066559e-06  2.71019935e-07 -4.88592906e-08\n  -6.50862412e-04  4.86741524e-06  3.57562654e-06 -1.35943833e-08\n   8.23515944e-05 -6.95808970e-07 -1.63286499e-07 -4.51285337e-06\n   4.67125491e-09  1.29023112e-07 -1.90966060e-11 -1.86308768e-11\n   1.97931515e-13]\n [-1.04440933e-15  6.16228238e-09 -2.64589790e-08 -1.50068118e-07\n   2.82943234e-08  2.31700528e-09  1.32660717e-13  2.33428479e-15\n   1.23107566e-16 -4.61124720e-09 -1.76498245e-08  2.03255377e-09\n   6.07282564e-10 -5.10264342e-07  1.49020932e-08  1.75054676e-08\n   3.70019372e-08 -1.05463834e-08  1.90139322e-09  3.00983169e-06\n  -7.04788451e-09  5.83337688e-09 -1.27600414e-08 -2.08337131e-09\n   1.66532807e-05 -6.50752503e-08 -1.35943833e-08  6.76032678e-10\n  -3.12670438e-06  1.30919142e-08  3.99061287e-09 -2.52370586e-07\n   1.30177203e-09  7.25178433e-10  2.95628268e-14 -7.32765759e-15\n   5.38702995e-16]\n [ 5.52295234e-12 -2.12232664e-05  1.36465086e-04  7.10540186e-04\n  -1.32292327e-04 -1.03665841e-05 -6.15074832e-10 -1.04040438e-11\n   9.32298856e-13  1.70361329e-05  8.05930968e-05 -1.09023152e-05\n  -3.34737255e-06  1.26695199e-03 -1.07021097e-04 -7.93470312e-05\n  -1.76393946e-04  4.88527433e-05 -9.24359447e-06 -1.53700732e-02\n   4.21621363e-05 -8.28352960e-06  5.90809747e-05  9.07448083e-06\n  -7.86434587e-02  3.24226128e-04  8.23515944e-05 -3.12670438e-06\n   1.45867505e-02 -6.48373320e-05 -1.99920135e-05  1.12731581e-03\n  -6.34716419e-06 -2.88477171e-06 -2.29432489e-10 -6.03582310e-11\n  -1.44173549e-12]\n [-1.76977129e-14  1.38270984e-06 -3.22179795e-07 -2.99206412e-06\n   6.14468981e-07  6.44089137e-08  2.46871407e-12  4.45085488e-14\n   6.12912082e-15 -1.08265936e-08 -5.46296488e-07  1.24186028e-07\n   1.67453217e-08 -1.07021110e-04  5.14202166e-06  2.92368057e-06\n   6.71464396e-07 -2.01608178e-07  2.95281572e-08  4.21621423e-05\n   4.29184665e-07  4.36682228e-07 -2.45680984e-07 -2.42107439e-08\n   3.24226153e-04 -2.09515765e-06 -6.95808970e-07  1.30919142e-08\n  -6.48373320e-05  5.93526001e-07  2.58861580e-07 -6.34716385e-06\n   1.04174565e-07  5.69177372e-08  3.14281085e-13 -3.77244411e-13\n   1.27212236e-14]\n [ 2.82811663e-15  9.55959480e-07  1.19382547e-07 -7.69422269e-07\n   1.96324086e-07  3.04015623e-08  7.00222339e-13  1.74528837e-14\n   1.90701885e-14 -2.01501339e-08 -2.51563908e-07  5.27396691e-08\n   1.22657070e-09 -7.93470289e-05  2.92368020e-06  1.84462436e-06\n   1.32860105e-07 -5.97098510e-08  1.61523482e-09 -8.28352644e-06\n   4.36682161e-07  4.47659353e-07 -7.36866181e-08 -7.45661204e-09\n   8.23516046e-05 -6.95808898e-07 -1.63286499e-07  3.99061287e-09\n  -1.99920135e-05  2.58861580e-07  1.28490071e-07 -2.88477180e-06\n   5.69177297e-08  3.78330653e-08 -9.75911090e-13 -1.19473131e-12\n   1.57840004e-14]\n [-2.12126099e-13 -2.66630924e-05 -4.39585741e-06  4.38381990e-05\n  -1.03665833e-05 -1.43531840e-06 -4.68289543e-11 -1.18134576e-12\n  -1.32613328e-12  4.07929780e-06  1.04186290e-05 -7.70222817e-07\n   1.40205479e-07  2.49909458e-03 -4.52453311e-05 -4.55456105e-05\n  -8.86501379e-06  3.83759776e-06 -2.36598964e-07  2.94414543e-04\n  -1.34241892e-05 -2.21567797e-05  4.68978373e-06  1.00052501e-06\n  -4.91924975e-03  1.74952184e-05 -4.51285337e-06 -2.52370586e-07\n   1.12731581e-03 -6.34716385e-06 -2.88477180e-06  1.48078514e-04\n  -1.37110749e-06 -1.27888213e-06  6.83862102e-11  8.30867376e-11\n  -1.09125824e-12]\n [ 5.35848204e-15  5.22570157e-07  1.47618037e-07 -1.64899567e-07\n   6.44089114e-08  1.45807388e-08  2.06168195e-13  7.92327296e-15\n   1.56099313e-14 -2.15711774e-08 -1.15346710e-07  1.95675212e-08\n  -2.12801952e-09 -4.52453281e-05  1.37212141e-06  9.54260199e-07\n   6.22531813e-09 -1.86853115e-08 -3.10259979e-09 -1.34241849e-05\n   2.74146286e-07  2.99692439e-07 -2.34642197e-08 -3.61502851e-09\n   1.74952249e-05 -2.00100073e-07  4.67125491e-09  1.30177203e-09\n  -6.34716419e-06  1.04174565e-07  5.69177297e-08 -1.37110749e-06\n   2.71120628e-08  2.08088591e-08 -9.01546177e-13 -9.79051555e-13\n   1.16689758e-14]\n [ 9.43344760e-15  4.93809028e-07  2.28582958e-07  4.55213384e-08\n   3.04015604e-08  1.33716081e-08  9.04535183e-14  7.83385902e-15\n   2.24900595e-14 -4.17067852e-08 -9.58245664e-08  6.76951105e-09\n  -5.44298363e-09 -4.55456094e-05  9.54260245e-07  8.27980928e-07\n  -4.83135298e-08 -9.45445360e-09 -6.53084823e-09 -2.21567772e-05\n   2.99692458e-07  3.68920301e-07 -1.23380709e-08 -5.25661480e-09\n  -4.51285294e-06  4.67127747e-09  1.29023112e-07  7.25178433e-10\n  -2.88477171e-06  5.69177372e-08  3.78330653e-08 -1.27888213e-06\n   2.08088591e-08  2.04520306e-08 -1.35672251e-12 -1.41119229e-12\n   1.61079045e-14]\n [-1.02024033e-18 -3.18493611e-11 -2.34418420e-11 -2.71503193e-11\n   1.97924522e-12 -7.13904988e-13  9.60220271e-18 -4.12250360e-19\n  -2.07730177e-18  4.17256746e-12  4.24001943e-12  6.04858018e-13\n   6.61670683e-13  3.16362341e-09 -3.40376626e-11 -4.71232069e-11\n   9.47509632e-12 -6.08289307e-13  8.15745884e-13  2.36304096e-09\n  -2.31576699e-11 -3.05759249e-11 -6.70227080e-13  3.77169825e-13\n   2.87408030e-09 -1.92949172e-11 -1.90966060e-11  2.95628268e-14\n  -2.29432489e-10  3.14281085e-13 -9.75911090e-13  6.83862102e-11\n  -9.01546177e-13 -1.35672251e-12  1.30339761e-16  1.30399183e-16\n  -1.42659958e-18]\n [-9.75835044e-19 -3.25092693e-11 -2.22755890e-11 -1.92379088e-11\n   4.50122572e-13 -8.49524500e-13  2.40512615e-18 -5.46429978e-19\n  -2.11104694e-18  4.48763635e-12  5.25308640e-12  5.07266383e-13\n   6.37247296e-13  3.22574803e-09 -3.49307617e-11 -4.85068290e-11\n   7.55550183e-12 -3.45088356e-14  7.21033753e-13  2.22681855e-09\n  -2.30290531e-11 -3.12736127e-11  2.47149654e-14  4.98246423e-13\n   1.99360410e-09 -1.60240944e-11 -1.86308768e-11 -7.32765759e-15\n  -6.03582310e-11 -3.77244411e-13 -1.19473131e-12  8.30867376e-11\n  -9.79051555e-13 -1.41119229e-12  1.30399183e-16  1.32495393e-16\n  -1.47483965e-18]\n [ 1.01183579e-20  3.63678545e-13  2.29076862e-13  1.12000978e-13\n   1.40863090e-14  1.09750562e-14  6.31663380e-20  7.64294443e-21\n   2.35029011e-20 -5.29869971e-14 -7.00335478e-14 -4.33360550e-15\n  -6.66443241e-15 -3.60444737e-11  3.93055307e-13  5.47601556e-13\n  -5.87541866e-14 -6.75520846e-15 -6.70685744e-15 -2.26559831e-11\n   2.50214323e-13  3.50636783e-13 -8.90893099e-15 -6.95319627e-15\n  -1.08542127e-11  1.34557885e-13  1.97931515e-13  5.38702995e-16\n  -1.44173549e-12  1.27212236e-14  1.57840004e-14 -1.09125824e-12\n   1.16689758e-14  1.61079045e-14 -1.42659958e-18 -1.47483965e-18\n   1.67264216e-20]]', 'hess_sum': '[[ 9.74118902e-12 -9.32869892e-13 -8.08951752e-13  1.00534764e-12\n  -3.94010192e-13 -3.82481387e-14 -8.90723684e-11 -1.06375316e-12\n  -6.35775603e-13  1.02898290e-13  1.06845979e-13 -6.76796170e-14\n  -7.24278682e-14 -1.42931421e-10 -9.56027342e-13 -1.28004857e-12\n   5.66224931e-14  4.57554703e-14 -5.80426609e-14 -1.78924719e-10\n   1.42262454e-13 -4.10025700e-13  2.03096978e-14  5.53639984e-14\n   1.95784071e-10  2.14467359e-13 -2.08749566e-13 -1.05584052e-14\n   8.96690448e-12 -4.42550301e-14  1.93149065e-14  1.43991095e-11\n  -2.05696823e-13  7.27078187e-14  1.47627396e-10  3.01836359e-10\n   1.07167042e-11]\n [-9.32869892e-13 -1.02734474e-05  1.17933851e-07 -2.16071829e-06\n  -2.52744820e-07  5.86586199e-08  2.65722924e-11  2.53281603e-13\n  -1.85163689e-12  1.14924595e-06  2.33358757e-07 -1.03514707e-08\n   5.71290157e-08  1.01132107e-03 -1.50927980e-05 -1.13637368e-05\n   1.15642818e-06 -4.10355969e-08 -2.64829360e-07  3.73103441e-06\n   1.26188097e-06  1.61770205e-06  1.30711991e-07 -1.65279900e-07\n   2.45209989e-04 -3.15639693e-07  9.28701857e-09 -1.63366909e-08\n   2.46952442e-05 -2.71518873e-07 -4.51473001e-07 -1.05977178e-05\n  -2.77155232e-07 -3.74039628e-07  2.12817220e-10 -7.76061342e-11\n  -3.24699111e-12]\n [-8.08951752e-13  1.17933851e-07 -1.36362295e-05 -4.93135863e-06\n  -7.53616683e-07  9.04375330e-07 -1.34082226e-10 -4.77214731e-14\n  -6.09604326e-13 -1.09754520e-06  8.99528567e-08 -1.61316202e-07\n  -1.61696556e-07  3.73101963e-06  1.26188058e-06  1.61770180e-06\n   5.09903586e-07  4.50292164e-07 -2.08609203e-07  1.43410520e-03\n  -1.07824740e-05 -9.92365750e-06 -8.01262422e-08  9.27012468e-08\n   5.40685937e-04 -2.38431910e-06 -1.38105350e-06 -4.34324088e-08\n   7.88160392e-05 -6.80237341e-07 -5.18851068e-07 -1.02779060e-04\n   2.07532123e-07 -1.34939442e-07  2.50036057e-11 -6.91635026e-11\n  -6.76195584e-13]\n [ 1.00534764e-12 -2.16071829e-06 -4.93135863e-06 -1.47521113e-05\n   1.21538123e-06  5.07404841e-07  1.19075774e-11 -3.13368185e-13\n  -4.22111523e-13  7.05325860e-07 -6.13793063e-07  1.91036200e-07\n  -1.47710363e-07  2.45210026e-04 -3.15639387e-07  9.28690158e-09\n   3.14439385e-06 -3.85319097e-07  1.11120189e-08  5.40685900e-04\n  -2.38431912e-06 -1.38105361e-06 -2.03774640e-07 -1.98029568e-07\n   1.60942421e-03 -8.82758049e-06 -3.37637976e-06  1.83411680e-08\n  -1.32097653e-04  7.84372105e-07  2.96763111e-07 -5.25200962e-05\n   6.02470139e-07  2.58153489e-07  7.48437108e-11  1.21769241e-10\n  -1.69545804e-12]\n [-3.94010192e-13 -2.52744820e-07 -7.53616683e-07  1.21538123e-06\n  -6.08822659e-07 -2.40094808e-08  1.57639537e-11  1.28994716e-13\n  -5.83160879e-14 -1.51197714e-07  2.01440775e-07 -1.38512835e-07\n  -3.29500372e-08  2.46952457e-05 -2.71518950e-07 -4.51473114e-07\n  -4.11637983e-07  1.02998564e-07 -3.76062688e-08  7.88160419e-05\n  -6.80237357e-07 -5.18851002e-07  8.21428332e-08  3.00804283e-08\n  -1.32097655e-04  7.84372034e-07  2.96763101e-07 -6.94879300e-09\n   6.33339694e-05 -6.01066297e-07 -4.14571795e-07  1.82224947e-06\n  -6.38783481e-08 -9.23978671e-08 -1.59823245e-11  5.18078047e-12\n   2.80512452e-13]\n [-3.82481387e-14  5.86586199e-08  9.04375330e-07  5.07404841e-07\n  -2.40094808e-08 -3.87094062e-07  2.03692585e-11 -1.86241179e-13\n  -4.12263043e-14 -1.81012086e-07 -9.20641656e-08 -4.19878030e-08\n  -2.55971451e-08 -1.05977217e-05 -2.77155168e-07 -3.74039667e-07\n   4.37453126e-08 -4.88722701e-08  1.38072851e-07 -1.02779064e-04\n   2.07532062e-07 -1.34939481e-07  1.05744250e-08 -2.65646480e-08\n  -5.25200939e-05  6.02470110e-07  2.58153503e-07  2.38139530e-08\n   1.82225132e-06 -6.38783530e-08 -9.23978665e-08  4.13935092e-05\n  -3.04355998e-07 -1.51697533e-07  1.50096270e-11 -1.89452165e-12\n   4.73896578e-14]\n [-8.90723684e-11  2.65722924e-11 -1.34082226e-10  1.19075774e-11\n   1.57639537e-11  2.03692585e-11 -1.57757804e-07  2.19418182e-10\n  -7.35469918e-10  1.74456378e-11  2.98709889e-11  3.73551658e-12\n   2.16571114e-12 -2.45820191e-10 -6.49323053e-11  2.38187936e-11\n  -1.50321843e-11 -3.11688245e-12 -1.48766452e-12 -1.61083088e-08\n  -7.82343993e-12 -2.88490577e-11 -8.07518335e-12 -7.03644945e-13\n  -6.85232467e-09  7.87796703e-11  1.45453868e-11  2.28578828e-13\n  -5.13891153e-10  7.83938269e-12  2.07498363e-11  1.06256456e-09\n   3.79098715e-12 -4.02352555e-12  5.81052356e-09  7.66471425e-08\n  -1.42844651e-09]\n [-1.06375316e-12  2.53281603e-13 -4.77214731e-14 -3.13368185e-13\n   1.28994716e-13 -1.86241179e-13  2.19418182e-10  1.09655288e-12\n   5.75988803e-12  1.06967718e-13 -3.25609120e-13 -4.05774763e-15\n   1.57575854e-14 -5.04876036e-11  2.94154761e-12 -3.19424940e-12\n  -2.94944625e-13  2.72746185e-14 -4.01022314e-14  9.44365512e-11\n  -9.04112028e-14  3.28618588e-14 -1.99557135e-14 -3.77628508e-14\n   1.25025454e-10 -2.63764847e-13 -5.40697430e-13  2.30229881e-15\n   1.90614070e-11  3.77264795e-13 -3.31018122e-13 -2.14581630e-11\n  -1.39510696e-13 -9.71745437e-14 -4.85012412e-10  3.39491208e-10\n   2.08773845e-11]\n [-6.35775603e-13 -1.85163689e-12 -6.09604326e-13 -4.22111523e-13\n  -5.83160879e-14 -4.12263043e-14 -7.35469918e-10  5.75988803e-12\n   3.53972849e-12 -1.79169622e-13  1.39050990e-13 -7.11022632e-14\n   3.65585027e-14 -3.74917046e-11 -1.92987764e-12 -1.07517955e-12\n  -7.00561512e-14  2.61569269e-14 -2.90197568e-15  1.52466682e-11\n  -1.30141034e-13 -6.40910879e-13 -2.08712918e-14 -1.15305743e-14\n  -1.01601046e-10 -1.73445714e-12  1.75095260e-13  2.03732471e-16\n   4.74789139e-12  4.26663926e-13 -1.04266860e-13 -1.53619433e-11\n  -1.09360106e-13  9.91970953e-14  2.91839027e-10 -1.02590172e-09\n  -8.15133448e-12]\n [ 1.02898290e-13  1.14924595e-06 -1.09754520e-06  7.05325860e-07\n  -1.51197714e-07 -1.81012086e-07  1.74456378e-11  1.06967718e-13\n  -1.79169622e-13 -9.67077897e-07  7.53948088e-08 -1.35653030e-07\n   6.15896767e-09 -1.23823993e-04  7.88611045e-07  4.26916704e-07\n  -5.26873977e-07  5.40565904e-08  1.17764229e-07  1.12538726e-04\n  -1.00182420e-06 -1.17563280e-06 -9.63440288e-08  7.95906335e-08\n  -8.07200248e-05  6.18566008e-08 -7.78004486e-08  9.22667296e-09\n   1.64362132e-05 -6.39778960e-08 -8.21909713e-08  1.94906086e-05\n  -1.07921998e-07 -9.18327507e-08 -5.14158943e-13 -2.49962598e-11\n   9.41376124e-14]\n [ 1.06845979e-13  2.33358757e-07  8.99528567e-08 -6.13793063e-07\n   2.01440775e-07 -9.20641656e-08  2.98709889e-11 -3.25609120e-13\n   1.39050990e-13  7.53948088e-08 -6.07629844e-07  9.31965358e-08\n   4.11869641e-09 -8.39190959e-06  1.45623113e-06  1.56427615e-06\n   4.20763210e-07 -9.59289081e-08  3.83228149e-08 -1.43937853e-05\n  -3.17064275e-07 -3.60909657e-07 -4.74105540e-08 -9.00053648e-08\n   6.70940177e-05 -3.49524822e-07 -1.39425556e-07  1.20291801e-08\n  -2.19816761e-05  8.82112677e-08  8.92339448e-08  1.08214763e-05\n   3.97311816e-09  4.89990268e-08  2.85884872e-11  2.85290719e-11\n  -7.73453725e-14]\n [-6.76796170e-14 -1.03514707e-08 -1.61316202e-07  1.91036200e-07\n  -1.38512835e-07 -4.19878030e-08  3.73551658e-12 -4.05774763e-15\n  -7.11022632e-14 -1.35653030e-07  9.31965358e-08 -7.93034735e-08\n  -1.75508068e-08 -3.74417166e-06 -4.46774413e-07 -3.45678278e-07\n  -1.10264460e-07  2.05901748e-08  1.42621470e-08  1.72183549e-05\n  -8.13210400e-08 -1.31442812e-07  1.75515589e-09  1.84484255e-08\n  -2.12457914e-05  6.74831065e-08  2.92914531e-08  1.82760955e-09\n   1.43571467e-05 -1.16255373e-07 -1.32318270e-07  4.30437657e-06\n  -3.73775931e-08 -4.64456585e-08 -2.16249031e-12  5.04923708e-12\n  -7.11741055e-14]\n [-7.24278682e-14  5.71290157e-08 -1.61696556e-07 -1.47710363e-07\n  -3.29500372e-08 -2.55971451e-08  2.16571114e-12  1.57575854e-14\n   3.65585027e-14  6.15896767e-09  4.11869641e-09 -1.75508068e-08\n  -3.09934781e-08 -5.35889511e-06  1.06113001e-07  8.42580907e-08\n   6.41995963e-08  9.23957603e-09  5.18149492e-09  1.69019834e-05\n  -1.26622201e-07 -1.39394577e-07  1.98201584e-08 -1.49510758e-08\n   1.65345015e-05 -4.99215001e-08 -4.97482399e-09  2.97407211e-09\n   3.36711964e-06 -2.85335984e-08 -3.96198070e-08  2.65753081e-06\n  -2.43303822e-08 -1.97320675e-08  1.13640776e-12 -2.76817256e-13\n  -3.03493011e-14]\n [-1.42931421e-10  1.01132107e-03  3.73101963e-06  2.45210026e-04\n   2.46952457e-05 -1.05977217e-05 -2.45820191e-10 -5.04876036e-11\n  -3.74917046e-11 -1.23823993e-04 -8.39190959e-06 -3.74417166e-06\n  -5.35889511e-06 -1.01291131e-01  1.30879656e-03  1.02355803e-03\n  -1.30505967e-04  5.11074334e-06  2.90995329e-05 -1.93242956e-03\n  -1.03565429e-04 -1.50369637e-04 -1.43122097e-05  1.85913313e-05\n  -2.75839830e-02  6.10910321e-05  1.17098138e-05  1.80222569e-06\n  -2.39756919e-03  2.78336838e-05  4.53097608e-05  1.54090462e-03\n   2.13787915e-05  3.43004543e-05  8.45623557e-09  1.75636645e-08\n   1.86470210e-10]\n [-9.56027342e-13 -1.50927980e-05  1.26188058e-06 -3.15639387e-07\n  -2.71518950e-07 -2.77155168e-07 -6.49323053e-11  2.94154761e-12\n  -1.92987764e-12  7.88611045e-07  1.45623113e-06 -4.46774413e-07\n   1.06113001e-07  1.30879656e-03 -4.09167198e-05 -2.54128359e-05\n   2.42396570e-07  4.77172576e-08 -1.21542081e-07 -1.03565438e-04\n   3.68942366e-06  2.89393622e-06  4.14190078e-08 -6.59860650e-08\n   6.10910013e-05  2.54858011e-06  1.35863024e-06 -6.63191885e-09\n   2.78336906e-05 -1.59061425e-07 -4.13236555e-07  2.13787908e-05\n  -9.43931009e-07 -7.18441579e-07  7.07592785e-11 -1.18602132e-10\n  -3.45619539e-12]\n [-1.28004857e-12 -1.13637368e-05  1.61770180e-06  9.28690158e-09\n  -4.51473114e-07 -3.74039667e-07  2.38187936e-11 -3.19424940e-12\n  -1.07517955e-12  4.26916704e-07  1.56427615e-06 -3.45678278e-07\n   8.42580907e-08  1.02355803e-03 -2.54128359e-05 -1.91024733e-05\n   3.66071133e-08  1.48462403e-08 -7.08283222e-08 -1.50369631e-04\n   2.89393612e-06  2.80359472e-06  7.00548613e-08  2.56982779e-08\n   1.17097674e-05  1.35863031e-06  6.21771728e-07 -4.16553757e-09\n   4.53097681e-05 -4.13236694e-07 -6.72422662e-07  3.43004625e-05\n  -7.18441680e-07 -6.71558993e-07  3.69422518e-11  4.64416383e-10\n   2.08412074e-12]\n [ 5.66224931e-14  1.15642818e-06  5.09903586e-07  3.14439385e-06\n  -4.11637983e-07  4.37453126e-08 -1.50321843e-11 -2.94944625e-13\n  -7.00561512e-14 -5.26873977e-07  4.20763210e-07 -1.10264460e-07\n   6.41995963e-08 -1.30505967e-04  2.42396570e-07  3.66071133e-08\n  -1.29900035e-06  1.23748416e-07 -2.99053179e-08 -4.84798309e-05\n   7.07816517e-07  9.52567347e-07 -8.12691946e-09  1.36071719e-07\n  -3.48678225e-04  1.28080969e-06  4.47948931e-07 -1.79500423e-08\n   4.67748217e-05 -8.63008613e-08  4.90570813e-08 -4.40710335e-06\n   5.45453137e-08  4.21166168e-08 -4.51364401e-11  1.31979332e-11\n  -1.19388250e-13]\n [ 4.57554703e-14 -4.10355969e-08  4.50292164e-07 -3.85319097e-07\n   1.02998564e-07 -4.88722701e-08 -3.11688245e-12  2.72746185e-14\n   2.61569269e-14  5.40565904e-08 -9.59289081e-08  2.05901748e-08\n   9.23957603e-09  5.11074334e-06  4.77172576e-08  1.48462403e-08\n   1.23748416e-07 -7.05761746e-08  1.81873312e-08 -4.67492354e-05\n   3.73847760e-07  4.21102186e-07 -4.21375623e-08 -1.97373621e-08\n   4.35723987e-05 -9.45150698e-08  2.36196024e-08  5.04285589e-09\n  -1.12204356e-05  5.20571218e-08  3.98254241e-08  5.57910706e-06\n  -1.15296356e-08  1.25532595e-08 -2.58887184e-12 -7.24848936e-14\n  -3.00493812e-14]\n [-5.80426609e-14 -2.64829360e-07 -2.08609203e-07  1.11120189e-08\n  -3.76062688e-08  1.38072851e-07 -1.48766452e-12 -4.01022314e-14\n  -2.90197568e-15  1.17764229e-07  3.83228149e-08  1.42621470e-08\n   5.18149492e-09  2.90995329e-05 -1.21542081e-07 -7.08283222e-08\n  -2.99053179e-08  1.81873312e-08 -7.92033161e-08  2.56020841e-05\n   6.13544062e-08  2.49157071e-07  1.76654274e-09  2.62037037e-09\n  -8.87304117e-07  3.19737844e-08  3.09677878e-08 -9.43911546e-09\n   4.37692827e-06 -3.28990549e-09  1.83033804e-08 -1.52309072e-05\n   6.52396027e-08  2.28658989e-08  4.16034256e-12 -6.16659538e-13\n  -7.97060378e-15]\n [-1.78924719e-10  3.73103441e-06  1.43410520e-03  5.40685900e-04\n   7.88160419e-05 -1.02779064e-04 -1.61083088e-08  9.44365512e-11\n   1.52466682e-11  1.12538726e-04 -1.43937853e-05  1.72183549e-05\n   1.69019834e-05 -1.93242956e-03 -1.03565438e-04 -1.50369631e-04\n  -4.84798309e-05 -4.67492354e-05  2.56020841e-05 -1.51574922e-01\n   1.07583121e-03  9.77297655e-04  1.04021783e-05 -9.48394497e-06\n  -5.92917429e-02  2.64160177e-04  1.45819675e-04  5.01435685e-06\n  -8.31474381e-03  6.45536249e-05  4.93244658e-05  1.16180708e-02\n  -2.88550907e-05  1.04318686e-05 -2.37138152e-09 -1.64193323e-09\n   1.33245204e-10]\n [ 1.42262454e-13  1.26188097e-06 -1.07824740e-05 -2.38431912e-06\n  -6.80237357e-07  2.07532062e-07 -7.82343993e-12 -9.04112028e-14\n  -1.30141034e-13 -1.00182420e-06 -3.17064275e-07 -8.13210400e-08\n  -1.26622201e-07 -1.03565429e-04  3.68942366e-06  2.89393612e-06\n   7.07816517e-07  3.73847760e-07  6.13544062e-08  1.07583121e-03\n  -1.35477437e-05 -1.22634662e-05  8.47242332e-08  1.01595862e-07\n   2.64160162e-04 -6.65711716e-07 -8.01578119e-07 -7.39700454e-09\n   6.45536284e-05 -1.25767709e-06 -8.66859845e-07 -2.88550890e-05\n  -4.24117072e-07 -4.08556793e-07  2.01399753e-11 -1.72708908e-12\n  -1.58479815e-12]\n [-4.10025700e-13  1.61770205e-06 -9.92365750e-06 -1.38105361e-06\n  -5.18851002e-07 -1.34939481e-07 -2.88490577e-11  3.28618588e-14\n  -6.40910879e-13 -1.17563280e-06 -3.60909657e-07 -1.31442812e-07\n  -1.39394577e-07 -1.50369637e-04  2.89393622e-06  2.80359472e-06\n   9.52567347e-07  4.21102186e-07  2.49157071e-07  9.77297655e-04\n  -1.22634662e-05 -1.40545243e-05  1.22432984e-07  8.02790775e-08\n   1.45819712e-04 -8.01578046e-07 -1.28949990e-06  1.81667058e-08\n   4.93244660e-05 -8.66859814e-07 -7.70534306e-07  1.04318699e-05\n  -4.08556807e-07 -4.14875955e-07 -1.88837097e-11 -8.71147754e-11\n  -1.24281107e-13]\n [ 2.03096978e-14  1.30711991e-07 -8.01262422e-08 -2.03774640e-07\n   8.21428332e-08  1.05744250e-08 -8.07518335e-12 -1.99557135e-14\n  -2.08712918e-14 -9.63440288e-08 -4.74105540e-08  1.75515589e-09\n   1.98201584e-08 -1.43122097e-05  4.14190078e-08  7.00548613e-08\n  -8.12691946e-09 -4.21375623e-08  1.76654274e-09  1.04021783e-05\n   8.47242332e-08  1.22432984e-07 -8.32394549e-08  6.77963268e-09\n   2.31092349e-05 -4.27195952e-08  1.53959453e-08  1.05146161e-09\n  -8.56530656e-06  7.61130613e-08  5.88085512e-08 -1.24841430e-06\n  -8.92949656e-09  4.86604236e-09  4.38200383e-12  1.86447275e-12\n   3.38916867e-14]\n [ 5.53639984e-14 -1.65279900e-07  9.27012468e-08 -1.98029568e-07\n   3.00804283e-08 -2.65646480e-08 -7.03644945e-13 -3.77628508e-14\n  -1.15305743e-14  7.95906335e-08 -9.00053648e-08  1.84484255e-08\n  -1.49510758e-08  1.85913313e-05 -6.59860650e-08  2.56982779e-08\n   1.36071719e-07 -1.97373621e-08  2.62037037e-09 -9.48394497e-06\n   1.01595862e-07  8.02790775e-08  6.77963268e-09 -3.79960003e-08\n   2.19364580e-05 -9.38753085e-08 -1.46165892e-08  3.11150671e-09\n  -3.48095382e-06 -7.19138216e-09  2.63788686e-09  3.17981819e-06\n   9.49339893e-09  1.38635384e-08 -6.45509389e-13 -2.77756780e-13\n  -6.07225245e-14]\n [ 1.95784071e-10  2.45209989e-04  5.40685937e-04  1.60942421e-03\n  -1.32097655e-04 -5.25200939e-05 -6.85232467e-09  1.25025454e-10\n  -1.01601046e-10 -8.07200248e-05  6.70940177e-05 -2.12457914e-05\n   1.65345015e-05 -2.75839830e-02  6.10910013e-05  1.17097674e-05\n  -3.48678225e-04  4.35723987e-05 -8.87304117e-07 -5.92917429e-02\n   2.64160162e-04  1.45819712e-04  2.31092349e-05  2.19364580e-05\n  -1.76318188e-01  8.90716270e-04  3.24942832e-04 -2.22767205e-06\n   1.44368519e-02 -7.73040743e-05 -2.77126953e-05  5.54145446e-03\n  -5.17020243e-05 -2.08670305e-05 -1.45501561e-09 -9.92382373e-09\n   5.67788119e-11]\n [ 2.14467359e-13 -3.15639693e-07 -2.38431910e-06 -8.82758049e-06\n   7.84372034e-07  