{'theta_hat': '[-6.23533132e-11  1.17263001e-03 -1.51814911e-03 -1.27553391e-02\n  1.65231129e-04 -1.59907714e-03 -7.84941709e-09 -9.58951363e-11\n  1.12737936e-10 -1.76906043e-04 -2.55510631e-03  1.65237254e-04\n -1.79598816e-04 -1.23596487e-01  4.59557574e-03  3.01130952e-04\n  2.85081283e-03  4.44469493e-05  3.85635676e-04  1.49092731e-01\n -1.17055287e-04 -1.28252653e-03  2.48791682e-04  1.10844531e-03\n  1.50200212e+00 -4.52401299e-03 -3.78441537e-03  1.03798916e-04\n -6.10683013e-03  9.18831269e-04 -1.51642867e-04  2.04002223e-01\n  4.37723187e-04 -7.43958448e-04 -8.04182168e-10  6.87196841e-09\n -1.29034153e-10]', 'theta_bar': '[ 7.12841052e-03  2.63421077e-03 -6.74409310e-04 -6.94349701e-03\n -1.27648980e-04  5.53561132e-04 -1.33711221e+00  1.61966106e-04\n  2.52002523e-03 -4.60599580e-04 -1.76891390e-03  8.62145125e-05\n  8.97181230e-05 -3.58063976e-01  2.31325667e-03  1.76572778e-03\n  1.12256221e-03  1.11206189e-04 -1.15475904e-04  2.16401309e-01\n  9.33050515e-04  2.30191209e-06  3.34219724e-05 -4.23543511e-04\n  1.20594343e+00  1.56087777e-04 -2.25695992e-03 -1.90561692e-05\n  1.03522589e-02 -8.40282184e-04 -2.45577190e-04 -6.92857644e-02\n -2.33443469e-04 -1.19119658e-04  6.27729592e-02 -3.28363974e-01\n -2.64341404e-03]', 'grad_op_sum': '[[ 1.76408088e-19  1.76287103e-13  3.48605358e-13  5.38134882e-13\n  -1.63002008e-13  8.62237804e-14 -9.60242275e-18 -1.38046749e-21\n   4.33898589e-20 -5.94243673e-15  3.26986702e-14 -2.94230958e-14\n   1.40656619e-14 -1.71763152e-11  2.47983838e-13  4.40834523e-13\n  -1.43465761e-13  2.94797901e-14 -9.88676016e-15 -3.97613351e-11\n  -4.98447065e-14  2.88945459e-13  1.10014542e-13 -3.99967073e-14\n  -5.77426304e-11  3.60499299e-13 -1.12580844e-13 -7.06889197e-15\n   2.12403766e-11 -3.27065639e-14  1.47413581e-14 -1.02074813e-11\n   4.30279522e-14 -7.37035990e-14 -2.79587345e-18 -1.29611443e-18\n  -1.24774209e-21]\n [ 1.76287103e-13  1.34268858e-05  5.93065542e-06  1.28559782e-06\n   2.61584515e-08 -1.11240152e-07 -1.25479434e-11  1.53049001e-13\n   6.21063531e-13 -1.13644599e-06 -2.97748259e-06  1.57409389e-07\n  -1.78632993e-07 -1.26093381e-03  2.56961209e-05  2.09250568e-05\n  -1.25987824e-06  7.63185390e-08 -1.15453065e-07 -5.80245538e-04\n   8.40567336e-06  8.67594202e-06  1.15150824e-07  2.36146216e-07\n  -1.11364047e-04  2.34029224e-07  2.85350557e-06  3.28952219e-08\n   1.19303357e-05  1.33486828e-06  9.37600859e-07  2.38295326e-05\n   6.85691288e-07  4.57019023e-07 -3.80397561e-11 -3.49121185e-11\n   3.59849680e-13]\n [ 3.48605358e-13  5.93065542e-06  6.98838062e-06  7.85175192e-06\n  -1.38078531e-06 -1.73840803e-07 -1.37743905e-11 -4.19334092e-14\n   3.79427625e-13 -5.45955480e-07 -4.16118500e-07 -1.05090476e-07\n  -1.74442684e-07 -5.80245580e-04  8.40567315e-06  8.67594176e-06\n  -3.41160950e-06  4.53755865e-07 -1.46779494e-07 -7.56884656e-04\n   4.39124116e-06  5.11640362e-06  5.40571458e-07  2.00100411e-07\n  -8.35331898e-04  2.74405970e-06  3.25275745e-06 -3.43521100e-08\n   1.58028445e-04 -8.32438270e-07  1.97697113e-07  2.63800686e-05\n  -2.77782052e-07  6.09854905e-08 -3.36946405e-11 -1.98322307e-11\n   1.89887573e-13]\n [ 5.38134882e-13  1.28559782e-06  7.85175192e-06  4.57740137e-05\n  -5.03372770e-06  1.48414071e-06 -1.91589364e-11 -3.58815118e-13\n   1.05404151e-13  8.91323475e-07  5.69212511e-06 -4.64615321e-07\n   8.11090656e-08 -1.11363976e-04  2.34029325e-07  2.85350602e-06\n  -1.08049277e-05  1.80887873e-06 -8.42312664e-07 -8.35331949e-04\n   2.74405963e-06  3.25275790e-06  1.84552045e-06 -8.56330396e-07\n  -5.18264879e-03  1.87146436e-05  7.27353155e-06 -2.26924438e-07\n   5.38523081e-04 -2.83091767e-06 -8.65029934e-07 -1.89955048e-04\n  -3.14947736e-07  6.32661405e-07 -1.24794775e-11 -2.77247676e-11\n   1.70252496e-13]\n [-1.63002008e-13  2.61584515e-08 -1.38078531e-06 -5.03372770e-06\n   3.37645196e-06  4.23447520e-07  2.06222784e-11  9.03630494e-14\n   7.60663480e-14 -5.64190861e-08 -5.53897244e-07  4.31049090e-07\n   6.10097432e-08  1.19303361e-05  1.33486811e-06  9.37600937e-07\n   1.25644088e-06 -1.02682488e-06  4.89228770e-09  1.58028450e-04\n  -8.32438182e-07  1.97697152e-07 -2.16772596e-06 -3.62649420e-07\n   5.38523181e-04 -2.83091748e-06 -8.65029955e-07  5.75536997e-08\n  -4.21425930e-04  5.67496584e-08  7.84035736e-07 -5.20350801e-05\n  -1.51132550e-07  1.59012387e-07  1.17380629e-11  5.44338024e-12\n   3.29640210e-14]\n [ 8.62237804e-14 -1.11240152e-07 -1.73840803e-07  1.48414071e-06\n   4.23447520e-07  1.66657695e-06 -9.59877339e-12  6.68928182e-14\n  -2.48536766e-14  3.52393114e-08  5.07926917e-07  2.36678221e-08\n   2.58772458e-07  2.38295512e-05  6.85691313e-07  4.57018990e-07\n  -3.89577557e-08 -1.70377879e-07 -3.39275721e-07  2.63800621e-05\n  -2.77782108e-07  6.09854488e-08 -3.58405790e-07 -1.20778425e-06\n  -1.89955030e-04 -3.14947655e-07  6.32661427e-07 -9.29861026e-08\n  -5.20350773e-05 -1.51132583e-07  1.59012383e-07 -2.16305196e-04\n  -2.03045823e-07  2.78039847e-07  4.50718764e-12 -3.01752916e-12\n   3.22229409e-14]\n [-9.60242275e-18 -1.25479434e-11 -1.37743905e-11 -1.91589364e-11\n   2.06222784e-11 -9.59877339e-12  1.00199011e-15 -5.93985741e-19\n  -1.81950023e-18  2.47081508e-12  3.42544901e-12  3.20500485e-12\n  -2.05791931e-12  1.62058104e-09 -9.36669839e-13 -6.54029605e-12\n   2.30364319e-12 -5.45102978e-12  1.61544622e-12  1.64459827e-09\n  -4.14993771e-12 -3.98141099e-13 -1.32915756e-11  5.02585283e-12\n   1.88156407e-09 -1.76080097e-11  6.97903245e-12  8.80911969e-13\n  -2.59019125e-09  6.54632893e-12 -5.15391222e-12  1.23281425e-09\n  -2.57949518e-12  2.20039662e-12  1.95323630e-16 -2.00526936e-18\n   1.02902871e-18]\n [-1.38046749e-21  1.53049001e-13 -4.19334092e-14 -3.58815118e-13\n   9.03630494e-14  6.68928182e-14 -5.93985741e-19  2.05162441e-20\n   5.58177472e-21 -3.64646318e-14 -6.17210264e-14  2.16915108e-15\n   8.54389947e-15 -1.49654319e-11  1.63747513e-13  2.24567944e-13\n   1.08577877e-13 -3.50700287e-14 -5.87179187e-15  6.62228984e-12\n   1.15274425e-13  1.26678397e-13 -4.59624984e-14 -4.70452879e-14\n   3.83554149e-11 -1.44597604e-13  7.74018339e-14 -6.01334415e-16\n  -1.00196169e-11  4.41616082e-14  9.87116237e-15 -8.57832847e-12\n   1.14433620e-14  2.55836653e-14 -3.83305038e-19 -6.65175803e-19\n   1.01693356e-20]\n [ 4.33898589e-20  6.21063531e-13  3.79427625e-13  1.05404151e-13\n   7.60663480e-14 -2.48536766e-14 -1.81950023e-18  5.58177472e-21\n   8.20623217e-20 -1.00738825e-13 -1.95262674e-13  4.71546029e-15\n  -1.40780767e-14 -6.50899947e-11  5.36693078e-13  7.98599340e-13\n  -6.44848886e-14 -1.82541077e-14 -3.26483125e-15 -3.87497044e-11\n   3.47150247e-13  5.80022723e-13 -5.41869041e-14  2.30029630e-14\n  -5.13682766e-12  3.21953799e-13  1.43746356e-13  6.15695213e-15\n  -1.06118775e-11 -8.75158584e-15 -5.35969569e-14  3.65605027e-12\n   2.62776401e-14 -2.79165314e-14 -1.82541560e-18 -4.45944404e-18\n   2.46976296e-20]\n [-5.94243673e-15 -1.13644599e-06 -5.45955480e-07  8.91323475e-07\n  -5.64190861e-08  3.52393114e-08  2.47081508e-12 -3.64646318e-14\n  -1.00738825e-13  2.92360662e-07  4.90240768e-07  3.81027648e-08\n   2.75984443e-08  1.27433722e-04 -5.27918790e-08 -1.11464092e-06\n  -1.47856779e-07  2.71974167e-08  3.32501161e-10  5.23451306e-05\n  -8.58044648e-07 -1.02115366e-06  1.77113450e-08 -2.13758977e-08\n  -1.13564450e-04 -2.77316259e-07 -6.73601337e-07 -9.63121640e-09\n   5.93275861e-06  5.93974967e-10 -1.12220425e-08 -5.03649488e-06\n  -5.95312773e-08 -3.43494220e-08  5.64546470e-12  5.15761107e-12\n  -5.38625622e-14]\n [ 3.26986702e-14 -2.97748259e-06 -4.16118500e-07  5.69212511e-06\n  -5.53897244e-07  5.07926917e-07  3.42544901e-12 -6.17210264e-14\n  -1.95262674e-13  4.90240768e-07  1.66916083e-06 -7.15699369e-08\n   9.95685013e-08  3.00310915e-04 -4.40847368e-06 -3.80690615e-06\n  -1.15208969e-06  1.56604086e-07 -1.23131303e-07  3.34643316e-05\n  -1.72215732e-06 -1.62951255e-06  1.69716143e-07 -3.63172823e-07\n  -6.69163926e-04  1.58833766e-06  2.56166498e-07 -5.61603187e-08\n   5.90222604e-05 -4.95538283e-07 -2.95908906e-07 -6.68601190e-05\n  -2.46760534e-07  5.70084910e-08  8.23177503e-12  4.93831511e-12\n  -5.88474377e-14]\n [-2.94230958e-14  1.57409389e-07 -1.05090476e-07 -4.64615321e-07\n   4.31049090e-07  2.36678221e-08  3.20500485e-12  2.16915108e-15\n   4.71546029e-15  3.81027648e-08 -7.15699369e-08  8.15994165e-08\n   4.22510809e-09 -7.48699098e-06  1.12776288e-06  4.80939053e-07\n   7.94149694e-08 -1.17684376e-07  1.47429360e-09  1.18400108e-05\n  -3.32011725e-08 -2.89432995e-08 -2.86081204e-07 -2.01429533e-08\n   4.74792643e-05 -5.18806937e-07 -2.57937705e-07  7.85722963e-09\n  -5.43866981e-05  3.06570811e-08  1.44459389e-07 -2.76338385e-06\n  -2.05127413e-08  1.88812557e-08  1.84291585e-12  1.54167854e-12\n  -2.24385333e-15]\n [ 1.40656619e-14 -1.78632993e-07 -1.74442684e-07  8.11090656e-08\n   6.10097432e-08  2.58772458e-07 -2.05791931e-12  8.54389947e-15\n  -1.40780767e-14  2.75984443e-08  9.95685013e-08  4.22510809e-09\n   4.64211815e-08  1.96492834e-05 -4.99604629e-08 -1.73914091e-07\n   5.40848570e-08 -2.65902890e-08 -4.75236297e-08  1.91295329e-05\n  -1.76643040e-07 -1.62352023e-07 -4.49949448e-08 -1.84485223e-07\n  -1.41873971e-05 -1.52565061e-07 -2.07880731e-08 -1.45881226e-08\n  -7.14000387e-06 -5.02825025e-09  6.62755505e-09 -3.36256570e-05\n  -2.36465337e-08  3.43862322e-08  1.33211242e-12 -1.33565760e-13\n  -3.98490125e-15]\n [-1.71763152e-11 -1.26093381e-03 -5.80245580e-04 -1.11363976e-04\n   1.19303361e-05  2.38295512e-05  1.62058104e-09 -1.49654319e-11\n  -6.50899947e-11  1.27433722e-04  3.00310915e-04 -7.48699098e-06\n   1.96492834e-05  1.21212451e-01 -2.14875193e-03 -1.86912354e-03\n   1.15041208e-04 -1.14021998e-05  9.23039581e-06  5.70055701e-02\n  -8.10732714e-04 -8.40547492e-04 -1.69164729e-05 -3.09009402e-05\n   7.86706248e-03 -1.05249472e-04 -3.20622234e-04 -4.02135897e-06\n  -2.52690459e-03 -1.00871425e-04 -7.63371577e-05 -3.91988259e-03\n  -6.56940692e-05 -3.97710807e-05  3.91639484e-09  3.56030992e-09\n  -3.56112413e-11]\n [ 2.47983838e-13  2.56961209e-05  8.40567315e-06  2.34029325e-07\n   1.33486811e-06  6.85691313e-07 -9.36669839e-13  1.63747513e-13\n   5.36693078e-13 -5.27918790e-08 -4.40847368e-06  1.12776288e-06\n  -4.99604629e-08 -2.14875193e-03  7.77062367e-05  4.82340792e-05\n  -2.07370302e-06 -1.74264921e-07 -2.65700762e-07 -8.10732662e-04\n   1.32802402e-05  1.19520886e-05 -2.79219591e-07 -3.45980600e-08\n  -1.05249460e-04 -1.07462329e-05 -1.67480689e-06 -5.37305764e-09\n  -1.00871420e-04  4.85932810e-06  2.82803883e-06 -6.56940781e-05\n   1.04310558e-06  9.74363271e-07 -3.88129681e-11 -3.55195130e-11\n   3.97120366e-13]\n [ 4.40834523e-13  2.09250568e-05  8.67594176e-06  2.85350602e-06\n   9.37600937e-07  4.57018990e-07 -6.54029605e-12  2.24567944e-13\n   7.98599340e-13 -1.11464092e-06 -3.80690615e-06  4.80939053e-07\n  -1.73914091e-07 -1.86912354e-03  4.82340792e-05  3.67221486e-05\n  -2.17550160e-06 -2.05053780e-07 -2.54326571e-07 -8.40547425e-04\n   1.19520885e-05  1.35010692e-05 -2.33914428e-07 -6.04926155e-08\n  -3.20622251e-04 -1.67480627e-06  2.78023135e-06  2.31746402e-08\n  -7.63371751e-05  2.82803914e-06  2.20108351e-06 -3.97710868e-05\n   9.74363206e-07  8.30251691e-07 -4.75661960e-11 -4.51105669e-11\n   5.22964250e-13]\n [-1.43465761e-13 -1.25987824e-06 -3.41160950e-06 -1.08049277e-05\n   1.25644088e-06 -3.89577557e-08  2.30364319e-12  1.08577877e-13\n  -6.44848886e-14 -1.47856779e-07 -1.15208969e-06  7.94149694e-08\n   5.40848570e-08  1.15041208e-04 -2.07370302e-06 -2.17550160e-06\n   3.15768535e-06 -4.48074040e-07  1.56142114e-07  3.74634369e-04\n  -1.30798681e-06 -1.46113018e-06 -4.23995241e-07 -3.44230882e-08\n   1.21396917e-03 -3.74122584e-06 -1.98563923e-06  4.56283463e-08\n  -1.34587960e-04  8.58343288e-07  5.54799466e-08  3.48854951e-06\n   2.36434122e-07 -1.21327575e-07  1.01236274e-11  6.87474891e-12\n  -4.96497477e-14]\n [ 2.94797901e-14  7.63185390e-08  4.53755865e-07  1.80887873e-06\n  -1.02682488e-06 -1.70377879e-07 -5.45102978e-12 -3.50700287e-14\n  -1.82541077e-14  2.71974167e-08  1.56604086e-07 -1.17684376e-07\n  -2.65902890e-08 -1.14021998e-05 -1.74264921e-07 -2.05053780e-07\n  -4.48074040e-07  3.29051707e-07 -3.00980173e-09 -5.13425921e-05\n   3.53355185e-07 -6.76906471e-08  6.40220675e-07  1.36999306e-07\n  -1.93487146e-04  1.01978288e-06  2.50185339e-07 -1.52267438e-08\n   1.26286368e-04 -4.22172002e-08 -2.12358057e-07  2.08461467e-05\n   5.73180565e-08 -4.81246846e-08 -3.14380231e-12 -1.14654222e-12\n  -1.14889677e-14]\n [-9.88676016e-15 -1.15453065e-07 -1.46779494e-07 -8.42312664e-07\n   4.89228770e-09 -3.39275721e-07  1.61544622e-12 -5.87179187e-15\n  -3.26483125e-15  3.32501161e-10 -1.23131303e-07  1.47429360e-09\n  -4.75236297e-08  9.23039581e-06 -2.65700762e-07 -2.54326571e-07\n   1.56142114e-07 -3.00980173e-09  8.31692787e-08  1.38558830e-05\n  -9.29760289e-08 -1.26554092e-07  3.57080402e-08  2.48332858e-07\n   9.68914457e-05 -2.22954193e-07 -2.66521823e-07  2.16149511e-08\n   8.03574487e-07  7.77415627e-08 -3.80337919e-08  4.42625715e-05\n   4.67649265e-08 -6.61492904e-08 -5.48030254e-13  1.00268667e-12\n  -1.11243313e-14]\n [-3.97613351e-11 -5.80245538e-04 -7.56884656e-04 -8.35331949e-04\n   1.58028450e-04  2.63800621e-05  1.64459827e-09  6.62228984e-12\n  -3.87497044e-11  5.23451306e-05  3.34643316e-05  1.18400108e-05\n   1.91295329e-05  5.70055701e-02 -8.10732662e-04 -8.40547425e-04\n   3.74634369e-04 -5.13425921e-05  1.38558830e-05  8.27312455e-02\n  -4.33273951e-04 -5.06769115e-04 -6.22592780e-05 -2.71098328e-05\n   8.86299667e-02 -2.74421570e-04 -3.25164524e-04  3.83209968e-06\n  -1.80542475e-02  1.03584774e-04 -1.89226206e-05 -3.79718121e-03\n   3.74706652e-05 -4.44773629e-07  3.59425167e-09  1.93160312e-09\n  -1.75371898e-11]\n [-4.98447065e-14  8.40567336e-06  4.39124116e-06  2.74405963e-06\n  -8.32438182e-07 -2.77782108e-07 -4.14993771e-12  1.15274425e-13\n   3.47150247e-13 -8.58044648e-07 -1.72215732e-06 -3.32011725e-08\n  -1.76643040e-07 -8.10732714e-04  1.32802402e-05  1.19520885e-05\n  -1.30798681e-06  3.53355185e-07 -9.29760289e-08 -4.33273951e-04\n   6.51315137e-06  5.59675525e-06  4.75771656e-07  2.56392321e-07\n  -2.74421596e-04  1.91984268e-06  3.18649718e-06  1.19645860e-08\n   1.03584765e-04  4.91170488e-07  5.67653102e-07  3.74706764e-05\n   4.95130450e-07  4.01423476e-07 -2.91362022e-11 -1.75094483e-11\n   2.55349936e-13]\n [ 2.88945459e-13  8.67594202e-06  5.11640362e-06  3.25275790e-06\n   1.97697152e-07  6.09854488e-08 -3.98141099e-13  1.26678397e-13\n   5.80022723e-13 -1.02115366e-06 -1.62951255e-06 -2.89432995e-08\n  -1.62352023e-07 -8.40547492e-04  1.19520886e-05  1.35010692e-05\n  -1.46113018e-06 -6.76906471e-08 -1.26554092e-07 -5.06769115e-04\n   5.59675525e-06  7.89756312e-06 -1.05067670e-07  6.73043220e-09\n  -3.25164548e-04  3.18649738e-06  3.53347369e-06  1.87991061e-08\n  -1.89226253e-05  5.67653145e-07  9.80211275e-08 -4.44770358e-07\n   4.01423467e-07  1.95131080e-07 -2.87530611e-11 -3.85264716e-11\n   3.50385829e-13]\n [ 1.10014542e-13  1.15150824e-07  5.40571458e-07  1.84552045e-06\n  -2.16772596e-06 -3.58405790e-07 -1.32915756e-11 -4.59624984e-14\n  -5.41869041e-14  1.77113450e-08  1.69716143e-07 -2.86081204e-07\n  -4.49949448e-08 -1.69164729e-05 -2.79219591e-07 -2.33914428e-07\n  -4.23995241e-07  6.40220675e-07  3.57080402e-08 -6.22592780e-05\n   4.75771656e-07 -1.05067670e-07  1.48708438e-06  3.00484448e-07\n  -1.90355222e-04  1.31849643e-06  2.57271167e-07 -2.92388916e-08\n   2.76575635e-04  2.12092069e-07 -5.22443491e-07  4.51720768e-05\n   1.65435945e-07 -1.24590841e-07 -7.18715603e-12 -4.24492421e-12\n  -2.45436745e-14]\n [-3.99967073e-14  2.36146216e-07  2.00100411e-07 -8.56330396e-07\n  -3.62649420e-07 -1.20778425e-06  5.02585283e-12 -4.70452879e-14\n   2.30029630e-14 -2.13758977e-08 -3.63172823e-07 -2.01429533e-08\n  -1.84485223e-07 -3.09009402e-05 -3.45980600e-08 -6.04926155e-08\n  -3.44230882e-08  1.36999306e-07  2.48332858e-07 -2.71098328e-05\n   2.56392321e-07  6.73043220e-09  3.00484448e-07  8.90227089e-07\n   1.10736757e-04  2.05370147e-07 -4.71113126e-07  6.65852252e-08\n   4.52158042e-05  1.43600713e-07 -1.34642868e-07  1.57217614e-04\n   1.65686882e-07 -1.98151412e-07 -4.02332750e-12  1.11738464e-12\n  -2.37420474e-14]\n [-5.77426304e-11 -1.11364047e-04 -8.35331898e-04 -5.18264879e-03\n   5.38523181e-04 -1.89955030e-04  1.88156407e-09  3.83554149e-11\n  -5.13682766e-12 -1.13564450e-04 -6.69163926e-04  4.74792643e-05\n  -1.41873971e-05  7.86706248e-03 -1.05249460e-04 -3.20622251e-04\n   1.21396917e-03 -1.93487146e-04  9.68914457e-05  8.86299667e-02\n  -2.74421596e-04 -3.25164548e-04 -1.90355222e-04  1.10736757e-04\n   5.89007173e-01 -2.04049366e-03 -8.04691236e-04  2.63411805e-05\n  -5.73409019e-02  3.04745524e-04  9.50169589e-05  2.42514048e-02\n   3.68748455e-05 -8.11139319e-05  1.11657773e-09  3.01089354e-09\n  -1.84026729e-11]\n [ 3.60499299e-13  2.34029224e-07  2.74405970e-06  1.87146436e-05\n  -2.83091748e-06 -3.14947655e-07 -1.76080097e-11 -1.44597604e-13\n   3.21953799e-13 -2.77316259e-07  1.58833766e-06 -5.18806937e-07\n  -1.52565061e-07 -1.05249472e-04 -1.07462329e-05 -1.67480627e-06\n  -3.74122584e-06  1.01978288e-06 -2.22954193e-07 -2.74421570e-04\n   1.91984268e-06  3.18649738e-06  1.31849643e-06  2.05370147e-07\n  -2.04049366e-03  1.44242882e-05  4.10314478e-06 -3.00443352e-08\n   3.04745502e-04 -1.39766030e-06 -6.51423283e-07  3.68748605e-05\n   6.04171167e-07 -9.58273824e-08 -7.77205306e-12 -1.96700275e-11\n   1.20740748e-13]\n [-1.12580844e-13  2.85350557e-06  3.25275745e-06  7.27353155e-06\n  -8.65029955e-07  6.32661427e-07  6.97903245e-12  7.74018339e-14\n   1.43746356e-13 -6.73601337e-07  2.56166498e-07 -2.57937705e-07\n  -2.07880731e-08 -3.20622234e-04 -1.67480689e-06  2.78023135e-06\n  -1.98563923e-06  2.50185339e-07 -2.66521823e-07 -3.25164524e-04\n   3.18649718e-06  3.53347369e-06  2.57271167e-07 -4.71113126e-07\n  -8.04691236e-04  4.10314478e-06  4.88020396e-06 -5.44913566e-08\n   9.50169409e-05 -6.51423348e-07 -2.41044865e-07 -8.11139366e-05\n  -9.58273993e-08  4.97838371e-07 -1.95912600e-11 -1.79181944e-11\n   2.38288434e-13]\n [-7.06889197e-15  3.28952219e-08 -3.43521100e-08 -2.26924438e-07\n   5.75536997e-08 -9.29861026e-08  8.80911969e-13 -6.01334415e-16\n   6.15695213e-15 -9.63121640e-09 -5.61603187e-08  7.85722963e-09\n  -1.45881226e-08 -4.02135897e-06 -5.37305764e-09  2.31746402e-08\n   4.56283463e-08 -1.52267438e-08  2.16149511e-08  3.83209968e-06\n   1.19645860e-08  1.87991061e-08 -2.92388916e-08  6.65852252e-08\n   2.63411805e-05 -3.00443352e-08 -5.44913566e-08  7.70222880e-09\n  -7.14860415e-06  1.66805485e-08  1.09466178e-08  1.21757140e-05\n   1.54984412e-08 -1.20885150e-08 -6.66010766e-14  2.25042959e-13\n   8.13565062e-17]\n [ 2.12403766e-11  1.19303357e-05  1.58028445e-04  5.38523081e-04\n  -4.21425930e-04 -5.20350773e-05 -2.59019125e-09 -1.00196169e-11\n  -1.06118775e-11  5.93275861e-06  5.90222604e-05 -5.43866981e-05\n  -7.14000387e-06 -2.52690459e-03 -1.00871420e-04 -7.63371751e-05\n  -1.34587960e-04  1.26286368e-04  8.03574487e-07 -1.80542475e-02\n   1.03584765e-04 -1.89226253e-05  2.76575635e-04  4.52158042e-05\n  -5.73409019e-02  3.04745502e-04  9.50169409e-05 -7.14860415e-06\n   5.30709488e-02  9.85326525e-06 -9.82337341e-05  6.44288943e-03\n   2.14458577e-05 -1.96866828e-05 -1.50212116e-09 -7.26339379e-10\n  -3.94489825e-12]\n [-3.27065639e-14  1.33486828e-06 -8.32438270e-07 -2.83091767e-06\n   5.67496584e-08 -1.51132583e-07  6.54632893e-12  4.41616082e-14\n  -8.75158584e-15  5.93974967e-10 -4.95538283e-07  3.06570811e-08\n  -5.02825025e-09 -1.00871425e-04  4.85932810e-06  2.82803914e-06\n   8.58343288e-07 -4.22172002e-08  7.77415627e-08  1.03584774e-04\n   4.91170488e-07  5.67653145e-07  2.12092069e-07  1.43600713e-07\n   3.04745524e-04 -1.39766030e-06 -6.51423348e-07  1.66805485e-08\n   9.85326525e-06  1.05605617e-06 -2.68354002e-07  2.14458636e-05\n   3.57575649e-07 -1.56410259e-08  8.34303394e-13 -7.55214941e-12\n   2.44930861e-14]\n [ 1.47413581e-14  9.37600859e-07  1.97697113e-07 -8.65029934e-07\n   7.84035736e-07  1.59012383e-07 -5.15391222e-12  9.87116237e-15\n  -5.35969569e-14 -1.12220425e-08 -2.95908906e-07  1.44459389e-07\n   6.62755505e-09 -7.63371577e-05  2.82803883e-06  2.20108351e-06\n   5.54799466e-08 -2.12358057e-07 -3.80337919e-08 -1.89226206e-05\n   5.67653102e-07  9.80211275e-08 -5.22443491e-07 -1.34642868e-07\n   9.50169589e-05 -6.51423283e-07 -2.41044865e-07  1.09466178e-08\n  -9.82337341e-05 -2.68354002e-07  1.61669323e-06 -1.96866840e-05\n  -1.56410184e-08  2.64548333e-07 -1.21001961e-12  2.26706582e-11\n  -3.19995983e-14]\n [-1.02074813e-11  2.38295326e-05  2.63800686e-05 -1.89955048e-04\n  -5.20350801e-05 -2.16305196e-04  1.23281425e-09 -8.57832847e-12\n   3.65605027e-12 -5.03649488e-06 -6.68601190e-05 -2.76338385e-06\n  -3.36256570e-05 -3.91988259e-03 -6.56940781e-05 -3.97710868e-05\n   3.48854951e-06  2.08461467e-05  4.42625715e-05 -3.79718121e-03\n   3.74706764e-05 -4.44770358e-07  4.51720768e-05  1.57217614e-04\n   2.42514048e-02  3.68748605e-05 -8.11139366e-05  1.21757140e-05\n   6.44288943e-03  2.14458636e-05 -1.96866840e-05  2.81143787e-02\n   2.65800967e-05 -3.56347132e-05 -6.21083139e-10  3.50445697e-10\n  -3.88292482e-12]\n [ 4.30279522e-14  6.85691288e-07 -2.77782052e-07 -3.14947736e-07\n  -1.51132550e-07 -2.03045823e-07 -2.57949518e-12  1.14433620e-14\n   2.62776401e-14 -5.95312773e-08 -2.46760534e-07 -2.05127413e-08\n  -2.36465337e-08 -6.56940692e-05  1.04310558e-06  9.74363206e-07\n   2.36434122e-07  5.73180565e-08  4.67649265e-08  3.74706652e-05\n   4.95130450e-07  4.01423467e-07  1.65435945e-07  1.65686882e-07\n   3.68748455e-05  6.04171167e-07 -9.58273993e-08  1.54984412e-08\n   2.14458577e-05  3.57575649e-07 -1.56410184e-08  2.65800967e-05\n   3.37113114e-07 -3.50802976e-08 -1.81917490e-12 -1.67419595e-12\n   6.24275121e-15]\n [-7.37035990e-14  4.57019023e-07  6.09854905e-08  6.32661405e-07\n   1.59012387e-07  2.78039847e-07  2.20039662e-12  2.55836653e-14\n  -2.79165314e-14 -3.43494220e-08  5.70084910e-08  1.88812557e-08\n   3.43862322e-08 -3.97710807e-05  9.74363271e-07  8.30251691e-07\n  -1.21327575e-07 -4.81246846e-08 -6.61492904e-08 -4.44773629e-07\n   4.01423476e-07  1.95131080e-07 -1.24590841e-07 -1.98151412e-07\n  -8.11139319e-05 -9.58273824e-08  4.97838371e-07 -1.20885150e-08\n  -1.96866828e-05 -1.56410259e-08  2.64548333e-07 -3.56347132e-05\n  -3.50802976e-08  1.94625080e-07 -1.04441949e-13  1.64659684e-12\n   2.12510798e-14]\n [-2.79587345e-18 -3.80397561e-11 -3.36946405e-11 -1.24794775e-11\n   1.17380629e-11  4.50718764e-12  1.95323630e-16 -3.83305038e-19\n  -1.82541560e-18  5.64546470e-12  8.23177503e-12  1.84291585e-12\n   1.33211242e-12  3.91639484e-09 -3.88129681e-11 -4.75661960e-11\n   1.01236274e-11 -3.14380231e-12 -5.48030254e-13  3.59425167e-09\n  -2.91362022e-11 -2.87530611e-11 -7.18715603e-12 -4.02332750e-12\n   1.11657773e-09 -7.77205306e-12 -1.95912600e-11 -6.66010766e-14\n  -1.50212116e-09  8.34303394e-13 -1.21001961e-12 -6.21083139e-10\n  -1.81917490e-12 -1.04441949e-13  2.90757016e-16  7.65906076e-17\n  -1.17939719e-18]\n [-1.29611443e-18 -3.49121185e-11 -1.98322307e-11 -2.77247676e-11\n   5.44338024e-12 -3.01752916e-12 -2.00526936e-18 -6.65175803e-19\n  -4.45944404e-18  5.15761107e-12  4.93831511e-12  1.54167854e-12\n  -1.33565760e-13  3.56030992e-09 -3.55195130e-11 -4.51105669e-11\n   6.87474891e-12 -1.14654222e-12  1.00268667e-12  1.93160312e-09\n  -1.75094483e-11 -3.85264716e-11 -4.24492421e-12  1.11738464e-12\n   3.01089354e-09 -1.96700275e-11 -1.79181944e-11  2.25042959e-13\n  -7.26339379e-10 -7.55214941e-12  2.26706582e-11  3.50445697e-10\n  -1.67419595e-12  1.64659684e-12  7.65906076e-17  6.16070108e-16\n  -2.09379333e-18]\n [-1.24774209e-21  3.59849680e-13  1.89887573e-13  1.70252496e-13\n   3.29640210e-14  3.22229409e-14  1.02902871e-18  1.01693356e-20\n   2.46976296e-20 -5.38625622e-14 -5.88474377e-14 -2.24385333e-15\n  -3.98490125e-15 -3.56112413e-11  3.97120366e-13  5.22964250e-13\n  -4.96497477e-14 -1.14889677e-14 -1.11243313e-14 -1.75371898e-11\n   2.55349936e-13  3.50385829e-13 -2.45436745e-14 -2.37420474e-14\n  -1.84026729e-11  1.20740748e-13  2.38288434e-13  8.13565062e-17\n  -3.94489825e-12  2.44930861e-14 -3.19995983e-14 -3.88292482e-12\n   6.24275121e-15  2.12510798e-14 -1.17939719e-18 -2.09379333e-18\n   2.22864878e-20]]', 'hess_sum': '[[ 1.79958387e-11 -8.92984219e-13  5.20963034e-12  6.20342691e-13\n  -9.91002515e-13  7.18883673e-14 -3.81251090e-11 -2.19882246e-12\n  -4.65675726e-12  3.37518169e-13  1.44893156e-12 -1.41261160e-13\n  -1.50613292e-13 -1.38372339e-10 -2.27639674e-12 -1.97436353e-12\n  -3.45734976e-14 -6.76120669e-14 -1.81556947e-13 -3.83071925e-10\n  -2.88811393e-12 -7.04712673e-13  1.84437908e-13 -2.05939383e-13\n   8.44360128e-10  6.81249348e-12  2.36889535e-12  2.64034247e-14\n   1.12580200e-11  1.14751270e-13  7.28473925e-14  1.13108708e-12\n  -5.27229311e-13 -4.15170544e-14 -7.54383697e-10 -3.33506107e-10\n   1.16938698e-11]\n [-8.92984219e-13 -1.62856014e-05 -1.64072513e-06 -2.59188034e-06\n   4.50175177e-07 -2.82291035e-07 -1.46692596e-10 -1.82907564e-12\n  -1.24745541e-12  2.73959987e-06  2.00436919e-06  3.15007908e-08\n  -1.93352960e-07  1.77384676e-03 -1.61128382e-05 -1.22369719e-05\n   1.56945161e-06 -4.11194926e-07 -2.51588437e-07  2.26554929e-04\n   2.48026199e-07  1.18999819e-06  1.60338003e-07 -1.83415764e-07\n   3.16725243e-04  7.22049108e-07 -1.50459774e-06  1.96780653e-08\n  -6.15972391e-05 -9.93163343e-08 -3.27251479e-07  3.31755234e-05\n  -3.21801738e-07 -4.67782459e-07  2.25868022e-10 -1.00669720e-10\n  -3.01984852e-12]\n [ 5.20963034e-12 -1.64072513e-06 -2.38789168e-05 -4.25553247e-06\n   8.31577433e-07 -2.80063268e-08 -2.82814419e-10 -4.69059030e-13\n   3.71320088e-13 -8.67637962e-07  5.59786539e-07 -1.51611914e-07\n  -3.42605079e-07  2.26554927e-04  2.48026112e-07  1.18999787e-06\n   4.02157485e-06  2.22539440e-07 -4.28928195e-07  2.72937154e-03\n  -7.50852088e-06 -1.03108841e-05 -6.84895166e-07  4.13741143e-07\n   4.44533689e-04 -1.22739565e-07 -5.32820922e-07  5.12745211e-08\n  -1.20929022e-04 -7.75527661e-07 -3.82620023e-07  1.71665508e-05\n   3.96009036e-07 -3.51493929e-07 -3.42526267e-10 -3.75735061e-11\n   2.20216371e-14]\n [ 6.20342691e-13 -2.59188034e-06 -4.25553247e-06 -3.38278126e-05\n  -2.36150023e-07 -6.71677551e-07 -6.39065031e-10  3.64584823e-13\n   6.20803695e-12  1.17845557e-07 -2.91390316e-06  5.11921082e-07\n  -5.31986817e-07  3.16725224e-04  7.22049915e-07 -1.50459824e-06\n   8.59978583e-06  4.60005425e-07  9.59829590e-10  4.44533641e-04\n  -1.22738769e-07 -5.32819753e-07  9.46244091e-07  1.96211694e-07\n   4.03248595e-03 -1.00173575e-05 -8.23779788e-06  9.68489873e-08\n   4.28828246e-05 -8.80726630e-08  6.23082334e-07  9.31346918e-05\n   4.56964579e-07  1.94201306e-07 -5.19168322e-11  7.10714311e-10\n  -4.82814697e-12]\n [-9.91002515e-13  4.50175177e-07  8.31577433e-07 -2.36150023e-07\n  -3.32147010e-06  2.88193938e-08  3.94776137e-11  4.78921392e-13\n   9.72911916e-14 -3.54649982e-07  2.02768954e-08 -4.59041938e-07\n   3.32577063e-09 -6.15972295e-05 -9.93164545e-08 -3.27251587e-07\n  -6.61626563e-07  9.04479990e-07  2.84007847e-08 -1.20929016e-04\n  -7.75527671e-07 -3.82619936e-07  1.77764622e-06  2.76423249e-08\n   4.28828684e-05 -8.80728086e-08  6.23082302e-07 -6.94155301e-08\n   4.13001065e-04 -4.44773672e-07 -9.65661999e-07 -6.23607476e-06\n  -1.79349057e-07 -4.91362765e-08 -1.45567315e-11 -2.37948198e-11\n   2.13232818e-13]\n [ 7.18883673e-14 -2.82291035e-07 -2.80063268e-08 -6.71677551e-07\n   2.88193938e-08 -2.61810162e-06  7.17096743e-12 -3.42901979e-13\n   3.79242452e-14 -2.78332286e-07 -1.77581694e-07  1.02186194e-08\n  -3.53040414e-07  3.31755260e-05 -3.21801671e-07 -4.67782484e-07\n   6.71740846e-07  2.88305464e-08  5.61514470e-07  1.71665278e-05\n   3.96008993e-07 -3.51493899e-07  4.61669543e-08  1.46029555e-06\n   9.31346722e-05  4.56964343e-07  1.94201574e-07  1.70953457e-07\n  -6.23608132e-06 -1.79349053e-07 -4.91362768e-08  3.31540953e-04\n   1.12104372e-07 -7.33680573e-07  1.40998613e-13 -2.43296350e-11\n   3.03713660e-14]\n [-3.81251090e-11 -1.46692596e-10 -2.82814419e-10 -6.39065031e-10\n   3.94776137e-11  7.17096743e-12 -2.23593210e-07 -3.67206959e-10\n  -1.40316263e-09  3.85081067e-11 -9.34454163e-11  5.30436148e-12\n   5.01120740e-12 -3.18441088e-08 -1.01483736e-10  8.89706935e-11\n  -1.23561172e-10  1.18596592e-11  6.76429031e-12  8.15513266e-08\n  -1.34638487e-10  1.57418260e-10  2.39766859e-11 -4.17665077e-12\n   3.35786731e-07 -2.55784992e-10 -8.96977168e-11  1.14151394e-12\n   6.15669770e-09 -2.30738503e-12  1.28039183e-11  3.19416795e-09\n  -1.47714097e-13 -2.27718888e-11 -8.67419583e-08  1.45750549e-07\n  -1.42690192e-09]\n [-2.19882246e-12 -1.82907564e-12 -4.69059030e-13  3.64584823e-13\n   4.78921392e-13 -3.42901979e-13 -3.67206959e-10  4.39251447e-12\n   6.39679820e-12  2.65197361e-13 -9.26029468e-13  1.08364124e-14\n   4.56097793e-15 -1.23305190e-10  2.37749555e-12 -3.63024992e-12\n  -1.01008453e-12  4.99104069e-14 -4.79816083e-14 -9.50995888e-12\n  -2.99658936e-13  2.40167858e-13  6.19319843e-14  8.33389966e-16\n  -2.63019080e-10  3.42708730e-12 -2.95182380e-12 -1.16993879e-14\n   6.52896418e-12  1.29134250e-13 -3.66123640e-13 -1.86751481e-12\n  -3.13758926e-13 -1.11445075e-13 -1.05215996e-09  3.90090653e-10\n   2.22401001e-11]\n [-4.65675726e-12 -1.24745541e-12  3.71320088e-13  6.20803695e-12\n   9.72911916e-14  3.79242452e-14 -1.40316263e-09  6.39679820e-12\n  -1.87650755e-12  1.21774737e-13  2.49818390e-13 -1.01226415e-13\n   6.68042473e-14  3.55757378e-11 -1.86856456e-12 -1.87056422e-12\n  -1.45894352e-13  4.43121331e-14  3.36528664e-14 -2.51167513e-10\n   1.00737684e-13 -6.90540623e-13 -2.13865546e-13 -1.02284622e-13\n  -4.79622293e-12 -3.89506372e-12 -4.56117515e-12  7.71935624e-15\n  -1.55448787e-11  3.90010911e-13 -4.85069283e-15 -4.12907290e-11\n  -1.09813854e-13  6.53659511e-14  1.63142462e-10 -2.57156645e-10\n  -7.64313550e-12]\n [ 3.37518169e-13  2.73959987e-06 -8.67637962e-07  1.17845557e-07\n  -3.54649982e-07 -2.78332286e-07  3.85081067e-11  2.65197361e-13\n   1.21774737e-13 -1.58602732e-06 -2.90929778e-07 -1.10339694e-07\n   3.83916527e-08 -3.23213848e-04  1.36863160e-06  6.05176716e-07\n  -3.43961308e-07  2.08263363e-07  8.89251238e-08  8.43751715e-05\n  -6.47812481e-07 -1.10972572e-06 -1.21860161e-07  1.40648840e-07\n  -1.35488737e-05 -5.23677500e-07  4.74025881e-07  1.41601034e-08\n   4.11395683e-05 -1.87887832e-07 -8.52107813e-08  3.14308067e-05\n  -5.42253571e-08 -9.39498921e-08 -2.83790194e-11 -2.21034991e-11\n   1.35993060e-13]\n [ 1.44893156e-12  2.00436919e-06  5.59786539e-07 -2.91390316e-06\n   2.02768954e-08 -1.77581694e-07 -9.34454163e-11 -9.26029468e-13\n   2.49818390e-13 -2.90929778e-07 -1.95357136e-06  1.05497375e-07\n   2.52006902e-08 -2.35743217e-04  1.52927026e-06  1.67475253e-06\n   9.01451807e-07  3.28578300e-08  4.63345749e-08 -7.64999046e-05\n   1.13500943e-07  7.89120490e-08  9.46603149e-08  1.12724862e-08\n   3.64055872e-04  1.12748222e-07 -1.09772025e-06  1.59957572e-08\n  -1.08588963e-06  3.28838060e-08  9.13611842e-08  2.15702617e-05\n   5.95871799e-08  4.01202165e-08  8.16421276e-11 -2.73984661e-11\n   5.43675932e-14]\n [-1.41261160e-13  3.15007908e-08 -1.51611914e-07  5.11921082e-07\n  -4.59041938e-07  1.02186194e-08  5.30436148e-12  1.08364124e-14\n  -1.01226415e-13 -1.10339694e-07  1.05497375e-07 -1.65385618e-07\n   6.53082312e-09 -1.03727268e-05 -5.74279697e-07 -2.36760642e-07\n  -2.49783109e-07  9.37340103e-08  9.91357871e-09  1.56136021e-05\n  -1.20744621e-07 -9.14071174e-08  2.07221671e-07  8.53510186e-09\n  -6.25447696e-05  1.07239066e-07  1.59696959e-07 -1.01767788e-08\n   5.63221766e-05 -6.49734753e-08 -2.25174170e-07 -2.42094082e-06\n  -3.64214482e-08 -3.23447768e-08 -5.00692858e-12  3.43119923e-12\n  -6.67444650e-14]\n [-1.50613292e-13 -1.93352960e-07 -3.42605079e-07 -5.31986817e-07\n   3.32577063e-09 -3.53040414e-07  5.01120740e-12  4.56097793e-15\n   6.68042473e-14  3.83916527e-08  2.52006902e-08  6.53082312e-09\n  -1.05115788e-07  2.68029402e-05  6.50051704e-08  1.21899981e-08\n   2.21149099e-07  1.05101928e-08  7.02508051e-08  3.98670968e-05\n  -7.64807134e-08 -1.72488881e-07  3.06204856e-08  1.70987863e-07\n   6.53880948e-05 -5.27377048e-08 -9.98127191e-08  2.65464496e-08\n  -1.32692945e-06 -3.32441875e-08 -2.67008270e-08  4.51653625e-05\n   1.47419659e-08 -1.11695122e-07 -6.24695611e-13 -1.47698567e-12\n  -3.12677567e-14]\n [-1.38372339e-10  1.77384676e-03  2.26554927e-04  3.16725224e-04\n  -6.15972295e-05  3.31755260e-05 -3.18441088e-08 -1.23305190e-10\n   3.55757378e-11 -3.23213848e-04 -2.35743217e-04 -1.03727268e-05\n   2.68029402e-05 -1.98235528e-01  1.42543961e-03  1.14172075e-03\n  -1.89165000e-04  5.08918693e-05  2.70748388e-05 -3.02434703e-02\n   1.60313316e-05 -9.25200066e-05 -1.97962646e-05  2.09761543e-05\n  -3.86906075e-02 -6.34446245e-05  2.05429231e-04 -2.77081625e-06\n   8.20461671e-03  7.87998377e-06  2.84122447e-05 -4.08031001e-03\n   2.75142570e-05  4.64170797e-05  1.00193843e-08 -3.41113147e-09\n   1.78608363e-10]\n [-2.27639674e-12 -1.61128382e-05  2.48026112e-07  7.22049915e-07\n  -9.93164545e-08 -3.21801671e-07 -1.01483736e-10  2.37749555e-12\n  -1.86856456e-12  1.36863160e-06  1.52927026e-06 -5.74279697e-07\n   6.50051704e-08  1.42543961e-03 -4.27867195e-05 -2.48532466e-05\n   1.25214393e-07 -5.14016234e-08 -7.09219034e-08  1.60313196e-05\n   3.43166982e-06  3.17146530e-06  5.18393595e-08 -2.00406592e-08\n  -6.34446877e-05  3.81883341e-06  1.36982127e-06 -2.69831748e-09\n   7.87999191e-06  1.81445734e-07 -4.76257654e-07  2.75142580e-05\n  -9.58234981e-07 -7.28591698e-07  7.22996631e-11 -1.22193455e-10\n  -3.67328983e-12]\n [-1.97436353e-12 -1.22369719e-05  1.18999787e-06 -1.50459824e-06\n  -3.27251587e-07 -4.67782484e-07  8.89706935e-11 -3.63024992e-12\n  -1.87056422e-12  6.05176716e-07  1.67475253e-06 -2.36760642e-07\n   1.21899981e-08  1.14172075e-03 -2.48532466e-05 -2.00840098e-05\n   7.91292067e-07 -1.83253367e-09 -5.30017028e-08 -9.25199634e-05\n   3.17146508e-06  2.52688004e-06  9.07736544e-08  1.61580052e-08\n   2.05429221e-04  1.36982143e-06 -5.71532521e-08  7.46826099e-09\n   2.84122503e-05 -4.76257772e-07 -6.17549437e-07  4.64170850e-05\n  -7.28591813e-07 -7.07142843e-07  2.16559148e-11  3.99014031e-10\n   1.89702295e-12]\n [-3.45734976e-14  1.56945161e-06  4.02157485e-06  8.59978583e-06\n  -6.61626563e-07  6.71740846e-07 -1.23561172e-10 -1.01008453e-12\n  -1.45894352e-13 -3.43961308e-07  9.01451807e-07 -2.49783109e-07\n   2.21149099e-07 -1.89165000e-04  1.25214393e-07  7.91292067e-07\n  -4.65036599e-06 -2.36079248e-08  5.28218191e-09 -4.91051694e-04\n  -1.31922101e-06  1.01227323e-06  3.79896513e-08 -1.23172925e-07\n  -1.03518684e-03  1.32964625e-06  1.38064058e-06 -7.67246028e-08\n   8.12574982e-05  3.14471626e-07 -1.76245476e-07 -8.38526705e-05\n   8.05133459e-08  1.73162015e-07  2.60026180e-10  2.11236663e-10\n  -7.65662963e-14]\n [-6.76120669e-14 -4.11194926e-07  2.22539440e-07  4.60005425e-07\n   9.04479990e-07  2.88305464e-08  1.18596592e-11  4.99104069e-14\n   4.43121331e-14  2.08263363e-07  3.28578300e-08  9.37340103e-08\n   1.05101928e-08  5.08918693e-05 -5.14016234e-08 -1.83253367e-09\n  -2.36079248e-08 -3.52705721e-07  4.88488788e-09 -1.77295159e-05\n   2.20870402e-07  3.83821872e-07 -5.25067085e-07 -5.65801422e-08\n  -5.99498582e-05  1.69594828e-07 -1.28347194e-07  1.62877975e-08\n  -1.13925639e-04  4.68934781e-08  1.98192036e-07 -3.82643054e-06\n   1.05944227e-08  1.59242501e-08 -5.34079274e-12  5.37808844e-12\n  -1.62812099e-14]\n [-1.81556947e-13 -2.51588437e-07 -4.28928195e-07  9.59829590e-10\n   2.84007847e-08  5.61514470e-07  6.76429031e-12 -4.79816083e-14\n   3.36528664e-14  8.89251238e-08  4.63345749e-08  9.91357871e-09\n   7.02508051e-08  2.70748388e-05 -7.09219034e-08 -5.30017028e-08\n   5.28218191e-09  4.88488788e-09 -2.17687615e-07  5.26713559e-05\n   1.11531868e-07  3.12028149e-07 -2.99864504e-08 -3.11632724e-07\n   1.15155229e-06  1.79481856e-07  2.62471514e-08 -3.62206009e-08\n  -3.60110906e-06  1.27797743e-08  2.08562138e-08 -7.07449718e-05\n   1.23191001e-08  1.61392641e-07  4.78181178e-12 -4.84311569e-12\n   4.70490557e-15]\n [-3.83071925e-10  2.26554929e-04  2.72937154e-03  4.44533641e-04\n  -1.20929016e-04  1.71665278e-05  8.15513266e-08 -9.50995888e-12\n  -2.51167513e-10  8.43751715e-05 -7.64999046e-05  1.56136021e-05\n   3.98670968e-05 -3.02434703e-02  1.60313196e-05 -9.25199634e-05\n  -4.91051694e-04 -1.77295159e-05  5.26713559e-05 -3.15602824e-01\n   6.76308318e-04  1.03133906e-03  8.71024040e-05 -5.16474871e-05\n  -4.56447940e-02 -3.47496849e-06  3.29941397e-05 -7.06120983e-06\n   1.68989867e-02  7.79821988e-05  3.09880493e-05 -3.81725882e-03\n  -5.14359414e-05  3.87615734e-05  1.31370074e-08 -6.32137975e-09\n   8.75428988e-12]\n [-2.88811393e-12  2.48026199e-07 -7.50852088e-06 -1.22738769e-07\n  -7.75527671e-07  3.96008993e-07 -1.34638487e-10 -2.99658936e-13\n   1.00737684e-13 -6.47812481e-07  1.13500943e-07 -1.20744621e-07\n  -7.64807134e-08  1.60313316e-05  3.43166982e-06  3.17146508e-06\n  -1.31922101e-06  2.20870402e-07  1.11531868e-07  6.76308318e-04\n  -1.89937099e-05 -1.22168657e-05  1.34440775e-07  4.06982651e-08\n  -3.47497521e-06 -1.87865229e-06 -1.31705964e-06 -2.84814804e-08\n   7.79821990e-05 -5.79499652e-07 -9.59226572e-07 -5.14359415e-05\n  -6.73871083e-07 -3.90799070e-07 -4.54503597e-10  1.22593418e-10\n  -8.90714250e-13]\n [-7.04712673e-13  1.18999819e-06 -1.03108841e-05 -5.32819753e-07\n  -3.82619936e-07 -3.51493899e-07  1.57418260e-10  2.40167858e-13\n  -6.90540623e-13 -1.10972572e-06  7.89120490e-08 -9.14071174e-08\n  -1.72488881e-07 -9.25200066e-05  3.17146530e-06  2.52688004e-06\n   1.01227323e-06  3.83821872e-07  3.12028149e-07  1.03133906e-03\n  -1.22168657e-05 -1.48620594e-05 -1.85067960e-08  2.13720524e-07\n   3.29940085e-05 -1.31705969e-06 -5.91765805e-07  3.64693839e-08\n   3.09880475e-05 -9.59226527e-07 -5.87167646e-07  3.87615870e-05\n  -3.90799073e-07 -5.16953534e-07 -7.09010212e-11 -1.50212542e-10\n  -2.68961567e-13]\n [ 1.84437908e-13  1.60338003e-07 -6.84895166e-07  9.46244091e-07\n   1.77764622e-06  4.61669543e-08  2.39766859e-11  6.19319843e-14\n  -2.13865546e-13 -1.21860161e-07  9.46603149e-08  2.07221671e-07\n   3.06204856e-08 -1.97962646e-05  5.18393595e-08  9.07736544e-08\n   3.79896513e-08 -5.25067085e-07 -2.99864504e-08  8.71024040e-05\n   1.34440775e-07 -1.85067960e-08 -1.29108214e-06 -1.23487375e-08\n  -1.21580922e-04  1.42420859e-08  2.73970369e-07  3.68132156e-08\n  -2.28658984e-04 -1.26017370e-07  4.31647288e-07 -5.09111892e-06\n   4.25508488e-08 -6.84149317e-09 -2.23928790e-11  3.41656282e-11\n   7.19016762e-14]\n [-2.05939383e-13 -1.83415764e-07  4.13741143e-07  1.96211694e-07\n   2.76423249e-08  1.46029555e-06 -4.17665077e-12  8.33389966e-16\n  -1.02284622e-13  1.40648840e-07  1.12724862e-08  8.53510186e-09\n   1.70987863e-07  2.09761543e-05 -2.00406592e-08  1.61580052e-08\n  -1.23172925e-07 -5.65801422e-08 -3.11632724e-07 -5.16474871e-05\n   4.06982651e-08  2.13720524e-07 -1.23487375e-08 -1.11699197e-06\n  -2.46600169e-05  7.38985740e-08 -1.60882570e-08 -9.21521324e-08\n  -2.28732123e-06  6.43480472e-08 -1.91266943e-08 -1.90738030e-04\n  -2.80105794e-07  4.03536353e-07 -2.04523988e-11  1.18727496e-12\n  -8.90958442e-14]\n [ 8.44360128e-10  3.16725243e-04  4.44533689e-04  4.03248595e-03\n   4.28828684e-05  9.31346722e-05  3.35786731e-07 -2.63019080e-10\n  -4.79622293e-12 -1.35488737e-05  3.64055872e-04 -6.25447696e-05\n   6.53880948e-05 -3.86906075e-02 -6.34446877e-05  2.05429221e-04\n  -1.03518684e-03 -5.99498582e-05  1.15155229e-06 -4.56447940e-02\n  -3.47497521e-06  3.29940085e-05 -1.21580922e-04 -2.46600169e-05\n  -4.84781741e-01  1.00411333e-03  9.73707056e-04 -1.21121562e-05\n  -6.68973679e-03  2.55664843e-05 -6.83436155e-05 -1.24693923e-02\n  -3.46755437e-05 -1.19117065e-05  9.41785370e-08 -1.35240021e-08\n   1.04885240e-10]\n [ 6.81249348e-12  7.22049108e-07 -1.22739565e-07 -1.00173575e-05\n  -8.80728086e-08  