{'theta_hat': '[-2.80446294e-10  2.66715732e-04 -2.18072952e-03 -8.10531142e-03\n  4.76175023e-04 -3.90252205e-04 -1.87897410e-10  5.99863597e-11\n -1.65209636e-10  1.04224678e-04 -1.05765982e-03  1.76719666e-04\n  1.38520371e-05 -8.94443623e-04  4.66502310e-03  1.93879681e-04\n  2.02135469e-03 -1.09022744e-04  1.70024255e-04  2.33944408e-01\n  1.29859158e-04 -2.02463156e-03 -7.08339935e-05  2.99375946e-04\n  8.95113235e-01 -4.70869401e-03 -2.17780220e-03  3.60553642e-05\n -4.45712559e-02  8.79536256e-04  3.45551248e-04  4.77939614e-02\n  2.79257197e-04  1.33671787e-05  4.85786817e-09  1.36702382e-08\n -1.03740858e-10]', 'theta_bar': '[ 8.69130206e-03  1.27518066e-03 -1.95646829e-03 -5.81777688e-03\n -4.38659023e-04 -3.24709246e-04 -9.88034273e-01  4.14955485e-03\n  2.40506274e-03 -1.73378279e-04 -8.08371915e-04 -2.25054872e-05\n -2.74199718e-05 -1.36716944e-01  1.59293951e-03  5.48349345e-04\n  1.35587777e-03  1.26459460e-04  8.43456062e-05  2.27565786e-01\n -3.16173339e-04 -3.87676455e-04  3.32477759e-04  2.29162455e-04\n  6.85779916e-01 -9.91956702e-04 -4.98056083e-05  1.48281346e-05\n  5.27599041e-02  1.64991678e-04  2.56739121e-05  3.78509878e-02\n -5.44874016e-05 -3.86526695e-05 -3.43703420e-01 -1.87434378e-01\n  6.84153353e-03]', 'grad_op_sum': '[[ 3.64736015e-20  1.08225934e-13  2.56469692e-13  6.80864957e-13\n   1.88591712e-14  7.14403692e-14  1.85044647e-19 -5.77511221e-21\n   1.54323001e-20  9.18501781e-15  9.07160148e-14  1.23369756e-15\n   4.29442125e-15 -8.12672581e-12  2.82345395e-13  3.54778861e-13\n  -2.00318460e-13 -1.19775779e-14 -1.97980504e-14 -2.76562551e-11\n  -1.66673456e-14  2.33676063e-13 -2.70187351e-14 -4.84158747e-14\n  -7.72453256e-11  1.85228236e-13  1.19497761e-13 -4.61215240e-15\n  -2.70187671e-12 -4.33708790e-14 -5.16618400e-15 -8.58489315e-12\n  -4.28121242e-14  3.15749711e-15 -4.39638783e-19 -1.40608556e-18\n   1.03380487e-20]\n [ 1.08225934e-13  1.29337562e-05  5.91846860e-06  1.72840231e-06\n  -2.19294660e-08 -1.18891741e-08 -3.05167131e-12  1.71398159e-13\n   5.15532450e-13 -9.99467265e-07 -2.59266843e-06  1.60824520e-07\n  -1.75411768e-07 -1.19585321e-03  2.56920098e-05  2.07719302e-05\n  -1.42333026e-06  8.60787114e-08 -1.36545017e-07 -5.78529206e-04\n   8.45921993e-06  8.55620540e-06  1.22954244e-07  1.37167817e-07\n  -1.72380038e-04  1.46104890e-07  3.08008697e-06  1.84249686e-08\n   1.90584446e-05  1.40614382e-06  1.00375729e-06  9.56430170e-06\n   6.65458775e-07  5.26502111e-07 -3.64807632e-11 -2.99409291e-11\n   3.61522875e-13]\n [ 2.56469692e-13  5.91846860e-06  6.61691798e-06  8.74979037e-06\n  -1.19788516e-06  2.68056983e-07 -1.04837518e-11 -1.21550496e-14\n   3.39628844e-13 -5.56303390e-07 -2.28461174e-07 -9.30846746e-08\n  -1.07336865e-07 -5.78529242e-04  8.45921976e-06  8.55620517e-06\n  -3.40253900e-06  3.97894194e-07 -2.38730660e-07 -7.08432626e-04\n   4.46617098e-06  4.95889680e-06  3.75372751e-07 -1.22752886e-07\n  -9.50773628e-04  2.60907970e-06  3.81430567e-06 -5.36907517e-08\n   1.34170948e-04 -8.44457275e-07  1.60683029e-07 -3.07939423e-05\n  -3.34249096e-07  2.36682096e-07 -3.22822160e-11 -2.00735644e-11\n   2.23701500e-13]\n [ 6.80864957e-13  1.72840231e-06  8.74979037e-06  4.05816570e-05\n  -5.62112649e-06  2.78755054e-07 -2.17806193e-11 -5.01151175e-13\n   3.14493997e-13  7.22161280e-07  4.37906701e-06 -4.96465857e-07\n  -1.35905187e-07 -1.72380016e-04  1.46105043e-07  3.08008745e-06\n  -1.00381526e-05  2.04342777e-06 -6.46381905e-07 -9.50773627e-04\n   2.60907977e-06  3.81430598e-06  2.38600233e-06 -9.84302354e-08\n  -4.51041252e-03  1.86475339e-05  5.45976849e-06 -1.73205580e-07\n   6.14330363e-04 -2.92726809e-06 -8.93789185e-07 -3.70468268e-05\n  -3.96357085e-07 -3.48728234e-08 -1.39780192e-11 -2.59165838e-11\n   1.18424225e-13]\n [ 1.88591712e-14 -2.19294660e-08 -1.19788516e-06 -5.62112649e-06\n   1.37788152e-06  2.59950031e-07  6.95296571e-12  7.93208971e-14\n  -6.15881481e-15 -5.85421640e-08 -4.87530269e-07  1.23657184e-07\n   5.46898893e-08  1.90584473e-05  1.40614361e-06  1.00375727e-06\n   1.41061521e-06 -5.15119164e-07  5.56951767e-08  1.34170946e-04\n  -8.44457237e-07  1.60683033e-07 -6.47971756e-07 -1.96908095e-07\n   6.14330437e-04 -2.92726795e-06 -8.93789215e-07  2.08991281e-08\n  -1.53448134e-04  5.83413965e-07  1.72805129e-07 -3.02688345e-05\n  -2.76841304e-08  1.35897513e-08  4.08400268e-12 -8.14250264e-13\n   1.50205936e-14]\n [ 7.14403692e-14 -1.18891741e-08  2.68056983e-07  2.78755054e-07\n   2.59950031e-07  1.91713019e-07  1.16514861e-12 -3.89945026e-15\n   1.24292578e-14  4.40645639e-08  1.43585018e-07  3.00165454e-08\n   2.38416352e-08  9.56430616e-06  6.65458790e-07  5.26502071e-07\n  -1.59736138e-07 -1.08125282e-07 -2.76760445e-08 -3.07939368e-05\n  -3.34249145e-07  2.36682069e-07 -1.65699333e-07 -1.32481207e-07\n  -3.70468004e-05 -3.96357011e-07 -3.48728729e-08 -7.84259615e-09\n  -3.02688347e-05 -2.76841417e-08  1.35897537e-08 -2.30955243e-05\n  -1.29234915e-07 -1.24173236e-09  1.67261905e-13 -1.75553769e-12\n   1.11903528e-14]\n [ 1.85044647e-19 -3.05167131e-12 -1.04837518e-11 -2.17806193e-11\n   6.95296571e-12  1.16514861e-12  5.02960476e-17  3.46293160e-19\n   1.09192643e-20 -4.93544905e-15 -1.23292754e-12  4.31361599e-13\n   2.67772528e-13  3.70381295e-10 -2.00646956e-12  1.99926735e-12\n   7.69986689e-12 -2.55217762e-12  2.77140909e-13  1.20016153e-09\n  -6.48028893e-12  1.19494786e-12 -3.02345118e-12 -9.71032906e-13\n   2.35910881e-09 -5.77610102e-12 -4.89542916e-12  1.48900309e-13\n  -7.79699976e-10  3.67572898e-12  3.94787110e-13 -1.34027575e-10\n   8.06917616e-13 -6.80689863e-14  5.12978818e-17 -1.39639616e-17\n   8.57260874e-20]\n [-5.77511221e-21  1.71398159e-13 -1.21550496e-14 -5.01151175e-13\n   7.93208971e-14 -3.89945026e-15  3.46293160e-19  1.14512516e-20\n   8.73731763e-21 -4.15614401e-14 -1.02423757e-13  2.76093333e-15\n  -2.66453462e-15 -1.73975266e-11  1.58509772e-13  2.35036937e-13\n   1.14618208e-13 -2.93678226e-14  6.15042609e-15  2.73157914e-12\n   1.08651995e-13  1.39373701e-13 -3.32078307e-14  1.39666222e-15\n   5.68111570e-11 -1.48533122e-13  3.84177234e-14  3.09957566e-15\n  -8.58352183e-12  4.97119136e-14  1.92628791e-14  6.49534077e-13\n   1.81497611e-14  9.23217105e-15 -5.49138976e-19 -4.49035957e-19\n   7.58925889e-21]\n [ 1.54323001e-20  5.15532450e-13  3.39628844e-13  3.14493997e-13\n  -6.15881481e-15  1.24292578e-14  1.09192643e-20  8.73731763e-21\n   3.37743345e-20 -7.09434728e-14 -8.29007818e-14 -8.32701950e-15\n  -1.02443174e-14 -5.11242210e-11  5.47703789e-13  7.74055618e-13\n  -1.15585594e-13  4.79118382e-16 -1.12777337e-14 -3.36547917e-11\n   3.64195092e-13  5.00758946e-13  2.52149117e-16 -7.32184177e-15\n  -3.26794657e-11  2.76704439e-13  2.93528717e-13  3.34020473e-16\n   8.53839009e-13  1.06933783e-14  1.85875257e-14 -1.18135348e-12\n   1.95237177e-14  2.23382335e-14 -1.98771689e-18 -2.13682994e-18\n   2.35557537e-20]\n [ 9.18501781e-15 -9.99467265e-07 -5.56303390e-07  7.22161280e-07\n  -5.85421640e-08  4.40645639e-08 -4.93544905e-15 -4.15614401e-14\n  -7.09434728e-14  2.50434857e-07  3.76591402e-07  3.47826236e-08\n   3.14141495e-08  1.09352698e-04 -4.99079750e-08 -1.07681365e-06\n  -7.82388158e-08  2.97625575e-08 -3.22989447e-09  5.36986205e-05\n  -8.66343069e-07 -9.92447059e-07  2.61649105e-08 -2.42978067e-08\n  -9.05991440e-05 -2.69285358e-07 -7.24153590e-07 -8.10063374e-09\n   6.00138746e-06 -1.98014662e-08 -3.30278905e-08 -5.96418056e-06\n  -6.30377783e-08 -5.06138444e-08  5.39663211e-12  3.79558602e-12\n  -5.24234442e-14]\n [ 9.07160148e-14 -2.59266843e-06 -2.28461174e-07  4.37906701e-06\n  -4.87530269e-07  1.43585018e-07 -1.23292754e-12 -1.02423757e-13\n  -8.29007818e-14  3.76591402e-07  1.15552220e-06 -5.44365757e-08\n   4.16830703e-08  2.48819349e-04 -4.43174061e-06 -3.67256259e-06\n  -9.13591861e-07  1.58875502e-07 -5.82336195e-08  9.30490535e-06\n  -1.77724290e-06 -1.44095672e-06  1.57913631e-07 -1.10674704e-07\n  -4.97171971e-04  1.62897847e-06 -2.76549258e-07 -2.89188623e-08\n   4.91279949e-05 -5.97788492e-07 -2.86095532e-07 -1.94298118e-05\n  -2.57140088e-07 -1.20727412e-07  7.27774203e-12  3.39648871e-12\n  -6.86999603e-14]\n [ 1.23369756e-15  1.60824520e-07 -9.30846746e-08 -4.96465857e-07\n   1.23657184e-07  3.00165454e-08  4.31361599e-13  2.76093333e-15\n  -8.32701950e-15  3.47826236e-08 -5.44365757e-08  3.26763238e-08\n   9.00535058e-09 -7.78637626e-06  1.14112133e-06  4.93390180e-07\n   1.03586534e-07 -4.02469719e-08  3.57921518e-09  1.02450875e-05\n  -3.47256124e-08 -4.08342918e-08 -5.35428523e-08 -1.50485124e-08\n   5.17570271e-05 -5.28721448e-07 -2.39965888e-07  6.48475628e-10\n  -1.31482643e-05  1.09128948e-07  5.12366481e-08 -3.43244719e-06\n  -9.03656526e-10  5.20960081e-09  6.22779219e-13  4.26050127e-13\n  -4.35853922e-15]\n [ 4.29442125e-15 -1.75411768e-07 -1.07336865e-07 -1.35905187e-07\n   5.46898893e-08  2.38416352e-08  2.67772528e-13 -2.66453462e-15\n  -1.02443174e-14  3.14141495e-08  4.16830703e-08  9.00535058e-09\n   7.46125086e-09  1.89823081e-05 -5.26278394e-08 -1.68783709e-07\n   3.91034970e-08 -2.08248694e-08  1.01984707e-09  1.04860245e-05\n  -1.80989299e-07 -1.39291051e-07 -2.95743638e-08 -1.69770321e-08\n   1.32743679e-05 -1.78519989e-07 -1.25241383e-07 -7.75990607e-10\n  -6.29727129e-06  5.50195063e-09 -1.46863652e-09 -2.95783644e-06\n  -2.12557934e-08 -7.65498080e-09  8.34335126e-13  4.92110164e-13\n  -6.60712154e-15]\n [-8.12672581e-12 -1.19585321e-03 -5.78529242e-04 -1.72380016e-04\n   1.90584473e-05  9.56430616e-06  3.70381295e-10 -1.73975266e-11\n  -5.11242210e-11  1.09352698e-04  2.48819349e-04 -7.78637626e-06\n   1.89823081e-05  1.12615754e-01 -2.14816143e-03 -1.84931435e-03\n   1.37175859e-04 -1.28466715e-05  1.22690136e-05  5.67681483e-02\n  -8.17815431e-04 -8.24451011e-04 -1.85356861e-05 -1.71250617e-05\n   1.62508451e-02 -9.37538420e-05 -3.51476067e-04 -2.02264401e-06\n  -3.57261471e-03 -1.10604276e-04 -8.50247246e-05 -1.88923756e-03\n  -6.31105552e-05 -4.94587752e-05  3.70663690e-09  2.92064065e-09\n  -3.57935878e-11]\n [ 2.82345395e-13  2.56920098e-05  8.45921976e-06  1.46105043e-07\n   1.40614361e-06  6.65458790e-07 -2.00646956e-12  1.58509772e-13\n   5.47703789e-13 -4.99079750e-08 -4.43174061e-06  1.14112133e-06\n  -5.26278394e-08 -2.14816143e-03  7.76721614e-05  4.82803867e-05\n  -2.07881367e-06 -1.92358357e-07 -2.61070940e-07 -8.17815384e-04\n   1.32724519e-05  1.19640646e-05 -3.32086936e-07 -2.15006926e-08\n  -9.37538331e-05 -1.06747209e-05 -1.78385089e-06 -2.15430934e-09\n  -1.10604264e-04  4.82647666e-06  2.94591768e-06 -6.31105621e-05\n   1.07435983e-06  9.57345868e-07 -3.91038100e-11 -3.37462106e-11\n   3.89938737e-13]\n [ 3.54778861e-13  2.07719302e-05  8.55620517e-06  3.08008745e-06\n   1.00375727e-06  5.26502071e-07  1.99926735e-12  2.35036937e-13\n   7.74055618e-13 -1.07681365e-06 -3.67256259e-06  4.93390180e-07\n  -1.68783709e-07 -1.84931435e-03  4.82803867e-05  3.64902952e-05\n  -2.18725744e-06 -2.19093041e-07 -2.70674650e-07 -8.24450954e-04\n   1.19640645e-05  1.35393304e-05 -3.02656194e-07 -1.26677216e-07\n  -3.51476068e-04 -1.78385026e-06  3.02024237e-06  1.70779091e-08\n  -8.50247266e-05  2.94591805e-06  1.83572895e-06 -4.94587760e-05\n   9.57345818e-07  8.22884481e-07 -4.60240594e-11 -4.89839668e-11\n   5.48174956e-13]\n [-2.00318460e-13 -1.42333026e-06 -3.40253900e-06 -1.00381526e-05\n   1.41061521e-06 -1.59736138e-07  7.69986689e-12  1.14618208e-13\n  -1.15585594e-13 -7.82388158e-08 -9.13591861e-07  1.03586534e-07\n   3.91034970e-08  1.37175859e-04 -2.07881367e-06 -2.18725744e-06\n   2.88399221e-06 -4.99387864e-07  1.88082455e-07  3.73007115e-04\n  -1.31113696e-06 -1.53547604e-06 -5.43038092e-07  7.30502523e-08\n   1.11328175e-03 -3.72212360e-06 -1.80611898e-06  5.37375617e-08\n  -1.54610652e-04  8.82519234e-07  1.41943455e-07  1.99928641e-05\n   2.63898504e-07 -3.44272893e-08  1.04375410e-11  8.05012825e-12\n  -5.78261506e-14]\n [-1.19775779e-14  8.60787114e-08  3.97894194e-07  2.04342777e-06\n  -5.15119164e-07 -1.08125282e-07 -2.55217762e-12 -2.93678226e-14\n   4.79118382e-16  2.97625575e-08  1.58875502e-07 -4.02469719e-08\n  -2.08248694e-08 -1.28466715e-05 -1.92358357e-07 -2.19093041e-07\n  -4.99387864e-07  1.96164108e-07 -1.85333689e-08 -4.40966485e-05\n   3.56431818e-07 -6.56077198e-08  2.49689992e-07  8.32400974e-08\n  -2.23724687e-04  1.05539701e-06  2.75167672e-07 -6.85341520e-09\n   5.77084606e-05 -1.76880134e-07 -5.08560620e-08  1.27164605e-05\n   3.05299805e-08 -2.64137737e-09 -1.28435881e-12  4.41881629e-13\n  -7.02250986e-15]\n [-1.97980504e-14 -1.36545017e-07 -2.38730660e-07 -6.46381905e-07\n   5.56951767e-08 -2.76760445e-08  2.77140909e-13  6.15042609e-15\n  -1.12777337e-14 -3.22989447e-09 -5.82336195e-08  3.57921518e-09\n   1.01984707e-09  1.22690136e-05 -2.61070940e-07 -2.70674650e-07\n   1.88082455e-07 -1.85333689e-08  1.44248174e-08  2.57605886e-05\n  -7.93995553e-08 -1.64329215e-07 -1.63361710e-08  1.67989516e-08\n   7.21578482e-05 -2.22384958e-07 -1.22154712e-07  3.58156555e-09\n  -5.97648930e-06  4.48893224e-08  4.35445243e-09  3.33045749e-06\n   2.07271626e-08 -4.13661170e-09  6.75349264e-13  8.68665518e-13\n  -6.73963120e-15]\n [-2.76562551e-11 -5.78529206e-04 -7.08432626e-04 -9.50773627e-04\n   1.34170946e-04 -3.07939368e-05  1.20016153e-09  2.73157914e-12\n  -3.36547917e-11  5.36986205e-05  9.30490535e-06  1.02450875e-05\n   1.04860245e-05  5.67681483e-02 -8.17815384e-04 -8.24450954e-04\n   3.73007115e-04 -4.40966485e-05  2.57605886e-05  7.64086023e-02\n  -4.43110707e-04 -4.86562130e-04 -4.07142075e-05  1.47499524e-05\n   1.03473344e-01 -2.56427783e-04 -3.98010069e-04  6.32758708e-06\n  -1.49410757e-02  1.04986751e-04 -1.30624350e-05  3.60330711e-03\n   4.50013699e-05 -2.30051121e-05  3.40729575e-09  1.97209648e-09\n  -2.20185117e-11]\n [-1.66673456e-14  8.45921993e-06  4.46617098e-06  2.60907977e-06\n  -8.44457237e-07 -3.34249145e-07 -6.48028893e-12  1.08651995e-13\n   3.64195092e-13 -8.66343069e-07 -1.77724290e-06 -3.47256124e-08\n  -1.80989299e-07 -8.17815431e-04  1.32724519e-05  1.19640645e-05\n  -1.31113696e-06  3.56431818e-07 -7.93995553e-08 -4.43110707e-04\n   6.46879233e-06  5.66981270e-06  4.88165961e-07  3.05609800e-07\n  -2.56427828e-04  2.00200013e-06  3.07631923e-06  1.41754164e-08\n   1.04986745e-04  5.06924756e-07  5.07748177e-07  4.50013739e-05\n   5.34458299e-07  3.49893968e-07 -2.96610705e-11 -1.92090732e-11\n   2.47287018e-13]\n [ 2.33676063e-13  8.55620540e-06  4.95889680e-06  3.81430598e-06\n   1.60683033e-07  2.36682069e-07  1.19494786e-12  1.39373701e-13\n   5.00758946e-13 -9.92447059e-07 -1.44095672e-06 -4.08342918e-08\n  -1.39291051e-07 -8.24451011e-04  1.19640646e-05  1.35393304e-05\n  -1.53547604e-06 -6.56077198e-08 -1.64329215e-07 -4.86562130e-04\n   5.66981270e-06  7.66602804e-06 -8.81985273e-08 -1.25056231e-07\n  -3.98010101e-04  3.07631936e-06  3.86711845e-06  8.13980101e-09\n  -1.30624389e-05  5.07748245e-07  4.35748328e-07 -2.30051142e-05\n   3.49893940e-07  3.63629653e-07 -2.87359122e-11 -3.19111958e-11\n   3.51671912e-13]\n [-2.70187351e-14  1.22954244e-07  3.75372751e-07  2.38600233e-06\n  -6.47971756e-07 -1.65699333e-07 -3.02345118e-12 -3.32078307e-14\n   2.52149117e-16  2.61649105e-08  1.57913631e-07 -5.35428523e-08\n  -2.95743638e-08 -1.85356861e-05 -3.32086936e-07 -3.02656194e-07\n  -5.43038092e-07  2.49689992e-07 -1.63361710e-08 -4.07142075e-05\n   4.88165961e-07 -8.81985273e-08  3.25734682e-07  1.24154127e-07\n  -2.60145130e-04  1.39742006e-06  3.26913721e-07 -5.75602041e-09\n   7.28491820e-05 -1.82448979e-07 -6.20160272e-08  1.96518387e-05\n   7.55922853e-08 -2.21956209e-09 -1.28815026e-12  6.53638217e-13\n  -9.06290767e-15]\n [-4.84158747e-14  1.37167817e-07 -1.22752886e-07 -9.84302354e-08\n  -1.96908095e-07 -1.32481207e-07 -9.71032906e-13  1.39666222e-15\n  -7.32184177e-15 -2.42978067e-08 -1.10674704e-07 -1.50485124e-08\n  -1.69770321e-08 -1.71250617e-05 -2.15006926e-08 -1.26677216e-07\n   7.30502523e-08  8.32400974e-08  1.67989516e-08  1.47499524e-05\n   3.05609800e-07 -1.25056231e-07  1.24154127e-07  9.46809647e-08\n   1.46462507e-05  2.35085079e-07  1.10130509e-08  4.80387340e-09\n   2.31104540e-05  3.52839023e-08  4.86069886e-09  1.60215352e-05\n   9.28510108e-08  5.15365730e-09 -3.39577284e-13  1.16179168e-12\n  -7.16259127e-15]\n [-7.72453256e-11 -1.72380038e-04 -9.50773628e-04 -4.51041252e-03\n   6.14330437e-04 -3.70468004e-05  2.35910881e-09  5.68111570e-11\n  -3.26794657e-11 -9.05991440e-05 -4.97171971e-04  5.17570271e-05\n   1.32743679e-05  1.62508451e-02 -9.37538331e-05 -3.51476068e-04\n   1.11328175e-03 -2.23724687e-04  7.21578482e-05  1.03473344e-01\n  -2.56427828e-04 -3.98010101e-04 -2.60145130e-04  1.46462507e-05\n   5.01928207e-01 -2.03362471e-03 -5.69804976e-04  1.95163210e-05\n  -6.71200760e-02  3.18267400e-04  9.70951723e-05  4.85281032e-03\n   4.68564577e-05  5.08177510e-06  1.32788230e-09  2.78540863e-09\n  -1.16045275e-11]\n [ 1.85228236e-13  1.46104890e-07  2.60907970e-06  1.86475339e-05\n  -2.92726795e-06 -3.96357011e-07 -5.77610102e-12 -1.48533122e-13\n   2.76704439e-13 -2.69285358e-07  1.62897847e-06 -5.28721448e-07\n  -1.78519989e-07 -9.37538420e-05 -1.06747209e-05 -1.78385026e-06\n  -3.72212360e-06  1.05539701e-06 -2.22384958e-07 -2.56427783e-04\n   2.00200013e-06  3.07631936e-06  1.39742006e-06  2.35085079e-07\n  -2.03362471e-03  1.40788198e-05  4.39663060e-06 -2.90321704e-08\n   3.18267379e-04 -1.35535803e-06 -7.65689760e-07  4.68564685e-05\n   4.54666043e-07 -1.43770980e-08 -5.62028105e-12 -1.97545037e-11\n   1.42721342e-13]\n [ 1.19497761e-13  3.08008697e-06  3.81430567e-06  5.45976849e-06\n  -8.93789215e-07 -3.48728729e-08 -4.89542916e-12  3.84177234e-14\n   2.93528717e-13 -7.24153590e-07 -2.76549258e-07 -2.39965888e-07\n  -1.25241383e-07 -3.51476067e-04 -1.78385089e-06  3.02024237e-06\n  -1.80611898e-06  2.75167672e-07 -1.22154712e-07 -3.98010069e-04\n   3.07631923e-06  3.86711845e-06  3.26913721e-07  1.10130509e-08\n  -5.69804976e-04  4.39663060e-06  3.71557729e-06 -1.31022294e-08\n   9.70951636e-05 -7.65689837e-07 -1.39161798e-07  5.08177515e-06\n  -1.43771164e-08  1.42489372e-07 -2.21629059e-11 -1.73371632e-11\n   1.96314454e-13]\n [-4.61215240e-15  1.84249686e-08 -5.36907517e-08 -1.73205580e-07\n   2.08991281e-08 -7.84259615e-09  1.48900309e-13  3.09957566e-15\n   3.34020473e-16 -8.10063374e-09 -2.89188623e-08  6.48475628e-10\n  -7.75990607e-10 -2.02264401e-06 -2.15430934e-09  1.70779091e-08\n   5.37375617e-08 -6.85341520e-09  3.58156555e-09  6.32758708e-06\n   1.41754164e-08  8.13980101e-09 -5.75602041e-09  4.80387340e-09\n   1.95163210e-05 -2.90321704e-08 -1.31022294e-08  1.41963799e-09\n  -2.21610924e-06  2.27786950e-08  4.29729178e-09  9.94327605e-07\n   1.28589936e-08  1.28913333e-09  8.48978655e-14  9.45344633e-15\n   5.86617801e-16]\n [-2.70187671e-12  1.90584446e-05  1.34170948e-04  6.14330363e-04\n  -1.53448134e-04 -3.02688347e-05 -7.79699976e-10 -8.58352183e-12\n   8.53839009e-13  6.00138746e-06  4.91279949e-05 -1.31482643e-05\n  -6.29727129e-06 -3.57261471e-03 -1.10604264e-04 -8.50247266e-05\n  -1.54610652e-04  5.77084606e-05 -5.97648930e-06 -1.49410757e-02\n   1.04986745e-04 -1.30624389e-05  7.28491820e-05  2.31104540e-05\n  -6.71200760e-02  3.18267379e-04  9.70951636e-05 -2.21610924e-06\n   1.71339925e-02 -6.07018908e-05 -1.71937283e-05  3.54213699e-03\n   5.10157757e-06 -8.68141722e-07 -4.75927757e-10  9.00907953e-11\n  -1.55004444e-12]\n [-4.33708790e-14  1.40614382e-06 -8.44457275e-07 -2.92726809e-06\n   5.83413965e-07 -2.76841417e-08  3.67572898e-12  4.97119136e-14\n   1.06933783e-14 -1.98014662e-08 -5.97788492e-07  1.09128948e-07\n   5.50195063e-09 -1.10604276e-04  4.82647666e-06  2.94591805e-06\n   8.82519234e-07 -1.76880134e-07  4.48893224e-08  1.04986751e-04\n   5.06924756e-07  5.07748245e-07 -1.82448979e-07  3.52839023e-08\n   3.18267400e-04 -1.35535803e-06 -7.65689837e-07  2.27786950e-08\n  -6.07018908e-05  7.61400024e-07  2.49785627e-07  5.10158039e-06\n   2.69315608e-07  5.71101452e-08  2.73057642e-12 -8.59465804e-13\n   1.42462999e-14]\n [-5.16618400e-15  1.00375729e-06  1.60683029e-07 -8.93789185e-07\n   1.72805129e-07  1.35897537e-08  3.94787110e-13  1.92628791e-14\n   1.85875257e-14 -3.30278905e-08 -2.86095532e-07  5.12366481e-08\n  -1.46863652e-09 -8.50247246e-05  2.94591768e-06  1.83572895e-06\n   1.41943455e-07 -5.08560620e-08  4.35445243e-09 -1.30624350e-05\n   5.07748177e-07  4.35748328e-07 -6.20160272e-08  4.86069886e-09\n   9.70951723e-05 -7.65689760e-07 -1.39161798e-07  4.29729178e-09\n  -1.71937283e-05  2.49785627e-07  1.32715022e-07 -8.68141837e-07\n   5.71101391e-08  4.03088559e-08 -1.48470849e-12 -9.68063457e-13\n   1.55212799e-14]\n [-8.58489315e-12  9.56430170e-06 -3.07939423e-05 -3.70468268e-05\n  -3.02688345e-05 -2.30955243e-05 -1.34027575e-10  6.49534077e-13\n  -1.18135348e-12 -5.96418056e-06 -1.94298118e-05 -3.43244719e-06\n  -2.95783644e-06 -1.88923756e-03 -6.31105621e-05 -4.94587760e-05\n   1.99928641e-05  1.27164605e-05  3.33045749e-06  3.60330711e-03\n   4.50013739e-05 -2.30051142e-05  1.96518387e-05  1.60215352e-05\n   4.85281032e-03  4.68564685e-05  5.08177515e-06  9.94327605e-07\n   3.54213699e-03  5.10158039e-06 -8.68141837e-07  2.78903252e-03\n   1.63284523e-05  4.88961057e-07 -3.37283027e-11  1.91778639e-10\n  -1.11448162e-12]\n [-4.28121242e-14  6.65458775e-07 -3.34249096e-07 -3.96357085e-07\n  -2.76841304e-08 -1.29234915e-07  8.06917616e-13  1.81497611e-14\n   1.95237177e-14 -6.30377783e-08 -2.57140088e-07 -9.03656526e-10\n  -2.12557934e-08 -6.31105552e-05  1.07435983e-06  9.57345818e-07\n   2.63898504e-07  3.05299805e-08  2.07271626e-08  4.50013699e-05\n   5.34458299e-07  3.49893940e-07  7.55922853e-08  9.28510108e-08\n   4.68564577e-05  4.54666043e-07 -1.43771164e-08  1.28589936e-08\n   5.10157757e-06  2.69315608e-07  5.71101391e-08  1.63284523e-05\n   2.11840865e-07  2.70704327e-08  5.51784520e-13 -9.63482656e-13\n   1.27289342e-14]\n [ 3.15749711e-15  5.26502111e-07  2.36682096e-07 -3.48728234e-08\n   1.35897513e-08 -1.24173236e-09 -6.80689863e-14  9.23217105e-15\n   2.23382335e-14 -5.06138444e-08 -1.20727412e-07  5.20960081e-09\n  -7.65498080e-09 -4.94587752e-05  9.57345868e-07  8.22884481e-07\n  -3.44272893e-08 -2.64137737e-09 -4.13661170e-09 -2.30051121e-05\n   3.49893968e-07  3.63629653e-07 -2.21956209e-09  5.15365730e-09\n   5.08177510e-06 -1.43770980e-08  1.42489372e-07  1.28913333e-09\n  -8.68141722e-07  5.71101452e-08  4.03088559e-08  4.88961057e-07\n   2.70704327e-08  2.21075034e-08 -1.60572539e-12 -1.27819194e-12\n   1.59896335e-14]\n [-4.39638783e-19 -3.64807632e-11 -3.22822160e-11 -1.39780192e-11\n   4.08400268e-12  1.67261905e-13  5.12978818e-17 -5.49138976e-19\n  -1.98771689e-18  5.39663211e-12  7.27774203e-12  6.22779219e-13\n   8.34335126e-13  3.70663690e-09 -3.91038100e-11 -4.60240594e-11\n   1.04375410e-11 -1.28435881e-12  6.75349264e-13  3.40729575e-09\n  -2.96610705e-11 -2.87359122e-11 -1.28815026e-12 -3.39577284e-13\n   1.32788230e-09 -5.62028105e-12 -2.21629059e-11  8.48978655e-14\n  -4.75927757e-10  2.73057642e-12 -1.48470849e-12 -3.37283027e-11\n   5.51784520e-13 -1.60572539e-12  2.03414570e-16  1.03144229e-16\n  -1.38639291e-18]\n [-1.40608556e-18 -2.99409291e-11 -2.00735644e-11 -2.59165838e-11\n  -8.14250264e-13 -1.75553769e-12 -1.39639616e-17 -4.49035957e-19\n  -2.13682994e-18  3.79558602e-12  3.39648871e-12  4.26050127e-13\n   4.92110164e-13  2.92064065e-09 -3.37462106e-11 -4.89839668e-11\n   8.05012825e-12  4.41881629e-13  8.68665518e-13  1.97209648e-09\n  -1.92090732e-11 -3.19111958e-11  6.53638217e-13  1.16179168e-12\n   2.78540863e-09 -1.97545037e-11 -1.73371632e-11  9.45344633e-15\n   9.00907953e-11 -8.59465804e-13 -9.68063457e-13  1.91778639e-10\n  -9.63482656e-13 -1.27819194e-12  1.03144229e-16  1.44656231e-16\n  -1.48890411e-18]\n [ 1.03380487e-20  3.61522875e-13  2.23701500e-13  1.18424225e-13\n   1.50205936e-14  1.11903528e-14  8.57260874e-20  7.58925889e-21\n   2.35557537e-20 -5.24234442e-14 -6.86999603e-14 -4.35853922e-15\n  -6.60712154e-15 -3.57935878e-11  3.89938737e-13  5.48174956e-13\n  -5.78261506e-14 -7.02250986e-15 -6.73963120e-15 -2.20185117e-11\n   2.47287018e-13  3.51671912e-13 -9.06290767e-15 -7.16259127e-15\n  -1.16045275e-11  1.42721342e-13  1.96314454e-13  5.86617801e-16\n  -1.55004444e-12  1.42462999e-14  1.55212799e-14 -1.11448162e-12\n   1.27289342e-14  1.59896335e-14 -1.38639291e-18 -1.48890411e-18\n   1.67489787e-20]]', 'hess_sum': '[[ 2.14627198e-11 -4.75707580e-14 -1.37068132e-12 -4.02032206e-12\n  -5.17288028e-13  6.66071439e-14 -4.85356835e-10 -1.41567135e-12\n  -2.32944190e-12  1.21032054e-13  3.05276962e-13 -9.68131023e-14\n  -7.17942513e-14 -2.36899137e-10 -1.47419653e-12 -1.38531081e-12\n   2.32540129e-12  2.11222852e-14 -8.88493533e-14  8.56631932e-11\n  -2.12288753e-12 -3.82826957e-13  2.50321343e-13  2.09407334e-15\n   6.40632441e-10  4.42876531e-12  6.64247967e-13 -1.44773349e-17\n   9.27813187e-12 -8.70196801e-14  1.97796976e-14  3.24123528e-12\n  -3.56728104e-13  6.58569064e-14  8.16144231e-11  1.60858473e-10\n   1.00085742e-11]\n [-4.75707580e-14 -1.21017401e-05 -2.02815614e-07 -4.41916444e-07\n   9.08793094e-08  7.86808839e-08 -5.43147117e-11 -4.18297067e-13\n  -1.95480599e-12  1.77887310e-06  6.65333637e-07 -1.27372951e-07\n   5.91570626e-08  1.22803788e-03 -1.61304461e-05 -1.10082417e-05\n   4.89435460e-07 -2.32857418e-07 -3.16358402e-07  3.94927712e-05\n   1.57792176e-07  1.75519652e-06  5.58510267e-08 -2.05356091e-07\n   4.13380107e-05  6.05328654e-07 -3.20474877e-07 -1.63433179e-08\n  -1.61701497e-05 -1.31156514e-07 -5.13833837e-07 -1.28495246e-05\n  -2.16169296e-07 -3.81975959e-07  1.74133495e-10 -7.45923230e-11\n  -3.33255194e-12]\n [-1.37068132e-12 -2.02815614e-07 -1.83966916e-05 -5.75869695e-06\n  -1.39016685e-07  7.75858791e-07  1.28546354e-11 -7.54871820e-13\n  -6.73445712e-13 -9.63259679e-07 -1.41700448e-07 -2.07666058e-07\n  -2.13757566e-07  3.94927814e-05  1.57791958e-07  1.75519626e-06\n   2.41264181e-06  4.17719779e-07 -3.61519452e-07  2.01470312e-03\n  -6.82254843e-06 -9.54082033e-06 -2.50437112e-07  5.93088083e-08\n   6.47153527e-04  5.75292575e-07 -1.49959063e-06 -2.02199140e-08\n   4.88459873e-06 -7.72278541e-07 -6.02433834e-07 -8.66726954e-05\n   4.90883466e-07 -1.38980832e-07 -3.58310112e-10 -7.27900972e-11\n  -4.95399151e-13]\n [-4.02032206e-12 -4.41916444e-07 -5.75869695e-06 -2.05155505e-05\n   1.16089788e-07 -1.91598457e-08 -2.85029185e-10  9.83283275e-13\n   6.79600648e-14 -1.96359118e-07 -1.21371829e-06  2.46162868e-07\n  -2.17304696e-07  4.13381283e-05  6.05329192e-07 -3.20474961e-07\n   5.35147958e-06  1.82046997e-07  1.67353536e-08  6.47153608e-04\n   5.75293793e-07 -1.49959071e-06  2.10114524e-07  5.72214775e-08\n   2.29514126e-03 -1.10588199e-05 -2.34045277e-06  4.10258140e-08\n  -2.30918526e-06 -5.02778753e-08  5.27681881e-07  1.06498803e-05\n   6.11300993e-07  3.35469529e-07 -1.99759864e-10  1.14704851e-10\n  -1.93632406e-12]\n [-5.17288028e-13  9.08793094e-08 -1.39016685e-07  1.16089788e-07\n  -1.18419869e-06 -1.20382799e-07  3.45825174e-11  2.82644881e-13\n  -4.27617649e-14 -2.84660253e-07  6.24293151e-08 -1.54512151e-07\n  -3.99449315e-08 -1.61701419e-05 -1.31156622e-07 -5.13833940e-07\n  -2.86285832e-07  3.05938311e-07  1.61212733e-08  4.88459868e-06\n  -7.72278597e-07 -6.02433752e-07  3.65276601e-07  9.86721639e-08\n  -2.30917522e-06 -5.02781056e-08  5.27681899e-07 -1.04046593e-08\n   1.31915406e-04 -7.72806824e-07 -3.15309234e-07  1.30527490e-05\n  -1.97425139e-07 -6.72343034e-08 -3.28184309e-11  4.80445988e-12\n   2.70119074e-13]\n [ 6.66071439e-14  7.86808839e-08  7.75858791e-07 -1.91598457e-08\n  -1.20382799e-07 -6.73693925e-07  2.16882875e-11 -2.72386618e-13\n  -3.75249621e-14 -2.64016733e-07 -1.48913082e-07 -4.45754795e-08\n  -5.43184104e-08 -1.28495234e-05 -2.16169238e-07 -3.81976002e-07\n   1.87181958e-07  1.21302776e-08  1.55724564e-07 -8.66727087e-05\n   4.90883430e-07 -1.38980883e-07  6.88530813e-08  1.48465693e-07\n   1.06498847e-05  6.11300839e-07  3.35469548e-07  3.99172485e-08\n   1.30527519e-05 -1.97425140e-07 -6.72343065e-08  7.63059273e-05\n  -8.31087283e-08 -1.27251192e-07  2.24201209e-11 -8.18261057e-13\n   3.73473168e-14]\n [-4.85356835e-10 -5.43147117e-11  1.28546354e-11 -2.85029185e-10\n   3.45825174e-11  2.16882875e-11 -1.73666214e-07  5.80320871e-10\n  -6.95375195e-10  1.82985786e-11 -7.64395457e-13  5.03488156e-12\n   2.11561458e-12  6.78439129e-09 -8.63903307e-11  2.35206250e-11\n   4.19901542e-11  2.73202776e-12  1.87745912e-12 -4.52486813e-09\n  -1.53063183e-10 -2.58228964e-11 -9.18256610e-13  6.18311874e-13\n   4.95916978e-08 -4.25735700e-10 -7.14050471e-12  2.09791065e-12\n  -2.62396529e-09 -1.45422291e-12  1.90812955e-11  2.74452454e-09\n  -1.02508203e-11 -5.41920971e-12 -1.49317474e-07  8.01863373e-08\n  -1.49053297e-09]\n [-1.41567135e-12 -4.18297067e-13 -7.54871820e-13  9.83283275e-13\n   2.82644881e-13 -2.72386618e-13  5.80320871e-10  5.48997348e-12\n   5.09544656e-12  2.19772905e-13 -1.03801598e-12  1.18050182e-14\n   2.12051505e-14 -1.16794807e-10  2.31558079e-12 -3.23554803e-12\n  -1.49484927e-12  3.06637618e-14 -3.89605120e-14 -1.51768871e-10\n  -3.42282489e-13  3.16053635e-13  3.08984247e-14  2.39385258e-14\n  -4.73446153e-10  3.38509879e-12 -3.76819445e-13 -8.81112491e-15\n  -6.88166417e-13  1.24027098e-13 -3.45160673e-13 -2.01903552e-11\n  -2.34097107e-13 -1.19101825e-13 -8.23661332e-10  3.16668879e-10\n   2.15732572e-11]\n [-2.32944190e-12 -1.95480599e-12 -6.73445712e-13  6.79600648e-14\n  -4.27617649e-14 -3.75249621e-14 -6.95375195e-10  5.09544656e-12\n   3.71719914e-12 -1.79673546e-13  1.85364729e-13 -7.23956741e-14\n   3.52750905e-14 -3.10044407e-11 -2.04494119e-12 -1.06703405e-12\n   2.74024307e-13  4.02425546e-14 -4.64399320e-15 -1.54293811e-12\n   4.71999057e-13 -7.13489005e-13 -6.82073749e-14 -1.42609976e-14\n  -2.59790359e-10 -1.31686864e-12  4.38170511e-14 -9.82311656e-16\n   7.23611866e-12  4.05856742e-13 -1.07159314e-13 -1.33824835e-11\n  -1.02229038e-13  1.08204984e-13  2.44029900e-10 -9.86855237e-10\n  -8.14255920e-12]\n [ 1.21032054e-13  1.77887310e-06 -9.63259679e-07 -1.96359118e-07\n  -2.84660253e-07 -2.64016733e-07  1.82985786e-11  2.19772905e-13\n  -1.79673546e-13 -1.28978183e-06 -2.34870659e-08 -7.58591529e-08\n   8.10952247e-10 -1.97866834e-04  1.38687301e-06  2.84861665e-07\n  -2.26767131e-07  1.45649139e-07  1.08363732e-07  9.75759201e-05\n  -5.35798933e-07 -1.23350490e-06 -8.10490094e-08  1.17307239e-07\n   2.62361125e-05 -4.19345238e-07  9.50349036e-08  1.43433658e-08\n   3.21412653e-05 -1.86653780e-07 -5.24166342e-08  2.95460181e-05\n  -6.66584865e-08 -8.28937859e-08 -3.77299470e-11 -2.58786697e-11\n   1.05645482e-13]\n [ 3.05276962e-13  6.65333637e-07 -1.41700448e-07 -1.21371829e-06\n   6.24293151e-08 -1.48913082e-07 -7.64395457e-13 -1.03801598e-12\n   1.85364729e-13 -2.34870659e-08 -8.35158746e-07  9.22021925e-08\n  -7.81138583e-09 -6.01901673e-05  1.45883902e-06  1.50004609e-06\n   6.73463042e-07 -2.40726246e-08  5.62374378e-08  1.47772022e-05\n   2.50422898e-07 -3.72817578e-07  4.37244556e-08 -4.74569637e-08\n   1.39395747e-04 -2.04336743e-07 -6.23480002e-08  1.37293207e-08\n  -5.32353548e-06  8.29723480e-08  1.10261963e-07  1.76696417e-05\n   1.64469281e-08  5.64075399e-08  2.75599841e-11  2.60057052e-11\n  -3.99288738e-14]\n [-9.68131023e-14 -1.27372951e-07 -2.07666058e-07  2.46162868e-07\n  -1.54512151e-07 -4.45754795e-08  5.03488156e-12  1.18050182e-14\n  -7.23956741e-14 -7.58591529e-08  9.22021925e-08 -9.62594396e-08\n  -1.91648178e-08  9.94765090e-06 -5.86407725e-07 -3.16958789e-07\n  -1.34601406e-07  1.92897610e-08  1.82531273e-08  2.26697645e-05\n  -1.25051071e-07 -1.21010797e-07  2.44879959e-08  2.17033005e-08\n  -2.76667670e-05  1.45098703e-07  1.47977654e-08  1.37499002e-09\n   1.62974657e-05 -1.07437248e-07 -1.30665704e-07  4.59441962e-06\n  -4.56594317e-08 -4.53873742e-08 -5.30183422e-12  5.01470726e-12\n  -7.29256242e-14]\n [-7.17942513e-14  5.91570626e-08 -2.13757566e-07 -2.17304696e-07\n  -3.99449315e-08 -5.43184104e-08  2.11561458e-12  2.12051505e-14\n   3.52750905e-14  8.10952247e-10 -7.81138583e-09 -1.91648178e-08\n  -3.44439714e-08 -5.62697024e-06  9.59624264e-08  8.47845989e-08\n   9.68550306e-08  1.53845889e-08  6.43319626e-09  2.33034071e-05\n  -6.21122375e-08 -1.36935482e-07  2.57662519e-08  2.26973972e-09\n   2.49318171e-05 -2.90148385e-08  3.63542457e-09  4.67884232e-09\n   4.17369586e-06 -4.17162148e-08 -3.75090730e-08  6.15706819e-06\n  -1.81925810e-09 -1.73098352e-08  1.94031089e-12 -9.86146147e-14\n  -2.97901113e-14]\n [-2.36899137e-10  1.22803788e-03  3.94927814e-05  4.13381283e-05\n  -1.61701419e-05 -1.28495234e-05  6.78439129e-09 -1.16794807e-10\n  -3.10044407e-11 -1.97866834e-04 -6.01901673e-05  9.94765090e-06\n  -5.62697024e-06 -1.26985528e-01  1.42940573e-03  9.81614011e-04\n  -5.05971740e-05  2.78770814e-05  3.53432234e-05 -5.89777180e-03\n   2.84725597e-05 -1.66427780e-04 -5.18858255e-06  2.33480965e-05\n  -3.39625085e-03 -4.57369513e-05  5.06273635e-05  1.79215870e-06\n   2.46379825e-03  1.17386288e-05  5.26773209e-05  1.79310215e-03\n   1.40907421e-05  3.52279899e-05  8.60319008e-09  1.69125039e-08\n   1.89776701e-10]\n [-1.47419653e-12 -1.61304461e-05  1.57791958e-07  6.05329192e-07\n  -1.31156622e-07 -2.16169238e-07 -8.63903307e-11  2.31558079e-12\n  -2.04494119e-12  1.38687301e-06  1.45883902e-06 -5.86407725e-07\n   9.59624264e-08  1.42940573e-03 -4.24808446e-05 -2.51316155e-05\n   2.09557422e-07 -4.94233759e-08 -9.53861635e-08  2.84725490e-05\n   3.53834702e-06  3.06986894e-06  1.00995105e-07 -8.61471851e-08\n  -4.57370155e-05  4.02632882e-06  1.10173925e-06 -1.10665593e-08\n   1.17386338e-05  1.42224074e-07 -4.58586381e-07  1.40907425e-05\n  -9.33438965e-07 -7.28334423e-07  4.45886933e-11 -1.32950030e-10\n  -3.49326296e-12]\n [-1.38531081e-12 -1.10082417e-05  1.75519626e-06 -3.20474961e-07\n  -5.13833940e-07 -3.81976002e-07  2.35206250e-11 -3.23554803e-12\n  -1.06703405e-12  2.84861665e-07  1.50004609e-06 -3.16958789e-07\n   8.47845989e-08  9.81614011e-04 -2.51316155e-05 -1.91780704e-05\n   1.38129483e-07  5.11886836e-08 -6.53230087e-08 -1.66427774e-04\n   3.06986887e-06  2.76888353e-06  7.62948635e-08  3.32801821e-08\n   5.06273273e-05  1.10173931e-06  6.91572863e-07 -3.80322507e-09\n   5.26773282e-05 -4.58586517e-07 -6.59485877e-07  3.52279986e-05\n  -7.28334523e-07 -6.69576788e-07  3.04246601e-11  4.66211015e-10\n   2.08279607e-12]\n [ 2.32540129e-12  4.89435460e-07  2.41264181e-06  5.35147958e-06\n  -2.86285832e-07  1.87181958e-07  4.19901542e-11 -1.49484927e-12\n   2.74024307e-13 -2.26767131e-07  6.73463042e-07 -1.34601406e-07\n   9.68550306e-08 -5.05971740e-05  2.09557422e-07  1.38129483e-07\n  -2.84158309e-06 -4.18785555e-08 -2.87020091e-09 -2.82545364e-04\n  -1.69268046e-06  8.66176734e-07 -2.42503541e-08  9.16852255e-08\n  -6.13074833e-04  1.39859129e-06  1.11267681e-07 -3.11387477e-08\n   3.26459781e-05  2.82806900e-07  4.05625006e-10 -2.16900885e-05\n   2.13415221e-08  2.35650765e-08  2.18055671e-10 -8.57874879e-12\n  -2.85569167e-13]\n [ 2.11222852e-14 -2.32857418e-07  4.17719779e-07  1.82046997e-07\n   3.05938311e-07  1.21302776e-08  2.73202776e-12  3.06637618e-14\n   4.02425546e-14  1.45649139e-07 -2.40726246e-08  1.92897610e-08\n   1.53845889e-08  2.78770814e-05 -4.94233759e-08  5.11886836e-08\n  -4.18785555e-08 -1.58238854e-07  8.66981898e-09 -4.33574747e-05\n   1.63787212e-07  4.43044887e-07 -1.42002235e-07 -5.19798132e-08\n  -2.39189018e-05  1.30114155e-07 -7.87652280e-08  4.22777011e-09\n  -3.53505148e-05  1.36777547e-07  2.84731717e-09 -1.68050139e-06\n   1.13884719e-08  1.64548714e-09 -7.50641635e-13 -1.21451194e-12\n  -2.93439276e-14]\n [-8.88493533e-14 -3.16358402e-07 -3.61519452e-07  1.67353536e-08\n   1.61212733e-08  1.55724564e-07  1.87745912e-12 -3.89605120e-14\n  -4.64399320e-15  1.08363732e-07  5.62374378e-08  1.82531273e-08\n   6.43319626e-09  3.53432234e-05 -9.53861635e-08 -6.53230087e-08\n  -2.87020091e-09  8.66981898e-09 -1.06009274e-07  4.42204100e-05\n   1.75896341e-07  2.62485204e-07 -1.93753522e-08 -2.44963478e-08\n  -1.17917518e-06  1.88148547e-07  1.74094357e-08 -9.56942716e-09\n  -2.01691020e-06  1.68982193e-08  8.69618160e-09 -1.73337821e-05\n   7.09601144e-08  1.97838563e-08  3.70219766e-12 -5.22197805e-13\n   3.05685819e-15]\n [ 8.56631932e-11  3.94927712e-05  2.01470312e-03  6.47153608e-04\n   4.88459868e-06 -8.66727087e-05 -4.52486813e-09 -1.51768871e-10\n  -1.54293811e-12  9.75759201e-05  1.47772022e-05  2.26697645e-05\n   2.33034071e-05 -5.89777180e-03  2.84725490e-05 -1.66427774e-04\n  -2.82545364e-04 -4.33574747e-05  4.42204100e-05 -2.22396120e-01\n   5.88779339e-04  9.30939077e-04  3.08502801e-05 -5.65278105e-06\n  -7.29361856e-02 -9.36283924e-05  1.59193758e-04  2.16506021e-06\n   5.82037880e-04  7.70239107e-05  5.92648520e-05  9.60234090e-03\n  -6.32220523e-05  1.08451366e-05  3.21899393e-08 -4.12653789e-10\n   1.16712400e-10]\n [-2.12288753e-12  1.57792176e-07 -6.82254843e-06  5.75293793e-07\n  -7.72278597e-07  4.90883430e-07 -1.53063183e-10 -3.42282489e-13\n   4.71999057e-13 -5.35798933e-07  2.50422898e-07 -1.25051071e-07\n  -6.21122375e-08  2.84725597e-05  3.53834702e-06  3.06986887e-06\n  -1.69268046e-06  1.63787212e-07  1.75896341e-07  5.88779339e-04\n  -1.85114095e-05 -1.24458819e-05  9.43410968e-08  3.07868329e-08\n  -9.36284110e-05 -1.83217570e-06 -1.14514239e-06 -3.41540326e-08\n   7.70239112e-05 -6.72912963e-07 -9.00865643e-07 -6.32220549e-05\n  -5.81720041e-07 -4.37707404e-07 -4.14978089e-10  1.11190180e-10\n  -1.14173637e-12]\n [-3.82826957e-13  1.75519652e-06 -9.54082033e-06 -1.49959071e-06\n  -6.02433752e-07 -1.38980883e-07 -2.58228964e-11  3.16053635e-13\n  -7.13489005e-13 -1.23350490e-06 -3.72817578e-07 -1.21010797e-07\n  -1.36935482e-07 -1.66427780e-04  3.06986894e-06  2.76888353e-06\n   8.66176734e-07  4.43044887e-07  2.62485204e-07  9.30939077e-04\n  -1.24458819e-05 -1.40963968e-05  1.46889054e-07  9.09972133e-08\n   1.59193782e-04 -1.14514221e-06 -1.24393967e-06  1.69068119e-08\n   5.92648526e-05 -9.00865611e-07 -7.55376789e-07  1.08451386e-05\n  -4.37707416e-07 -4.11901864e-07 -4.34252579e-11 -8.67452092e-11\n  -1.48819872e-13]\n [ 2.50321343e-13  5.58510267e-08 -2.50437112e-07  2.10114524e-07\n   3.65276601e-07  6.88530813e-08 -9.18256610e-13  3.08984247e-14\n  -6.82073749e-14 -8.10490094e-08  4.37244556e-08  2.44879959e-08\n   2.57662519e-08 -5.18858255e-06  1.00995105e-07  7.62948635e-08\n  -2.42503541e-08 -1.42002235e-07 -1.93753522e-08  3.08502801e-05\n   9.43410968e-08  1.46889054e-07 -2.54338500e-07 -2.97612985e-08\n  -2.62715574e-05  6.13675467e-08 -5.44222967e-08  2.66494942e-09\n  -4.24172734e-05  1.18123309e-07  1.34258745e-08 -8.11131638e-06\n   4.25856991e-08 -7.96811931e-09 -1.30686370e-11  4.01904974e-12\n   4.90618879e-14]\n [ 2.09407334e-15 -2.05356091e-07  5.93088083e-08  5.72214775e-08\n   9.86721639e-08  1.48465693e-07  6.18311874e-13  2.39385258e-14\n  -1.42609976e-14  1.17307239e-07 -4.74569637e-08  2.17033005e-08\n   2.26973972e-09  2.33480965e-05 -8.61471851e-08  3.32801821e-08\n   9.16852255e-08 -5.19798132e-08 -2.44963478e-08 -5.65278105e-06\n   3.07868329e-08  9.09972133e-08 -2.97612985e-08 -1.56783588e-07\n  -8.49256066e-06 -1.95720965e-08 -5.84982968e-08 -6.49011286e-09\n  -1.15156469e-05  7.08665458e-08 -1.38873289e-08 -1.81353576e-05\n  -1.23051635e-07 -1.27586366e-09 -1.31836796e-11 -3.14677839e-12\n  -5.06168114e-14]\n [ 6.40632441e-10  4.13380107e-05  6.47153527e-04  2.29514126e-03\n  -2.30917522e-06  1.06498847e-05  4.95916978e-08 -4.73446153e-10\n  -2.59790359e-10  2.62361125e-05  1.39395747e-04 -2.76667670e-05\n   2.49318171e-05 -3.39625085e-03 -4.57370155e-05  5.06273273e-05\n  -6.13074833e-04 -2.39189018e-05 -1.17917518e-06 -7.29361856e-02\n  -9.36284110e-05  1.59193782e-04 -2.62715574e-05 -8.49256066e-06\n  -2.57927940e-01  1.14588067e-03  2.02530745e-04 -4.97095962e-06\n  -8.88364233e-04  2.05570935e-05 -5.49206611e-05 -2.03975665e-03\n  -5.39651643e-05 -3.00442643e-05  9.71865738e-08 -1.30536707e-08\n   5.92064955e-11]\n [ 4.42876531e-12  6.05328654e-07  5.75292575e-07 -1.10588199e-05\n  -5.02781056e-08  