{'theta_hat': '[-1.76806413e-10  4.24458334e-04 -1.41513095e-03 -1.17698523e-02\n -3.68657385e-04 -1.01831697e-03 -2.49612589e-09 -4.43691862e-11\n -4.91826236e-11  2.83074829e-05 -1.82240200e-03  9.05679199e-05\n -9.44276187e-05 -2.24460564e-02  4.61409178e-03  2.98443188e-04\n  2.48926613e-03  1.65806653e-04  2.55202224e-04  1.34976924e-01\n -3.15300726e-05 -1.54988124e-03  6.24780826e-04  6.82489014e-04\n  1.36905735e+00 -4.69989088e-03 -3.38930424e-03  4.20623141e-05\n  6.64511291e-02  9.97495012e-04  2.97146665e-05  1.25977975e-01\n  2.61601522e-04 -4.77495249e-04  4.83064636e-09  8.50466480e-09\n -1.58133222e-10]', 'theta_bar': '[ 7.83435412e-03  2.15976607e-03 -8.00327445e-04 -7.42977744e-03\n -1.21181853e-03  6.56071443e-04 -1.23449205e+00  5.32903503e-04\n  3.45968265e-03 -3.74937482e-04 -1.47245201e-03 -1.23585149e-04\n  9.07305746e-05 -2.77240913e-01  1.69793574e-03  1.66032428e-03\n  1.13801025e-03  3.40609041e-04 -1.47823386e-04  1.77068515e-01\n  5.65804313e-04 -3.51548180e-04  9.05580159e-04 -4.91438552e-04\n  1.10636514e+00 -8.36473428e-04 -3.61421967e-03 -7.72094880e-05\n  1.53873248e-01 -4.06268345e-04 -2.09898281e-04 -8.63530155e-02\n -1.20237653e-04 -1.65049274e-04 -4.54667306e-02 -5.03569935e-01\n -2.54209731e-03]', 'grad_op_sum': '[[ 1.54001218e-19  1.47943657e-13  3.32209429e-13  6.04572862e-13\n  -1.27469412e-13  1.56482335e-13 -8.57040638e-18  5.72074809e-21\n   4.62191838e-20  7.03403517e-16  6.60140711e-14 -2.43266273e-14\n   2.41765706e-14 -1.33744048e-11  2.61689604e-13  4.00544899e-13\n  -1.49901958e-13  2.02177873e-14 -2.58764586e-14 -3.75414418e-11\n  -4.91309318e-14  3.06515010e-13  8.00832955e-14 -9.26304977e-14\n  -6.66819580e-11  3.36979797e-13 -7.33198890e-14 -1.16039525e-14\n   1.64477669e-11 -2.60686048e-14 -7.35870284e-14 -1.96419792e-11\n   1.60808079e-14 -6.55834398e-14 -1.75553721e-18 -3.16669964e-18\n   2.89855084e-21]\n [ 1.47943657e-13  1.31536693e-05  5.96554854e-06  1.64236273e-06\n  -1.72823761e-07  4.47750471e-08 -8.44595081e-12  1.62599420e-13\n   5.70720629e-13 -1.06160712e-06 -2.71408761e-06  1.31763443e-07\n  -1.53781013e-07 -1.22397522e-03  2.56858935e-05  2.08915754e-05\n  -1.39063997e-06  1.23091681e-07 -1.50225390e-07 -5.85008360e-04\n   8.42924561e-06  8.61398324e-06  2.53021249e-07  1.21791019e-07\n  -1.59552542e-04  2.04406059e-07  2.99660185e-06  1.42097525e-08\n   3.87989862e-05  1.43285257e-06  9.04931153e-07  2.77791208e-06\n   6.84311804e-07  5.18777030e-07 -3.67110100e-11 -3.52135895e-11\n   3.54022636e-13]\n [ 3.32209429e-13  5.96554854e-06  6.95299078e-06  7.85449602e-06\n  -1.36513954e-06 -1.63996511e-07 -1.29569231e-11 -3.80744236e-14\n   3.93504515e-13 -5.56828378e-07 -4.35753843e-07 -1.04131161e-07\n  -1.72564359e-07 -5.85008404e-04  8.42924542e-06  8.61398301e-06\n  -3.38434412e-06  4.50792853e-07 -1.48295452e-07 -7.52076779e-04\n   4.38400489e-06  5.16339228e-06  5.27631529e-07  1.94251989e-07\n  -8.35665545e-04  2.71789197e-06  3.28568132e-06 -3.45550231e-08\n   1.55840382e-04 -7.98415089e-07  1.29325328e-08  2.50640436e-05\n  -2.88129805e-07  3.96160004e-08 -3.33008307e-11 -2.29511046e-11\n   1.99326185e-13]\n [ 6.04572862e-13  1.64236273e-06  7.85449602e-06  4.52268562e-05\n  -4.67559307e-06  1.25407861e-06 -2.60330184e-11 -3.79853369e-13\n   1.67116223e-13  7.95298766e-07  5.31968527e-06 -4.14158196e-07\n   4.34615792e-08 -1.59552489e-04  2.04406193e-07  2.99660236e-06\n  -1.06501295e-05  1.72238755e-06 -7.92997021e-07 -8.35665598e-04\n   2.71789192e-06  3.28568177e-06  1.59437847e-06 -6.92577414e-07\n  -5.10881658e-03  1.88157378e-05  6.99232604e-06 -1.97852332e-07\n   4.90279885e-04 -3.04714076e-06 -5.14583528e-07 -1.58937568e-04\n  -2.94456209e-07  5.71426035e-07 -1.47244004e-11 -2.24090433e-11\n   1.64950301e-13]\n [-1.27469412e-13 -1.72823761e-07 -1.36513954e-06 -4.67559307e-06\n   1.82598614e-06  8.53993332e-08  1.85663369e-11  8.93597708e-14\n  -7.43326611e-14  3.65353563e-09 -2.57467946e-07  1.91037022e-07\n   2.14635187e-08  3.87989896e-05  1.43285236e-06  9.04931154e-07\n   1.15600551e-06 -6.39103357e-07  9.62280250e-08  1.55840380e-04\n  -7.98415054e-07  1.29325666e-08 -9.92846296e-07 -6.84003263e-08\n   4.90279956e-04 -3.04714067e-06 -5.14583516e-07  4.10772525e-08\n  -2.12399505e-04  5.40885002e-07  3.15082488e-07 -6.57191565e-06\n  -6.01938827e-08  1.55757085e-07  5.03880309e-12  3.08079437e-12\n   2.86724884e-14]\n [ 1.56482335e-13  4.47750471e-08 -1.63996511e-07  1.25407861e-06\n   8.53993332e-08  1.34270446e-06 -1.30979194e-11  4.42372336e-14\n  -3.37270211e-14 -4.26190223e-09  3.71648146e-07 -2.97863955e-08\n   2.14033270e-07  2.77792684e-06  6.84311817e-07  5.18777004e-07\n   2.30726617e-08 -8.27078363e-08 -2.62303495e-07  2.50640293e-05\n  -2.88129869e-07  3.96159851e-08 -9.10074028e-08 -9.56692177e-07\n  -1.58937573e-04 -2.94456188e-07  5.71426059e-07 -7.66261363e-08\n  -6.57191139e-06 -6.01938891e-08  1.55757080e-07 -1.72784754e-04\n  -1.00583850e-07  2.08872473e-07 -9.30154152e-14 -7.67248853e-13\n   3.00869273e-14]\n [-8.57040638e-18 -8.44595081e-12 -1.29569231e-11 -2.60330184e-11\n   1.85663369e-11 -1.30979194e-11  7.92551752e-16 -6.70188251e-19\n  -2.12857512e-18  1.42749593e-12 -5.57090121e-13  2.75274531e-12\n  -2.66118582e-12  1.06659617e-09 -7.22731842e-13 -2.22221795e-12\n   3.76353414e-12 -4.95569879e-12  2.41844930e-12  1.53309350e-09\n  -4.00420583e-12 -2.84586316e-12 -1.13056288e-11  7.71496760e-12\n   2.81105385e-09 -1.78480555e-11  3.71575186e-12  1.12864124e-12\n  -2.30505018e-09  2.45632656e-12  4.75259197e-12  1.70800759e-09\n  -3.86336472e-12  2.83412866e-12  1.45852822e-16  1.55625703e-16\n   5.93307269e-19]\n [ 5.72074809e-21  1.62599420e-13 -3.80744236e-14 -3.79853369e-13\n   8.93597708e-14  4.42372336e-14 -6.70188251e-19  1.77416962e-20\n   6.62612939e-21 -3.88236954e-14 -7.34402368e-14  2.31115662e-15\n   5.39785517e-15 -1.62466675e-11  1.58070399e-13  2.32453404e-13\n   1.11412374e-13 -3.45723930e-14 -7.83484666e-16  6.10245115e-12\n   1.14102580e-13  1.26573500e-13 -4.45916572e-14 -3.03696460e-14\n   4.11816167e-11 -1.33916761e-13  6.45729774e-14  1.11391269e-15\n  -9.89982131e-12  4.60319307e-14  2.64603551e-14 -5.54425307e-12\n   2.39936361e-14  1.98886735e-14 -6.96807564e-19 -2.42182809e-19\n   9.56902682e-21]\n [ 4.62191838e-20  5.70720629e-13  3.93504515e-13  1.67116223e-13\n  -7.43326611e-14 -3.37270211e-14 -2.12857512e-18  6.62612939e-21\n   6.01252947e-20 -8.61286239e-14 -1.41120643e-13 -1.80265605e-14\n  -1.47520726e-14 -5.82756549e-11  5.40088634e-13  8.13518805e-13\n  -9.19470341e-14  1.86385722e-14 -1.84927661e-16 -4.06722953e-11\n   3.55052030e-13  5.41882668e-13  5.92368213e-14  3.29986198e-14\n  -1.34628484e-11  3.03386551e-13  1.77364267e-13  2.62182623e-15\n   9.71196631e-12  2.19341639e-14 -3.36496674e-14  4.85465658e-12\n   2.77667330e-14 -1.21369602e-14 -2.26499662e-18 -3.74456675e-18\n   2.06880278e-20]\n [ 7.03403517e-16 -1.06160712e-06 -5.56828378e-07  7.95298766e-07\n   3.65353563e-09 -4.26190223e-09  1.42749593e-12 -3.88236954e-14\n  -8.61286239e-14  2.71779536e-07  4.18260298e-07  4.59702396e-08\n   2.12587343e-08  1.17308436e-04 -4.94631056e-08 -1.10833866e-06\n  -1.11553241e-07  1.30086834e-08  9.09795431e-09  5.38284789e-05\n  -8.64758552e-07 -1.00187340e-06 -2.44328252e-08  7.43922206e-09\n  -1.00593255e-04 -2.69686212e-07 -7.11602686e-07 -4.61437486e-09\n  -2.18075195e-06 -2.59672975e-08 -8.65848651e-09  2.94713674e-07\n  -6.00089703e-08 -5.16506467e-08  5.33894142e-12  5.11086917e-12\n  -5.18850093e-14]\n [ 6.60140711e-14 -2.71408761e-06 -4.35753843e-07  5.31968527e-06\n  -2.57467946e-07  3.71648146e-07 -5.57090121e-13 -7.34402368e-14\n  -1.41120643e-13  4.18260298e-07  1.40121843e-06 -2.98249767e-08\n   7.69476390e-08  2.64704992e-04 -4.41749528e-06 -3.74801364e-06\n  -1.03016878e-06  8.50845705e-08 -9.41670334e-08  3.61600575e-05\n  -1.74494602e-06 -1.57360331e-06 -4.21647172e-08 -2.67202750e-07\n  -6.18889347e-04  1.64716483e-06  7.80278768e-08 -3.64495917e-08\n   1.90364763e-05 -6.33561374e-07 -1.58869305e-07 -4.84776502e-05\n  -2.41586791e-07  3.54758739e-09  7.18570631e-12  6.68312144e-12\n  -5.65928553e-14]\n [-2.43266273e-14  1.31763443e-07 -1.04131161e-07 -4.14158196e-07\n   1.91037022e-07 -2.97863955e-08  2.75274531e-12  2.31115662e-15\n  -1.80265605e-14  4.59702396e-08 -2.98249767e-08  4.42300707e-08\n  -2.13211682e-09 -4.02738341e-06  1.14467915e-06  4.75840758e-07\n   6.65752632e-08 -5.76421984e-08  1.59104649e-08  1.16994080e-05\n  -2.81643923e-08 -5.69806458e-08 -1.03925506e-07  2.63861442e-08\n   4.06878489e-05 -5.54395604e-07 -2.04246876e-07  5.43092434e-09\n  -2.20259298e-05  1.03506227e-07  6.97098578e-08  4.43071501e-06\n  -8.87117849e-09  1.80573938e-08  8.04860275e-13  1.12021327e-12\n  -2.73312869e-15]\n [ 2.41765706e-14 -1.53781013e-07 -1.72564359e-07  4.34615792e-08\n   2.14635187e-08  2.14033270e-07 -2.66118582e-12  5.39785517e-15\n  -1.47520726e-14  2.12587343e-08  7.69476390e-08 -2.13211682e-09\n   4.01262088e-08  1.62956554e-05 -5.05753919e-08 -1.62392175e-07\n   6.39310466e-08 -1.62876091e-08 -3.69676610e-08  1.88773032e-05\n  -1.78117990e-07 -1.66009642e-07 -1.32174829e-08 -1.49984584e-07\n  -9.11025337e-06 -1.48744897e-07 -3.31183209e-08 -1.21114055e-08\n  -1.81840006e-06  2.19502194e-09  1.54083924e-08 -2.76108323e-05\n  -1.09223278e-08  2.54227411e-08  7.05872786e-13  2.94687270e-13\n  -4.55779586e-15]\n [-1.33744048e-11 -1.22397522e-03 -5.85008404e-04 -1.59552489e-04\n   3.87989896e-05  2.77792684e-06  1.06659617e-09 -1.62466675e-11\n  -5.82756549e-11  1.17308436e-04  2.64704992e-04 -4.02738341e-06\n   1.62956554e-05  1.16212913e-01 -2.14732755e-03 -1.86467496e-03\n   1.32743880e-04 -1.77170007e-05  1.39235547e-05  5.76556420e-02\n  -8.13923837e-04 -8.32128996e-04 -3.55326728e-05 -1.54675564e-05\n   1.43759995e-02 -1.01303351e-04 -3.39900241e-04 -1.49900549e-06\n  -6.15503645e-03 -1.14077597e-04 -7.21558775e-05 -1.07925763e-03\n  -6.55451830e-05 -4.81312008e-05  3.73754295e-09  3.59694559e-09\n  -3.48126759e-11]\n [ 2.61689604e-13  2.56858935e-05  8.42924542e-06  2.04406193e-07\n   1.43285236e-06  6.84311817e-07 -7.22731842e-13  1.58070399e-13\n   5.40088634e-13 -4.94631056e-08 -4.41749528e-06  1.14467915e-06\n  -5.05753919e-08 -2.14732755e-03  7.76768888e-05  4.82712172e-05\n  -2.08549206e-06 -1.98989070e-07 -2.66904134e-07 -8.13923788e-04\n   1.32805820e-05  1.19425552e-05 -3.53415309e-07 -3.78402280e-08\n  -1.01303343e-04 -1.07009379e-05 -1.72440361e-06 -2.77710330e-09\n  -1.14077585e-04  4.82178880e-06  2.96425518e-06 -6.55451908e-05\n   1.06397428e-06  9.78683829e-07 -3.88578846e-11 -3.33717773e-11\n   3.92110961e-13]\n [ 4.00544899e-13  2.08915754e-05  8.61398301e-06  2.99660236e-06\n   9.04931154e-07  5.18777004e-07 -2.22221795e-12  2.32453404e-13\n   8.13518805e-13 -1.10833866e-06 -3.74801364e-06  4.75840758e-07\n  -1.62392175e-07 -1.86467496e-03  4.82712172e-05  3.65644194e-05\n  -2.16867059e-06 -1.95439984e-07 -2.66663735e-07 -8.32128933e-04\n   1.19425551e-05  1.35927809e-05 -2.17674625e-07 -1.03301127e-07\n  -3.39900261e-04 -1.72440301e-06  2.90259773e-06  1.71517231e-08\n  -7.21558844e-05  2.96425554e-06  1.76035507e-06 -4.81312058e-05\n   9.78683764e-07  7.94339955e-07 -4.64595000e-11 -5.21679202e-11\n   5.42661081e-13]\n [-1.49901958e-13 -1.39063997e-06 -3.38434412e-06 -1.06501295e-05\n   1.15600551e-06  2.30726617e-08  3.76353414e-12  1.11412374e-13\n  -9.19470341e-14 -1.11553241e-07 -1.03016878e-06  6.65752632e-08\n   6.39310466e-08  1.32743880e-04 -2.08549206e-06 -2.16867059e-06\n   3.09143991e-06 -4.24577492e-07  1.42179791e-07  3.70920080e-04\n  -1.29510829e-06 -1.50524540e-06 -3.53059100e-07 -8.00757943e-08\n   1.19304892e-03 -3.74652070e-06 -1.93320355e-06  3.75334918e-08\n  -1.21001308e-04  8.91392511e-07  1.02504032e-07 -4.88582316e-06\n   2.39577179e-07 -8.72331345e-08  1.05237770e-11  7.80549939e-12\n  -5.54487551e-14]\n [ 2.02177873e-14  1.23091681e-07  4.50792853e-07  1.72238755e-06\n  -6.39103357e-07 -8.27078363e-08 -4.95569879e-12 -3.45723930e-14\n   1.86385722e-14  1.30086834e-08  8.50845705e-08 -5.76421984e-08\n  -1.62876091e-08 -1.77170007e-05 -1.98989070e-07 -1.95439984e-07\n  -4.24577492e-07  2.32017164e-07 -2.65897097e-08 -5.09250480e-05\n   3.45324343e-07 -2.34118227e-08  3.46367407e-07  6.10313909e-08\n  -1.81836680e-04  1.07348032e-06  1.62988693e-07 -1.13540069e-08\n   7.40211598e-05 -1.65106320e-07 -8.95620109e-08  9.05709919e-06\n   3.31616441e-08 -4.55405609e-08 -1.43576624e-12 -4.85277459e-13\n  -1.07277328e-14]\n [-2.58764586e-14 -1.50225390e-07 -1.48295452e-07 -7.92997021e-07\n   9.62280250e-08 -2.62303495e-07  2.41844930e-12 -7.83484666e-16\n  -1.84927661e-16  9.09795431e-09 -9.41670334e-08  1.59104649e-08\n  -3.69676610e-08  1.39235547e-05 -2.66904134e-07 -2.66663735e-07\n   1.42179791e-07 -2.65897097e-08  6.47531317e-08  1.40575482e-05\n  -9.07495108e-08 -1.21081397e-07 -3.60530745e-08  1.88312998e-07\n   9.02412305e-05 -2.24946903e-07 -2.56557130e-07  1.80305049e-08\n  -1.14827469e-05  5.16919586e-08 -2.84713949e-08  3.39187578e-05\n   2.28073601e-08 -4.97923989e-08  5.56505181e-13  5.85971869e-13\n  -1.08252057e-14]\n [-3.75414418e-11 -5.85008360e-04 -7.52076779e-04 -8.35665598e-04\n   1.55840380e-04  2.50640293e-05  1.53309350e-09  6.10245115e-12\n  -4.06722953e-11  5.38284789e-05  3.61600575e-05  1.16994080e-05\n   1.88773032e-05  5.76556420e-02 -8.13923788e-04 -8.32128933e-04\n   3.70920080e-04 -5.09250480e-05  1.40575482e-05  8.20780613e-02\n  -4.32286110e-04 -5.13170807e-04 -6.04541244e-05 -2.63292963e-05\n   8.86700364e-02 -2.70891255e-04 -3.29611241e-04  3.85635846e-06\n  -1.77485054e-02  9.89647127e-05  6.17509546e-06 -3.62123437e-03\n   3.88556079e-05  2.47306614e-06  3.54093172e-09  2.35518410e-09\n  -1.88206825e-11]\n [-4.91309318e-14  8.42924561e-06  4.38400489e-06  2.71789192e-06\n  -7.98415054e-07 -2.88129869e-07 -4.00420583e-12  1.14102580e-13\n   3.55052030e-13 -8.64758552e-07 -1.74494602e-06 -2.81643923e-08\n  -1.78117990e-07 -8.13923837e-04  1.32805820e-05  1.19425551e-05\n  -1.29510829e-06  3.45324343e-07 -9.07495108e-08 -4.32286110e-04\n   6.50942305e-06  5.61332748e-06  4.50325948e-07  2.63551716e-07\n  -2.70891288e-04  1.92523841e-06  3.17741337e-06  1.37417784e-08\n   9.89647067e-05  4.91639715e-07  5.39874122e-07  3.88556158e-05\n   5.00231568e-07  3.90703066e-07 -2.91636419e-11 -1.79740804e-11\n   2.57562434e-13]\n [ 3.06515010e-13  8.61398324e-06  5.16339228e-06  3.28568177e-06\n   1.29325666e-08  3.96159851e-08 -2.84586316e-12  1.26573500e-13\n   5.41882668e-13 -1.00187340e-06 -1.57360331e-06 -5.69806458e-08\n  -1.66009642e-07 -8.32128996e-04  1.19425552e-05  1.35927809e-05\n  -1.50524540e-06 -2.34118227e-08 -1.21081397e-07 -5.13170807e-04\n   5.61332748e-06  7.80027093e-06  3.77841650e-08  2.57217722e-08\n  -3.29611264e-04  3.17741355e-06  3.52950556e-06  1.54227156e-08\n   6.17509155e-06  5.39874191e-07  3.31005246e-07  2.47306718e-06\n   3.90703047e-07  2.39716662e-07 -2.96068735e-11 -3.44008818e-11\n   3.35619618e-13]\n [ 8.00832955e-14  2.53021249e-07  5.27631529e-07  1.59437847e-06\n  -9.92846296e-07 -9.10074028e-08 -1.13056288e-11 -4.45916572e-14\n   5.92368213e-14 -2.44328252e-08 -4.21647172e-08 -1.03925506e-07\n  -1.32174829e-08 -3.55326728e-05 -3.53415309e-07 -2.17674625e-07\n  -3.53059100e-07  3.46367407e-07 -3.60530745e-08 -6.04541244e-05\n   4.50325948e-07  3.77841650e-08  5.95798157e-07  6.90556206e-08\n  -1.56531985e-04  1.48104756e-06  1.08764966e-09 -1.76986611e-08\n   1.18173506e-04 -1.46555339e-07 -1.85521921e-07  9.20298967e-06\n   9.71942038e-08 -1.21345571e-07 -1.96895521e-12 -2.76233498e-12\n  -2.06286983e-14]\n [-9.26304977e-14  1.21791019e-07  1.94251989e-07 -6.92577414e-07\n  -6.84003263e-08 -9.56692177e-07  7.71496760e-12 -3.03696460e-14\n   3.29986198e-14  7.43922206e-09 -2.67202750e-07  2.63861442e-08\n  -1.49984584e-07 -1.54675564e-05 -3.78402280e-08 -1.03301127e-07\n  -8.00757943e-08  6.10313909e-08  1.88312998e-07 -2.63292963e-05\n   2.63551716e-07  2.57217722e-08  6.90556206e-08  6.94568068e-07\n   8.86547887e-05  1.97829967e-07 -4.36056716e-07  5.47838683e-08\n   5.63098668e-06  6.19518516e-08 -1.11417583e-07  1.23473691e-04\n   8.80525213e-08 -1.45483852e-07 -4.20438471e-13 -3.56099134e-13\n  -2.24607706e-14]\n [-6.66819580e-11 -1.59552542e-04 -8.35665545e-04 -5.10881658e-03\n   4.90279956e-04 -1.58937573e-04  2.81105385e-09  4.11816167e-11\n  -1.34628484e-11 -1.00593255e-04 -6.18889347e-04  4.06878489e-05\n  -9.11025337e-06  1.43759995e-02 -1.01303343e-04 -3.39900261e-04\n   1.19304892e-03 -1.81836680e-04  9.02412305e-05  8.86700364e-02\n  -2.70891288e-04 -3.29611264e-04 -1.56531985e-04  8.86547887e-05\n   5.79044309e-01 -2.05405747e-03 -7.66795837e-04  2.24219606e-05\n  -5.08423050e-02  3.33929126e-04  4.78550021e-05  2.00694364e-02\n   3.41784518e-05 -7.28589803e-05  1.41899082e-09  2.29612035e-09\n  -1.76924212e-11]\n [ 3.36979797e-13  2.04406059e-07  2.71789197e-06  1.88157378e-05\n  -3.04714067e-06 -2.94456188e-07 -1.78480555e-11 -1.33916761e-13\n   3.03386551e-13 -2.69686212e-07  1.64716483e-06 -5.54395604e-07\n  -1.48744897e-07 -1.01303351e-04 -1.07009379e-05 -1.72440301e-06\n  -3.74652070e-06  1.07348032e-06 -2.24946903e-07 -2.70891255e-04\n   1.92523841e-06  3.17741355e-06  1.48104756e-06  1.97829967e-07\n  -2.05405747e-03  1.43443441e-05  4.20245748e-06 -3.73775467e-08\n   3.33929106e-04 -1.32913126e-06 -8.38508238e-07  3.41784675e-05\n   5.67069320e-07 -8.68152521e-08 -7.64790336e-12 -2.25299079e-11\n   1.25661799e-13]\n [-7.33198890e-14  2.99660185e-06  3.28568132e-06  6.99232604e-06\n  -5.14583516e-07  5.71426059e-07  3.71575186e-12  6.45729774e-14\n   1.77364267e-13 -7.11602686e-07  7.80278768e-08 -2.04246876e-07\n  -3.31183209e-08 -3.39900241e-04 -1.72440361e-06  2.90259773e-06\n  -1.93320355e-06  1.62988693e-07 -2.56557130e-07 -3.29611241e-04\n   3.17741337e-06  3.52950556e-06  1.08764966e-09 -4.36056716e-07\n  -7.66795837e-04  4.20245748e-06  4.68214088e-06 -3.96651128e-08\n   4.78549916e-05 -8.38508300e-07  1.43711867e-07 -7.28589790e-05\n  -8.68152518e-08  4.91523470e-07 -2.00106619e-11 -1.24093947e-11\n   2.27820494e-13]\n [-1.16039525e-14  1.42097525e-08 -3.45550231e-08 -1.97852332e-07\n   4.10772525e-08 -7.66261363e-08  1.12864124e-12  1.11391269e-15\n   2.62182623e-15 -4.61437486e-09 -3.64495917e-08  5.43092434e-09\n  -1.21114055e-08 -1.49900549e-06 -2.77710330e-09  1.71517231e-08\n   3.75334918e-08 -1.13540069e-08  1.80305049e-08  3.85635846e-06\n   1.37417784e-08  1.54227156e-08 -1.76986611e-08  5.47838683e-08\n   2.24219606e-05 -3.73775467e-08 -3.96651128e-08  5.92972580e-09\n  -4.91959236e-06  2.35431342e-08 -2.20068090e-09  9.97739311e-06\n   1.03874570e-08 -6.75651206e-09  1.11083675e-13 -2.01112111e-14\n   1.35231845e-16]\n [ 1.64477669e-11  3.87989862e-05  1.55840382e-04  4.90279885e-04\n  -2.12399505e-04 -6.57191139e-06 -2.30505018e-09 -9.89982131e-12\n   9.71196631e-12 -2.18075195e-06  1.90364763e-05 -2.20259298e-05\n  -1.81840006e-06 -6.15503645e-03 -1.14077585e-04 -7.21558844e-05\n  -1.21001308e-04  7.40211598e-05 -1.14827469e-05 -1.77485054e-02\n   9.89647067e-05  6.17509155e-06  1.18173506e-04  5.63098668e-06\n  -5.08423050e-02  3.33929106e-04  4.78549916e-05 -4.91959236e-06\n   2.48903838e-02 -5.51463221e-05 -3.56743668e-05  3.28417941e-04\n   9.33215467e-06 -1.93814177e-05 -5.99913824e-10 -4.16919671e-10\n  -3.33401991e-12]\n [-2.60686048e-14  1.43285257e-06 -7.98415089e-07 -3.04714076e-06\n   5.40885002e-07 -6.01938891e-08  2.45632656e-12  4.60319307e-14\n   2.19341639e-14 -2.59672975e-08 -6.33561374e-07  1.03506227e-07\n   2.19502194e-09 -1.14077597e-04  4.82178880e-06  2.96425554e-06\n   8.91392511e-07 -1.65106320e-07  5.16919586e-08  9.89647127e-05\n   4.91639715e-07  5.39874191e-07 -1.46555339e-07  6.19518516e-08\n   3.33929126e-04 -1.32913126e-06 -8.38508300e-07  2.35431342e-08\n  -5.51463221e-05  7.70140352e-07  2.22848014e-07  9.33215771e-06\n   2.79733483e-07  3.11097536e-08  2.53933342e-12 -1.71820438e-12\n   1.00356153e-14]\n [-7.35870284e-14  9.04931153e-07  1.29325328e-08 -5.14583528e-07\n   3.15082488e-07  1.55757080e-07  4.75259197e-12  2.64603551e-14\n  -3.36496674e-14 -8.65848651e-09 -1.58869305e-07  6.97098578e-08\n   1.54083924e-08 -7.21558775e-05  2.96425518e-06  1.76035507e-06\n   1.02504032e-07 -8.95620109e-08 -2.84713949e-08  6.17509546e-06\n   5.39874122e-07  3.31005246e-07 -1.85521921e-07 -1.11417583e-07\n   4.78550021e-05 -8.38508238e-07  1.43711867e-07 -2.20068090e-09\n  -3.56743668e-05  2.22848014e-07  2.44145237e-07 -1.93814190e-05\n   3.11097457e-08  1.31739991e-07 -7.82066072e-13  2.21110437e-12\n   2.50345260e-14]\n [-1.96419792e-11  2.77791208e-06  2.50640436e-05 -1.58937568e-04\n  -6.57191565e-06 -1.72784754e-04  1.70800759e-09 -5.54425307e-12\n   4.85465658e-12  2.94713674e-07 -4.84776502e-05  4.43071501e-06\n  -2.76108323e-05 -1.07925763e-03 -6.55451908e-05 -4.81312058e-05\n  -4.88582316e-06  9.05709919e-06  3.39187578e-05 -3.62123437e-03\n   3.88556158e-05  2.47306718e-06  9.20298967e-06  1.23473691e-04\n   2.00694364e-02  3.41784675e-05 -7.28589790e-05  9.97739311e-06\n   3.28417941e-04  9.33215771e-06 -1.93814190e-05  2.22661326e-02\n   1.28995667e-05 -2.63713687e-05 -3.01004599e-12  4.66743805e-11\n  -3.59020107e-12]\n [ 1.60808079e-14  6.84311804e-07 -2.88129805e-07 -2.94456209e-07\n  -6.01938827e-08 -1.00583850e-07 -3.86336472e-12  2.39936361e-14\n   2.77667330e-14 -6.00089703e-08 -2.41586791e-07 -8.87117849e-09\n  -1.09223278e-08 -6.55451830e-05  1.06397428e-06  9.78683764e-07\n   2.39577179e-07  3.31616441e-08  2.28073601e-08  3.88556079e-05\n   5.00231568e-07  3.90703047e-07  9.71942038e-08  8.80525213e-08\n   3.41784518e-05  5.67069320e-07 -8.68152518e-08  1.03874570e-08\n   9.33215467e-06  2.79733483e-07  3.11097457e-08  1.28995667e-05\n   2.60563031e-07 -5.77135187e-10 -2.92898723e-13 -2.02771830e-12\n   5.14148606e-15]\n [-6.55834398e-14  5.18777030e-07  3.96160004e-08  5.71426035e-07\n   1.55757085e-07  2.08872473e-07  2.83412866e-12  1.98886735e-14\n  -1.21369602e-14 -5.16506467e-08  3.54758739e-09  1.80573938e-08\n   2.54227411e-08 -4.81312008e-05  9.78683829e-07  7.94339955e-07\n  -8.72331345e-08 -4.55405609e-08 -4.97923989e-08  2.47306614e-06\n   3.90703066e-07  2.39716662e-07 -1.21345571e-07 -1.45483852e-07\n  -7.28589803e-05 -8.68152521e-08  4.91523470e-07 -6.75651206e-09\n  -1.93814177e-05  3.11097536e-08  1.31739991e-07 -2.63713687e-05\n  -5.77135187e-10  1.54144700e-07 -8.33095348e-13 -4.41456000e-14\n   2.85413330e-14]\n [-1.75553721e-18 -3.67110100e-11 -3.33008307e-11 -1.47244004e-11\n   5.03880309e-12 -9.30154152e-14  1.45852822e-16 -6.96807564e-19\n  -2.26499662e-18  5.33894142e-12  7.18570631e-12  8.04860275e-13\n   7.05872786e-13  3.73754295e-09 -3.88578846e-11 -4.64595000e-11\n   1.05237770e-11 -1.43576624e-12  5.56505181e-13  3.54093172e-09\n  -2.91636419e-11 -2.96068735e-11 -1.96895521e-12 -4.20438471e-13\n   1.41899082e-09 -7.64790336e-12 -2.00106619e-11  1.11083675e-13\n  -5.99913824e-10  2.53933342e-12 -7.82066072e-13 -3.01004599e-12\n  -2.92898723e-13 -8.33095348e-13  2.20643373e-16  1.21459152e-16\n  -1.27461602e-18]\n [-3.16669964e-18 -3.52135895e-11 -2.29511046e-11 -2.24090433e-11\n   3.08079437e-12 -7.67248853e-13  1.55625703e-16 -2.42182809e-19\n  -3.74456675e-18  5.11086917e-12  6.68312144e-12  1.12021327e-12\n   2.94687270e-13  3.59694559e-09 -3.33717773e-11 -5.21679202e-11\n   7.80549939e-12 -4.85277459e-13  5.85971869e-13  2.35518410e-09\n  -1.79740804e-11 -3.44008818e-11 -2.76233498e-12 -3.56099134e-13\n   2.29612035e-09 -2.25299079e-11 -1.24093947e-11 -2.01112111e-14\n  -4.16919671e-10 -1.71820438e-12  2.21110437e-12  4.66743805e-11\n  -2.02771830e-12 -4.41456000e-14  1.21459152e-16  2.86285147e-16\n  -1.17418094e-18]\n [ 2.89855084e-21  3.54022636e-13  1.99326185e-13  1.64950301e-13\n   2.86724884e-14  3.00869273e-14  5.93307269e-19  9.56902682e-21\n   2.06880278e-20 -5.18850093e-14 -5.65928553e-14 -2.73312869e-15\n  -4.55779586e-15 -3.48126759e-11  3.92110961e-13  5.42661081e-13\n  -5.54487551e-14 -1.07277328e-14 -1.08252057e-14 -1.88206825e-11\n   2.57562434e-13  3.35619618e-13 -2.06286983e-14 -2.24607706e-14\n  -1.76924212e-11  1.25661799e-13  2.27820494e-13  1.35231845e-16\n  -3.33401991e-12  1.00356153e-14  2.50345260e-14 -3.59020107e-12\n   5.14148606e-15  2.85413330e-14 -1.27461602e-18 -1.17418094e-18\n   1.94451613e-20]]', 'hess_sum': '[[ 9.67285433e-12 -5.64127658e-13  1.40809680e-12  3.94957316e-12\n  -8.49189116e-13  2.00706184e-13  7.57565009e-11 -2.11200935e-12\n  -6.07142580e-12  3.86404565e-13  8.79816914e-13 -8.98605191e-14\n  -1.33801755e-13 -1.40058723e-10 -1.82428950e-12 -1.97683948e-12\n   4.01981911e-13 -7.12396900e-15 -1.06071004e-13 -6.64846780e-11\n  -2.34747553e-12  4.65631628e-13  2.68247582e-13 -1.61994843e-13\n   3.99590017e-10  4.92428836e-12  1.60070100e-12  1.85845218e-14\n   6.26075552e-12  2.64458252e-14  1.06659981e-13  7.13357854e-12\n  -5.23325841e-13 -9.20289099e-14 -6.27854074e-10 -4.64396620e-10\n   1.21334844e-11]\n [-5.64127658e-13 -1.54464539e-05 -1.53661671e-06 -2.10347776e-06\n   4.69388136e-07 -1.46482221e-07 -7.79668424e-11 -8.41121184e-13\n  -2.29458069e-12  2.55657803e-06  1.78015193e-06 -9.84744429e-09\n  -1.31426233e-07  1.66060797e-03 -1.62727679e-05 -1.18445818e-05\n   1.41921513e-06 -4.17598863e-07 -2.86559280e-07  2.12592851e-04\n   1.78875174e-07  1.33693214e-06  6.56198800e-08 -1.84901775e-07\n   2.51079932e-04  3.48317305e-07 -9.28243939e-07  1.15459458e-08\n  -6.42203182e-05 -8.37585264e-08 -3.65549679e-07  1.48433815e-05\n  -3.59315051e-07 -3.64490412e-07  1.77327109e-10 -2.01527227e-12\n  -3.18783974e-12]\n [ 1.40809680e-12 -1.53661671e-06 -2.31291465e-05 -4.56036764e-06\n   7.33207450e-07  1.05037843e-07 -1.28851462e-10 -1.81628492e-12\n   1.35902183e-12 -8.77527065e-07  5.04620008e-07 -1.66906645e-07\n  -3.25967467e-07  2.12592891e-04  1.78875045e-07  1.33693175e-06\n   3.60509205e-06  2.26892932e-07 -4.64508512e-07  2.62802050e-03\n  -7.49201668e-06 -1.01662373e-05 -6.11945122e-07  3.26222539e-07\n   4.85693189e-04 -1.20459195e-07 -6.33261893e-07  4.08176417e-08\n  -1.07739152e-04 -7.24224088e-07 -3.97753080e-07 -7.51458591e-07\n   3.50080201e-07 -2.53717667e-07 -3.24182572e-10 -2.10363598e-10\n  -4.02906431e-13]\n [ 3.94957316e-12 -2.10347776e-06 -4.56036764e-06 -3.12471049e-05\n  -3.43442427e-07 -4.75114686e-07 -1.22642757e-09 -9.14660164e-13\n   1.84611395e-12  6.95141556e-09 -2.28846581e-06  4.17940640e-07\n  -4.12931892e-07  2.51079949e-04  3.48318230e-07 -9.28244380e-07\n   8.18684200e-06  4.86779995e-07 -4.17665275e-08  4.85693093e-04\n  -1.20457857e-07 -6.33261824e-07  8.25798042e-07  2.75521579e-07\n   3.68468721e-03 -1.09159206e-05 -6.50301183e-06  7.33435002e-08\n   5.73987710e-05 -5.24815831e-08  5.06006553e-07  6.66830675e-05\n   3.64319858e-07  3.13360234e-07 -4.04810874e-12  2.85188379e-10\n  -3.21182910e-12]\n [-8.49189116e-13  4.69388136e-07  7.33207450e-07 -3.43442427e-07\n  -2.55059654e-06 -5.66249561e-09  1.24934659e-11  3.65093673e-13\n   3.17149923e-14 -3.70255664e-07 -6.69729194e-08 -3.45325212e-07\n  -4.27993224e-09 -6.42203084e-05 -8.37586700e-08 -3.65549801e-07\n  -5.68779164e-07  7.13874736e-07  3.15931775e-08 -1.07739145e-04\n  -7.24224099e-07 -3.97752936e-07  1.20172914e-06  3.42601596e-08\n   5.73987812e-05 -5.24817695e-08  5.06006492e-07 -4.79315004e-08\n   3.09217446e-04 -6.56471321e-07 -8.38909217e-07 -1.63545537e-06\n  -1.43497490e-07 -1.04262392e-07 -1.25753612e-11 -1.92829140e-11\n   2.77083059e-13]\n [ 2.00706184e-13 -1.46482221e-07  1.05037843e-07 -4.75114686e-07\n  -5.66249561e-09 -1.90335374e-06  1.01552581e-11 -3.25724863e-13\n  -4.63521484e-14 -3.00238206e-07 -1.72826388e-07 -2.88149873e-09\n  -2.56312669e-07  1.48433880e-05 -3.59314992e-07 -3.64490450e-07\n   5.38566312e-07  3.02670853e-08  3.96382624e-07 -7.51474563e-07\n   3.50080150e-07 -2.53717679e-07  4.97378640e-08  9.41141199e-07\n   6.66830669e-05  3.64319650e-07  3.13360422e-07  1.23045020e-07\n  -1.63546179e-06 -1.43497489e-07 -1.04262391e-07  2.35263804e-04\n  -8.40962534e-08 -5.02511262e-07  1.66947061e-11 -8.75439900e-12\n   5.37860414e-14]\n [ 7.57565009e-11 -7.79668424e-11 -1.28851462e-10 -1.22642757e-09\n   1.24934659e-11  1.01552581e-11 -1.79025373e-07 -1.68269120e-10\n  -1.52006793e-09  3.33056453e-11 -7.15179660e-11  3.18391649e-12\n   4.47530475e-12 -3.75466433e-08 -7.36909578e-11  5.82692547e-11\n   2.12195680e-11  7.25816289e-12  1.30892211e-12  4.54997021e-08\n  -5.46591715e-11 -1.67018731e-10  1.31992441e-11 -1.18024180e-11\n   2.58364670e-07 -3.31006000e-10 -3.19466067e-10  9.29926608e-14\n   6.75094910e-09  4.15536126e-13  6.98158119e-12  5.07190731e-10\n  -4.02794451e-12 -9.38464406e-12 -1.08247968e-07  1.27258015e-07\n  -1.46582367e-09]\n [-2.11200935e-12 -8.41121184e-13 -1.81628492e-12 -9.14660164e-13\n   3.65093673e-13 -3.25724863e-13 -1.68269120e-10  3.29248627e-12\n   5.49988534e-12  1.48578343e-13 -1.11087848e-12  1.12202627e-14\n   2.47109472e-14 -1.31356302e-10  2.29003620e-12 -3.15263910e-12\n  -1.24212457e-12  3.09490007e-14 -3.74243090e-14 -3.23714886e-11\n  -1.75279422e-13  2.64357835e-13  5.62462735e-14 -3.67500949e-14\n  -3.55702648e-10  4.48318466e-12 -2.03957804e-12 -1.25180150e-14\n   1.27706045e-11  9.79107008e-14 -3.61129470e-13 -1.58587751e-11\n  -2.70383423e-13 -6.89237758e-14 -7.56954987e-10  4.29003733e-10\n   2.15825837e-11]\n [-6.07142580e-12 -2.29458069e-12  1.35902183e-12  1.84611395e-12\n   3.17149923e-14 -4.63521484e-14 -1.52006793e-09  5.49988534e-12\n   2.06146714e-12  8.07998289e-15  4.47556261e-13 -8.63831053e-14\n   3.81498008e-14  3.92071970e-11 -1.78879737e-12 -2.23349034e-12\n  -7.49025797e-13  3.56068359e-14  4.46027684e-14 -1.77198000e-10\n   3.98115217e-13 -1.01855437e-13 -9.97739246e-14 -3.47505217e-14\n  -1.87825588e-10 -2.66821885e-12 -1.01807352e-12  7.88419074e-15\n   1.84437571e-13  4.28648397e-13 -8.99996485e-14 -2.18387504e-11\n  -1.07824652e-13  8.42263041e-14  3.65035268e-10 -5.09836722e-10\n  -8.45706928e-12]\n [ 3.86404565e-13  2.55657803e-06 -8.77527065e-07  6.95141556e-09\n  -3.70255664e-07 -3.00238206e-07  3.33056453e-11  1.48578343e-13\n   8.07998289e-15 -1.54425278e-06 -2.42293069e-07 -1.02669193e-07\n   2.56637526e-08 -2.98513757e-04  1.40230192e-06  5.24264027e-07\n  -3.20052624e-07  2.12135089e-07  9.44044080e-08  8.56981362e-05\n  -6.40086372e-07 -1.13863941e-06 -9.26844719e-08  1.35334427e-07\n   1.35238421e-06 -4.37516956e-07  3.42581606e-07  1.50959200e-08\n   4.32460481e-05 -1.87052808e-07 -8.11136471e-08  3.43911060e-05\n  -4.90668155e-08 -1.12540702e-07 -3.20157548e-11 -3.61658183e-11\n   1.78004772e-13]\n [ 8.79816914e-13  1.78015193e-06  5.04620008e-07 -2.28846581e-06\n  -6.69729194e-08 -1.72826388e-07 -7.15179660e-11 -1.11087848e-12\n   4.47556261e-13 -2.42293069e-07 -1.62905465e-06  8.65854861e-08\n   3.72965730e-08 -2.05386580e-04  1.47039794e-06  1.70388798e-06\n   7.74565068e-07  5.27409040e-08  4.78686817e-08 -6.91170206e-05\n   1.53892435e-07 -1.24683919e-08  1.28897762e-07  4.05668992e-08\n   2.79698006e-04 -2.68359403e-08 -7.76964899e-07  1.06357561e-08\n   1.06984251e-05  5.10106334e-08  6.27447486e-08  2.09609331e-05\n   4.17971449e-08  3.99404506e-08  6.28177490e-11  1.21916442e-11\n   1.31467532e-14]\n [-8.98605191e-14 -9.84744429e-09 -1.66906645e-07  4.17940640e-07\n  -3.45325212e-07 -2.88149873e-09  3.18391649e-12  1.12202627e-14\n  -8.63831053e-14 -1.02669193e-07  8.65854861e-08 -1.44241909e-07\n   5.20702611e-10 -4.79928276e-06 -5.58567107e-07 -2.70797451e-07\n  -2.18585541e-07  6.63545943e-08  1.25151383e-08  1.76695200e-05\n  -1.14184126e-07 -9.99516626e-08  1.29062368e-07  6.08220068e-09\n  -4.98862877e-05  1.51597850e-07  8.00000926e-08 -6.32091094e-09\n   4.10081586e-05 -9.54724551e-08 -2.00914520e-07 -6.60465160e-07\n  -2.84912247e-08 -4.75933458e-08 -3.33749381e-12  7.69175404e-12\n  -7.26777746e-14]\n [-1.33801755e-13 -1.31426233e-07 -3.25967467e-07 -4.12931892e-07\n  -4.27993224e-09 -2.56312669e-07  4.47530475e-12  2.47109472e-14\n   3.81498008e-14  2.56637526e-08  3.72965730e-08  5.20702611e-10\n  -8.70583850e-08  1.84573981e-05  4.14134637e-08  5.89440340e-08\n   1.83376162e-07  1.14665126e-08  4.77926863e-08  3.76267215e-05\n  -8.28618690e-08 -1.61825109e-07  2.43198853e-08  1.10815279e-07\n   4.93530731e-05 -1.04807953e-07 -1.07899232e-08  1.96919459e-08\n  -3.07464105e-07 -2.69588500e-08 -3.84119926e-08  3.21355833e-05\n  -1.23996290e-08 -7.49012291e-08  3.77084420e-12  4.03366556e-13\n  -3.09423506e-14]\n [-1.40058723e-10  1.66060797e-03  2.12592891e-04  2.51079949e-04\n  -6.42203084e-05  1.48433880e-05 -3.75466433e-08 -1.31356302e-10\n   3.92071970e-11 -2.98513757e-04 -2.05386580e-04 -4.79928276e-06\n   1.84573981e-05 -1.82954318e-01  1.44689557e-03  1.08890079e-03\n  -1.69018841e-04  5.17657437e-05  3.17947170e-05 -2.83710921e-02\n   2.53483232e-05 -1.12387720e-04 -7.02000086e-06  2.12039264e-05\n  -2.98675899e-02 -1.30214683e-05  1.27789397e-04 -1.67450953e-06\n   8.56271716e-03  5.77320036e-06  3.36109845e-05 -1.60575986e-03\n   3.25734407e-05  3.24908299e-05  1.25308874e-08  2.49317951e-09\n   1.77302678e-10]\n [-1.82428950e-12 -1.62727679e-05  1.78875045e-07  3.48318230e-07\n  -8.37586700e-08 -3.59314992e-07 -7.36909578e-11  2.29003620e-12\n  -1.78879737e-12  1.40230192e-06  1.47039794e-06 -5.58567107e-07\n   4.14134637e-08  1.44689557e-03 -4.26621376e-05 -2.50215465e-05\n   2.58972623e-07 -5.51732313e-08 -6.12041379e-08  2.53483094e-05\n   3.45644171e-06  3.14899440e-06  7.99297979e-08 -3.49596208e-08\n  -1.30215380e-05  3.93108590e-06  1.10598799e-06  9.08579873e-10\n   5.77320921e-06  1.81517831e-07 -4.79181004e-07  3.25734412e-05\n  -9.39518814e-07 -7.66990734e-07  7.11944932e-11 -1.31359968e-10\n  -3.52871793e-12]\n [-1.97683948e-12 -1.18445818e-05  1.33693175e-06 -9.28244380e-07\n  -3.65549801e-07 -3.64490450e-07  5.82692547e-11 -3.15263910e-12\n  -2.23349034e-12  5.24264027e-07  1.70388798e-06 -2.70797451e-07\n   5.89440340e-08  1.08890079e-03 -2.50215465e-05 -1.97026987e-05\n   5.64520360e-07  1.83633071e-10 -8.13427050e-08 -1.12387695e-04\n   3.14899425e-06  2.48782534e-06  5.55981194e-08  1.71642693e-08\n   1.27789389e-04  1.10598815e-06  3.83869473e-07 -1.10866436e-09\n   3.36109916e-05 -4.79181132e-07 -5.71609956e-07  3.24908368e-05\n  -7.66990839e-07 -6.33324893e-07  2.19473649e-11  4.48802530e-10\n   1.91636635e-12]\n [ 4.01981911e-13  1.41921513e-06  3.60509205e-06  8.18684200e-06\n  -5.68779164e-07  5.38566312e-07  2.12195680e-11 -1.24212457e-12\n  -7.49025797e-13 -3.20052624e-07  7.74565068e-07 -2.18585541e-07\n   1.83376162e-07 -1.69018841e-04  2.58972623e-07  5.64520360e-07\n  -4.27724672e-06 -3.34033517e-08  3.90540803e-08 -4.34744564e-04\n  -1.32687246e-06  9.49450090e-07  1.48458032e-08 -8.26307278e-08\n  -9.79567534e-04  1.52514328e-06  1.05150250e-06 -6.41824643e-08\n   6.87748784e-05  2.71951969e-07 -1.39163846e-07 -6.59238838e-05\n   1.32704433e-07  8.01042306e-08  2.74407225e-10  2.36639453e-10\n   1.48209752e-14]\n [-7.12396900e-15 -4.17598863e-07  2.26892932e-07  4.86779995e-07\n   7.13874736e-07  3.02670853e-08  7.25816289e-12  3.09490007e-14\n   3.56068359e-14  2.12135089e-07  5.27409040e-08  6.63545943e-08\n   1.14665126e-08  5.17657437e-05 -5.51732313e-08  1.83633071e-10\n  -3.34033517e-08 -3.03978405e-07  6.22469487e-09 -1.82832858e-05\n   2.04953747e-07  3.85284321e-07 -3.83183799e-07 -5.38814223e-08\n  -6.35830418e-05  1.66581520e-07 -9.93325842e-08  1.14449432e-08\n  -8.82701806e-05  1.01347081e-07  1.61995027e-07 -4.00968232e-06\n   4.38940120e-09  2.35942166e-08 -5.03937489e-12  2.18993563e-12\n  -2.18117327e-14]\n [-1.06071004e-13 -2.86559280e-07 -4.64508512e-07 -4.17665275e-08\n   3.15931775e-08  3.96382624e-07  1.30892211e-12 -3.74243090e-14\n   4.46027684e-14  9.44044080e-08  4.78686817e-08  1.25151383e-08\n   4.77926863e-08  3.17947170e-05 -6.12041379e-08 -8.13427050e-08\n   3.90540803e-08  6.22469487e-09 -1.79123075e-07  5.74668342e-05\n   1.22702608e-07  2.89429010e-07 -2.74415257e-08 -1.91872951e-07\n   6.89928495e-06  2.00404794e-07  1.24385948e-09 -2.52799752e-08\n  -4.02312039e-06  6.59719281e-09  3.09364771e-08 -4.85010538e-05\n   5.74180437e-08  1.05631015e-07  3.25270984e-12 -4.76739398e-12\n   3.98974056e-15]\n [-6.64846780e-11  2.12592851e-04  2.62802050e-03  4.85693093e-04\n  -1.07739145e-04 -7.51474563e-07  4.54997021e-08 -3.23714886e-11\n  -1.77198000e-10  8.56981362e-05 -6.91170206e-05  1.76695200e-05\n   3.76267215e-05 -2.83710921e-02  2.53483094e-05 -1.12387695e-04\n  -4.34744564e-04 -1.82832858e-05  5.74668342e-05 -3.01902336e-01\n   6.73942628e-04  1.01192953e-03  7.73107211e-05 -3.98625207e-05\n  -5.12022921e-02 -3.71745394e-06  4.65605073e-05 -5.65445088e-06\n   1.51304024e-02  7.11118791e-05  3.29830114e-05 -1.40410315e-03\n  -4.52587479e-05  2.55701470e-05  2.31978163e-08 -7.95081113e-09\n   7.44807280e-11]\n [-2.34747553e-12  1.78875174e-07 -7.49201668e-06 -1.20457857e-07\n  -7.24224099e-07  3.50080150e-07 -5.46591715e-11 -1.75279422e-13\n   3.98115217e-13 -6.40086372e-07  1.53892435e-07 -1.14184126e-07\n  -8.28618690e-08  2.53483232e-05  3.45644171e-06  3.14899425e-06\n  -1.32687246e-06  2.04953747e-07  1.22702608e-07  6.73942628e-04\n  -1.89071019e-05 -1.22871345e-05  1.02369301e-07  7.05525441e-08\n  -3.71747989e-06 -1.91761891e-06 -1.30859460e-06 -2.44146826e-08\n   7.11118793e-05 -6.08308082e-07 -9.36771634e-07 -4.52587498e-05\n  -6.50002301e-07 -4.19358279e-07 -4.53822213e-10  1.18312604e-10\n  -1.04894892e-12]\n [ 4.65631628e-13  1.33693214e-06 -1.01662373e-05 -6.33261824e-07\n  -3.97752936e-07 -2.53717679e-07 -1.67018731e-10  2.64357835e-13\n  -1.01855437e-13 -1.13863941e-06 -1.24683919e-08 -9.99516626e-08\n  -1.61825109e-07 -1.12387720e-04  3.14899440e-06  2.48782534e-06\n   9.49450090e-07  3.85284321e-07  2.89429010e-07  1.01192953e-03\n  -1.22871345e-05 -1.45874985e-05 -9.02527665e-09  1.50284968e-07\n   4.65604500e-05 -1.30859461e-06 -5.97211240e-07  3.03139130e-08\n   3.29830057e-05 -9.36771591e-07 -6.31667091e-07  2.55701563e-05\n  -4.19358286e-07 -4.85037922e-07 -4.95112144e-11 -1.98310365e-11\n  -2.91381610e-13]\n [ 2.68247582e-13  6.56198800e-08 -6.11945122e-07  8.25798042e-07\n   1.20172914e-06  4.97378640e-08  1.31992441e-11  5.62462735e-14\n  -9.97739246e-14 -9.26844719e-08  1.28897762e-07  1.29062368e-07\n   2.43198853e-08 -7.02000086e-06  7.99297979e-08  5.55981194e-08\n   1.48458032e-08 -3.83183799e-07 -2.74415257e-08  7.73107211e-05\n   1.02369301e-07 -9.02527665e-09 -8.40808199e-07 -2.18159452e-08\n  -1.05389900e-04  6.54307395e-08  2.10598928e-07  2.27781106e-08\n  -1.51117162e-04  2.70574274e-08  3.46762664e-07 -5.53974601e-06\n   2.48465597e-08  2.11483877e-08 -1.23465264e-11  1.50489525e-11\n   8.60157777e-14]\n [-1.61994843e-13 -1.84901775e-07  3.26222539e-07  2.75521579e-07\n   3.42601596e-08  9.41141199e-07 -1.18024180e-11 -3.67500949e-14\n  -3.47505217e-14  1.35334427e-07  4.05668992e-08  6.08220068e-09\n   1.10815279e-07  2.12039264e-05 -3.49596208e-08  1.71642693e-08\n  -8.26307278e-08 -5.38814223e-08 -1.91872951e-07 -3.98625207e-05\n   7.05525441e-08  1.50284968e-07 -2.18159452e-08 -7.14126839e-07\n  -3.53616488e-05  4.58010945e-08  6.87628963e-08 -5.83222490e-08\n  -3.14438271e-06  4.48176729e-08  9.94366294e-09 -1.20807334e-04\n  -1.42342163e-07  2.47078599e-07 -9.15000355e-12 -5.76624885e-12\n  -5.96483343e-14]\n [ 3.99590017e-10  2.51079932e-04  4.85693189e-04  3.68468721e-03\n   5.73987812e-05  6.66830669e-05  2.58364670e-07 -3.55702648e-10\n  -1.87825588e-10  1.35238421e-06  2.79698006e-04 -4.98862877e-05\n   4.93530731e-05 -2.98675899e-02 -1.30215380e-05  1.27789389e-04\n  -9.79567534e-04 -6.35830418e-05  6.89928495e-06 -5.12022921e-02\n  -3.71747989e-06  4.65604500e-05 -1.05389900e-04 -3.53616488e-05\n  -4.37909167e-01  1.12504375e-03  7.40015630e-04 -8.94536680e-06\n  -8.65356312e-03  2.07383989e-05 -5.25595391e-05 -8.90974639e-03\n  -2.22123132e-05 -2.79274669e-05  7.11046711e-08  1.71607004e-08\n  -2.39964270e-12]\n [ 4.92428836e-12  3.48317305e-07 -1.20459195e-07 -1.09159206e-05\n  -5.24817695e-08  