{'theta_hat': '[-1.12100451e-10  2.23969872e-03 -1.52015477e-03 -1.26113203e-02\n -5.31286773e-04 -6.68109892e-04  1.61231064e-09 -1.22643933e-10\n  2.37090077e-10 -4.10912918e-04 -3.30302389e-03 -3.03263000e-05\n  3.43985499e-05 -2.70351224e-01  4.51206014e-03  4.01345786e-04\n  2.85195738e-03  2.06772983e-04  2.08184753e-04  1.49191081e-01\n -1.08130337e-04 -1.37475055e-03  7.56839886e-04  4.75487348e-04\n  1.48190791e+00 -4.44515265e-03 -4.21409800e-03  2.51871446e-05\n  8.95581004e-02  1.06198662e-03 -4.37184873e-04  7.55698646e-02\n  3.26818913e-04 -8.90462182e-04 -2.56379137e-09  1.34056704e-08\n -1.19210611e-10]', 'theta_bar': '[ 5.89978029e-03  3.94836522e-03 -2.41238320e-05 -5.41131413e-03\n -1.27821697e-03  2.38719532e-03 -1.39729890e+00 -9.74141149e-04\n  2.33868363e-03 -7.34039400e-04 -2.56867100e-03 -2.00304595e-04\n  5.14482757e-04 -5.69404122e-01  1.80371127e-03  1.81070381e-03\n  5.18537167e-04  3.70990500e-04 -4.95980448e-04  1.82683496e-01\n  1.05333013e-03 -1.25471159e-04  8.40385086e-04 -1.68397078e-03\n  1.14966819e+00 -3.44707659e-05 -3.08083080e-03 -1.66181337e-04\n  1.73884675e-01 -6.52191200e-04 -8.96580132e-04 -3.18070092e-01\n -4.70149668e-04 -2.89728177e-04  1.63068783e-01 -4.16634905e-01\n -1.08317035e-02]', 'grad_op_sum': '[[ 1.95436615e-19  1.10851709e-13  3.51195180e-13  5.01862341e-13\n  -1.42522540e-13  4.31129941e-14 -1.19711289e-17  2.58655969e-22\n   3.22216987e-20  5.99018211e-15  7.39037125e-14 -2.24840224e-14\n   3.21427126e-15 -8.15281495e-12  2.13047508e-13  5.35318777e-13\n  -1.37292191e-13  2.40897866e-14 -2.47015293e-15 -4.01033132e-11\n  -5.74955903e-14  3.03174293e-13  9.58733933e-14 -1.11304619e-14\n  -5.27311050e-11  3.44630179e-13 -8.52228205e-14 -3.50783123e-15\n   1.84211932e-11 -1.60081050e-14 -3.03922849e-14 -4.23300492e-12\n  -2.62113103e-15  2.36405487e-14 -2.40833494e-18 -4.45201051e-19\n  -9.71203197e-21]\n [ 1.10851709e-13  1.42489844e-05  6.02759451e-06  1.61598907e-06\n  -4.11392403e-07  8.36367229e-07 -4.98654435e-12  1.20826682e-13\n   7.46660746e-13 -1.29933663e-06 -3.51925486e-06  2.19066675e-08\n   3.30373582e-08 -1.37415587e-03  2.57413000e-05  2.06855764e-05\n  -1.39288865e-06  1.70003703e-07 -3.08386879e-07 -5.93647826e-04\n   8.40585951e-06  8.63022184e-06  4.17032073e-07 -4.23274320e-07\n  -1.56966554e-04  2.89976885e-07  2.59494968e-06 -4.30874282e-08\n   7.21307080e-05  1.37459927e-06  9.21391449e-07 -1.06771930e-04\n   6.64662217e-07  2.21963200e-07 -3.91554073e-11 -3.63860877e-11\n   3.92890369e-13]\n [ 3.51195180e-13  6.02759451e-06  7.06281779e-06  7.97863384e-06\n  -1.41292166e-06  1.05298857e-07 -1.57839685e-11 -5.24066048e-14\n   4.07969431e-13 -5.58726031e-07 -4.67294611e-07 -1.21239124e-07\n  -1.16327630e-07 -5.93647874e-04  8.40585931e-06  8.63022162e-06\n  -3.49792649e-06  4.54078086e-07 -2.10331814e-07 -7.67086460e-04\n   4.37433530e-06  5.14284136e-06  5.52684127e-07 -1.48790492e-09\n  -8.52757610e-04  2.72585200e-06  3.27753742e-06 -5.51488139e-08\n   1.62504436e-04 -8.24927168e-07  2.11573407e-07 -1.19903874e-05\n  -3.37344488e-07  1.22666753e-07 -3.31292901e-11 -2.16613064e-11\n   1.95439714e-13]\n [ 5.01862341e-13  1.61598907e-06  7.97863384e-06  4.60870025e-05\n  -5.15854250e-06  2.11364606e-06 -1.79458422e-11 -3.80334098e-13\n   1.88890982e-13  8.39201371e-07  5.49951574e-06 -5.14978911e-07\n   2.16717669e-07 -1.56966443e-04  2.89976970e-07  2.59495022e-06\n  -1.09748112e-05  1.82571725e-06 -9.79790382e-07 -8.52757655e-04\n   2.72585190e-06  3.27753788e-06  1.91366695e-06 -1.30521735e-06\n  -5.22570315e-03  1.87031743e-05  7.29124175e-06 -2.74917234e-07\n   5.55783560e-04 -2.83923014e-06 -7.59453287e-07 -2.76598282e-04\n  -3.60197610e-07  5.96213043e-07 -1.19780494e-11 -3.20181562e-11\n   1.96023400e-13]\n [-1.42522540e-13 -4.11392403e-07 -1.41292166e-06 -5.15854250e-06\n   3.65548968e-06 -6.90665977e-08  1.80552960e-11  1.03800877e-13\n   9.23495359e-15  3.50516722e-08 -2.55019777e-07  5.13000889e-07\n  -4.93481965e-08  7.21307148e-05  1.37459911e-06  9.21391489e-07\n   1.29973532e-06 -1.08791005e-06  1.04073056e-07  1.62504436e-04\n  -8.24927089e-07  2.11573481e-07 -2.36485713e-06 -2.16946005e-08\n   5.55783688e-04 -2.83922992e-06 -7.59453285e-07  9.78126769e-08\n  -4.59773367e-04 -5.59036610e-09  8.79221686e-07  1.58414662e-05\n  -5.89300678e-08  1.38311433e-07  1.18238922e-11  3.44686109e-12\n   2.74275589e-14]\n [ 4.31129941e-14  8.36367229e-07  1.05298857e-07  2.11364606e-06\n  -6.90665977e-08  3.27791580e-06 -1.01908540e-11  1.52042399e-14\n   1.75245335e-13 -1.35764988e-07 -8.62486779e-08 -1.44175397e-07\n   6.06784254e-07 -1.06771918e-04  6.64662215e-07  2.21963216e-07\n  -3.87259084e-07 -8.40527173e-08 -6.86632503e-07 -1.19903773e-05\n  -3.37344544e-07  1.22666587e-07 -4.65500072e-08 -2.34985724e-06\n  -2.76598303e-04 -3.60197468e-07  5.96212864e-07 -2.18157470e-07\n   1.58414703e-05 -5.89300899e-08  1.38311412e-07 -4.38084649e-04\n  -4.91034653e-07  4.49389434e-07  6.15558455e-12 -6.89763371e-12\n   6.62246174e-14]\n [-1.19711289e-17 -4.98654435e-12 -1.57839685e-11 -1.79458422e-11\n   1.80552960e-11 -1.01908540e-11  1.35872226e-15 -6.47054871e-19\n  -1.23333936e-18  8.90885274e-13 -1.68995165e-12  2.51658945e-12\n  -1.93215573e-12  5.78930190e-10  3.66293701e-12 -1.71013762e-11\n   3.72417706e-12 -4.58090075e-12  2.09299920e-12  1.91840182e-09\n  -2.65984397e-12 -3.26817192e-12 -1.12033220e-11  5.78804808e-12\n   1.71085048e-09 -1.45605719e-11  5.78080425e-13  8.73646752e-13\n  -2.23801781e-09  4.25483394e-12 -4.53581424e-13  1.30767156e-09\n   5.33725932e-12 -1.35516549e-11  1.18321822e-16 -7.31810892e-17\n   1.99606409e-18]\n [ 2.58655969e-22  1.20826682e-13 -5.24066048e-14 -3.80334098e-13\n   1.03800877e-13  1.52042399e-14 -6.47054871e-19  2.26227242e-20\n   3.00669411e-23 -3.07688575e-14 -4.19657312e-14  7.03010247e-15\n  -2.57957595e-15 -1.05204363e-11  1.60075772e-13  2.39274091e-13\n   1.20929546e-13 -3.73262335e-14  5.30291832e-15  8.06009272e-12\n   1.16440706e-13  1.26363829e-13 -5.42271278e-14 -1.03538239e-14\n   4.13169354e-11 -1.46024733e-13  8.66376445e-14  3.36805980e-15\n  -1.18755197e-11  4.39072937e-14  7.12760656e-15 -1.46397492e-12\n   1.36275833e-14  3.39096076e-14 -3.67421422e-19 -3.40371456e-19\n   8.35664911e-21]\n [ 3.22216987e-20  7.46660746e-13  4.07969431e-13  1.88890982e-13\n   9.23495359e-15  1.75245335e-13 -1.23333936e-18  3.00669411e-23\n   1.10868332e-19 -1.23494406e-13 -2.74649930e-13 -1.76482019e-14\n   2.97193665e-14 -8.23947398e-11  5.37896671e-13  7.51720020e-13\n  -1.05071661e-13 -5.87742905e-15 -4.57675549e-14 -4.26812374e-11\n   3.41271216e-13  5.86190713e-13 -1.12574379e-14 -1.18224151e-13\n  -1.66338753e-11  3.15736324e-13  1.49297989e-13 -9.53157346e-15\n  -1.40949653e-12  1.15053736e-15 -4.55597662e-14 -2.38980212e-11\n  -5.72687131e-15 -1.23434969e-14 -1.61397845e-18 -4.82207864e-18\n   3.01461226e-20]\n [ 5.99018211e-15 -1.29933663e-06 -5.58726031e-07  8.39201371e-07\n   3.50516722e-08 -1.35764988e-07  8.90885274e-13 -3.07688575e-14\n  -1.23494406e-13  3.25655375e-07  5.99560015e-07  6.55233749e-08\n  -1.09445296e-08  1.49859091e-04 -5.73524193e-08 -1.08204617e-06\n  -1.30016094e-07  6.91871673e-09  3.44984886e-08  5.41195011e-05\n  -8.59063121e-07 -1.00957701e-06 -4.67189772e-08  9.68520166e-08\n  -1.06359630e-04 -2.89953773e-07 -6.15535470e-07  4.26838127e-09\n  -6.64505320e-06 -1.01091300e-08  1.85922047e-09  1.85394211e-05\n  -5.53363153e-08  1.15927061e-08  5.91293834e-12  5.12044926e-12\n  -5.92322364e-14]\n [ 7.39037125e-14 -3.51925486e-06 -4.67294611e-07  5.49951574e-06\n  -2.55019777e-07 -8.62486779e-08 -1.68995165e-12 -4.19657312e-14\n  -2.74649930e-13  5.99560015e-07  2.03012036e-06  1.91952484e-08\n  -3.38238706e-08  3.74907686e-04 -4.42804885e-06 -3.67979979e-06\n  -1.08077281e-06  9.13093611e-08 -3.39193655e-09  4.05576610e-05\n  -1.72376663e-06 -1.59543522e-06 -3.90087968e-08  4.88320302e-08\n  -6.42558630e-04  1.54992207e-06  4.35521505e-07 -8.14322703e-09\n   1.79163504e-05 -5.28325025e-07 -2.65294862e-07  1.50450064e-05\n  -2.29458643e-07  2.04337492e-07  9.02120740e-12  5.19928345e-12\n  -7.81250424e-14]\n [-2.24840224e-14  2.19066675e-08 -1.21239124e-07 -5.14978911e-07\n   5.13000889e-07 -1.44175397e-07  2.51658945e-12  7.03010247e-15\n  -1.76482019e-14  6.55233749e-08  1.91952484e-08  1.06423306e-07\n  -3.30293708e-08  1.11640863e-05  1.13620627e-06  4.88404289e-07\n   1.00647466e-07 -1.35003884e-07  3.59251360e-08  1.40741315e-05\n  -2.99430845e-08 -2.68747549e-08 -3.42857918e-07  9.68278521e-08\n   5.44312076e-05 -5.20194851e-07 -2.30194756e-07  2.13758246e-08\n  -6.56553469e-05  1.38578772e-08  1.65717650e-07  2.03606284e-05\n   7.95913356e-09  1.33841572e-08  1.83229911e-12  1.23171593e-12\n  -4.97218591e-15]\n [ 3.21427126e-15  3.30373582e-08 -1.16327630e-07  2.16717669e-07\n  -4.93481965e-08  6.06784254e-07 -1.93215573e-12 -2.57957595e-15\n   2.97193665e-14 -1.09445296e-08 -3.38238706e-08 -3.30293708e-08\n   1.21806231e-07 -9.52123862e-06 -5.26937296e-08 -2.28995817e-07\n  -1.92141292e-08 -6.78522301e-09 -1.22215821e-07  1.11384472e-05\n  -1.88518252e-07 -1.51119416e-07  2.55192275e-08 -4.30801382e-07\n  -3.28557886e-05 -1.60432247e-07 -3.32609768e-08 -4.16915723e-08\n   8.06600792e-06  1.43412691e-08  3.22429491e-09 -8.15303216e-05\n  -8.18865622e-08  6.27592930e-08  1.63919492e-12 -9.43845654e-13\n   3.80168834e-15]\n [-8.15281495e-12 -1.37415587e-03 -5.93647874e-04 -1.56966443e-04\n   7.21307148e-05 -1.06771918e-04  5.78930190e-10 -1.05204363e-11\n  -8.23947398e-11  1.49859091e-04  3.74907686e-04  1.11640863e-05\n  -9.52123862e-06  1.36805848e-01 -2.15504279e-03 -1.83597166e-03\n   1.33424408e-04 -2.42872204e-05  3.58254103e-05  5.88584220e-02\n  -8.10758696e-04 -8.34254616e-04 -5.84407610e-05  5.99874301e-05\n   1.41612993e-02 -1.12966277e-04 -2.85006227e-04  6.44913875e-06\n  -1.08096397e-02 -1.06298758e-04 -7.42098464e-05  1.40798722e-02\n  -6.28602729e-05 -7.28007315e-06  4.07026574e-09  3.76718738e-09\n  -4.01760006e-11]\n [ 2.13047508e-13  2.57413000e-05  8.40585931e-06  2.89976970e-07\n   1.37459911e-06  6.64662215e-07  3.66293701e-12  1.60075772e-13\n   5.37896671e-13 -5.73524193e-08 -4.42804885e-06  1.13620627e-06\n  -5.26937296e-08 -2.15504279e-03  7.78164152e-05  4.79893990e-05\n  -2.08654094e-06 -1.81280584e-07 -2.59348782e-07 -8.10758646e-04\n   1.33022104e-05  1.19154680e-05 -3.08690476e-07 -1.86884226e-08\n  -1.12966255e-04 -1.06960576e-05 -1.76311181e-06 -3.34940545e-09\n  -1.06298753e-04  4.79234211e-06  2.96467864e-06 -6.28602761e-05\n   1.20497900e-06  6.76932462e-07 -4.00512868e-11 -3.91667280e-11\n   4.18051865e-13]\n [ 5.35318777e-13  2.06855764e-05  8.63022162e-06  2.59495022e-06\n   9.21391489e-07  2.21963216e-07 -1.71013762e-11  2.39274091e-13\n   7.51720020e-13 -1.08204617e-06 -3.67979979e-06  4.88404289e-07\n  -2.28995817e-07 -1.83597166e-03  4.79893990e-05  3.73445463e-05\n  -2.07896213e-06 -2.00657918e-07 -2.07314836e-07 -8.34254555e-04\n   1.19154679e-05  1.35615378e-05 -2.10850037e-07  1.04547827e-07\n  -2.85006267e-04 -1.76311128e-06  2.91458941e-06  4.04907083e-08\n  -7.42098604e-05  2.96467895e-06  1.86678518e-06 -7.28009229e-06\n   6.76932413e-07  1.42436807e-06 -4.54676154e-11 -3.63516765e-11\n   4.68877314e-13]\n [-1.37292191e-13 -1.39288865e-06 -3.49792649e-06 -1.09748112e-05\n   1.29973532e-06 -3.87259084e-07  3.72417706e-12  1.20929546e-13\n  -1.05071661e-13 -1.30016094e-07 -1.08077281e-06  1.00647466e-07\n  -1.92141292e-08  1.33424408e-04 -2.08654094e-06 -2.07896213e-06\n   3.26403469e-06 -4.49706941e-07  2.34622921e-07  3.86470949e-04\n  -1.29009047e-06 -1.49015399e-06 -4.41360935e-07  2.16405110e-07\n   1.23731182e-03 -3.72102399e-06 -2.02345214e-06  7.17042314e-08\n  -1.40608120e-04  8.55774969e-07  1.49693256e-08  5.13850417e-05\n   2.95146073e-07 -1.71131570e-07  9.48906741e-12  9.30403155e-12\n  -5.95955888e-14]\n [ 2.40897866e-14  1.70003703e-07  4.54078086e-07  1.82571725e-06\n  -1.08791005e-06 -8.40527173e-08 -4.58090075e-12 -3.73262335e-14\n  -5.87742905e-15  6.91871673e-09  9.13093611e-08 -1.35003884e-07\n  -6.78522301e-09 -2.42872204e-05 -1.81280584e-07 -2.00657918e-07\n  -4.49706941e-07  3.43142161e-07 -1.96213532e-08 -5.14031173e-05\n   3.53788849e-07 -7.46062280e-08  6.84454558e-07  7.81031822e-08\n  -1.95827862e-04  1.02508136e-06  2.19045777e-07 -2.24760167e-08\n   1.34676259e-04 -2.97977247e-08 -2.34079836e-07  8.93822437e-06\n   4.56198510e-08 -5.69198719e-08 -3.25781350e-12 -5.84447242e-13\n  -1.03663253e-14]\n [-2.47015293e-15 -3.08386879e-07 -2.10331814e-07 -9.79790382e-07\n   1.04073056e-07 -6.86632503e-07  2.09299920e-12  5.30291832e-15\n  -4.57675549e-14  3.44984886e-08 -3.39193655e-09  3.59251360e-08\n  -1.22215821e-07  3.58254103e-05 -2.59348782e-07 -2.07314836e-07\n   2.34622921e-07 -1.96213532e-08  1.58564833e-07  2.25878320e-05\n  -7.87032699e-08 -1.43130410e-07 -2.59580893e-08  4.95086456e-07\n   1.15807684e-04 -2.10186977e-07 -2.67070714e-07  4.84828472e-08\n  -1.28705219e-05  5.76795335e-08 -3.40039741e-08  9.20636341e-05\n   1.14081991e-07 -1.15234363e-07 -9.80461883e-13  1.91431689e-12\n  -1.79817762e-14]\n [-4.01033132e-11 -5.93647826e-04 -7.67086460e-04 -8.52757655e-04\n   1.62504436e-04 -1.19903773e-05  1.91840182e-09  8.06009272e-12\n  -4.26812374e-11  5.41195011e-05  4.05576610e-05  1.40741315e-05\n   1.11384472e-05  5.88584220e-02 -8.10758646e-04 -8.34254555e-04\n   3.86470949e-04 -5.14031173e-05  2.25878320e-05  8.41294522e-02\n  -4.30958346e-04 -5.10384681e-04 -6.39703337e-05  5.96139501e-07\n   9.10232179e-02 -2.71931105e-04 -3.28538487e-04  6.69180714e-06\n  -1.86775304e-02  1.02545608e-04 -2.08190220e-05  1.47726805e-03\n   4.56418006e-05 -8.87849002e-06  3.51687238e-09  2.18183938e-09\n  -1.83018102e-11]\n [-5.74955903e-14  8.40585951e-06  4.37433530e-06  2.72585190e-06\n  -8.24927089e-07 -3.37344544e-07 -2.65984397e-12  1.16440706e-13\n   3.41271216e-13 -8.59063121e-07 -1.72376663e-06 -2.99430845e-08\n  -1.88518252e-07 -8.10758696e-04  1.33022104e-05  1.19154679e-05\n  -1.29009047e-06  3.53788849e-07 -7.87032699e-08 -4.30958346e-04\n   6.52192621e-06  5.58113362e-06  4.72971051e-07  3.00016361e-07\n  -2.71931125e-04  1.93671612e-06  3.15198132e-06  1.63976893e-08\n   1.02545598e-04  4.77138579e-07  5.87328669e-07  4.56418178e-05\n   5.42841247e-07  3.19969883e-07 -2.95765357e-11 -1.77886959e-11\n   2.58425859e-13]\n [ 3.03174293e-13  8.63022184e-06  5.14284136e-06  3.27753788e-06\n   2.11573481e-07  1.22666587e-07 -3.26817192e-12  1.26363829e-13\n   5.86190713e-13 -1.00957701e-06 -1.59543522e-06 -2.68747549e-08\n  -1.51119416e-07 -8.34254616e-04  1.19154680e-05  1.35615378e-05\n  -1.49015399e-06 -7.46062280e-08 -1.43130410e-07 -5.10384681e-04\n   5.58113362e-06  7.92913128e-06 -1.19718367e-07 -4.03672375e-08\n  -3.28538513e-04  3.15198152e-06  3.61897031e-06  1.45403086e-08\n  -2.08190296e-05  5.87328706e-07  7.59691011e-08 -8.87847759e-06\n   3.19969901e-07  3.50074672e-07 -2.78719001e-11 -3.81439827e-11\n   3.44382796e-13]\n [ 9.58733933e-14  4.17032073e-07  5.52684127e-07  1.91366695e-06\n  -2.36485713e-06 -4.65500072e-08 -1.12033220e-11 -5.42271278e-14\n  -1.12574379e-14 -4.67189772e-08 -3.90087968e-08 -3.42857918e-07\n   2.55192275e-08 -5.84407610e-05 -3.08690476e-07 -2.10850037e-07\n  -4.41360935e-07  6.84454558e-07 -2.59580893e-08 -6.39703337e-05\n   4.72971051e-07 -1.19718367e-07  1.62815001e-06  8.59103625e-08\n  -1.99799474e-04  1.32826556e-06  1.72287185e-07 -5.50450468e-08\n   3.03658174e-04  2.56454759e-07 -5.96607352e-07  2.17880571e-06\n   1.08340730e-07 -1.20622349e-07 -7.35902898e-12 -2.51510585e-12\n  -2.16538318e-14]\n [-1.11304619e-14 -4.23274320e-07 -1.48790492e-09 -1.30521735e-06\n  -2.16946005e-08 -2.34985724e-06  5.78804808e-12 -1.03538239e-14\n  -1.18224151e-13  9.68520166e-08  4.88320302e-08  9.68278521e-08\n  -4.30801382e-07  5.99874301e-05 -1.86884226e-08  1.04547827e-07\n   2.16405110e-07  7.81031822e-08  4.95086456e-07  5.96139501e-07\n   3.00016361e-07 -4.03672375e-08  8.59103625e-08  1.70030836e-06\n   1.72513934e-04  2.40441827e-07 -4.54279361e-07  1.55171774e-07\n  -1.77972239e-06  7.86595325e-08 -1.21915622e-07  3.14400567e-04\n   3.74269815e-07 -3.30664087e-07 -5.26869501e-12  3.98337295e-12\n  -4.75219516e-14]\n [-5.27311050e-11 -1.56966554e-04 -8.52757610e-04 -5.22570315e-03\n   5.55783688e-04 -2.76598303e-04  1.71085048e-09  4.13169354e-11\n  -1.66338753e-11 -1.06359630e-04 -6.42558630e-04  5.44312076e-05\n  -3.28557886e-05  1.41612993e-02 -1.12966255e-04 -2.85006267e-04\n   1.23731182e-03 -1.95827862e-04  1.15807684e-04  9.10232179e-02\n  -2.71931125e-04 -3.28538513e-04 -1.99799474e-04  1.72513934e-04\n   5.94929742e-01 -2.03894871e-03 -8.07030834e-04  3.29480909e-05\n  -5.97277350e-02  3.05889046e-04  8.04985310e-05  3.61768135e-02\n   4.30483101e-05 -7.59672363e-05  1.04842308e-09  3.60084587e-09\n  -2.19541321e-11]\n [ 3.44630179e-13  2.89976885e-07  2.72585200e-06  1.87031743e-05\n  -2.83922992e-06 -3.60197468e-07 -1.45605719e-11 -1.46024733e-13\n   3.15736324e-13 -2.89953773e-07  1.54992207e-06 -5.20194851e-07\n  -1.60432247e-07 -1.12966277e-04 -1.06960576e-05 -1.76311128e-06\n  -3.72102399e-06  1.02508136e-06 -2.10186977e-07 -2.71931105e-04\n   1.93671612e-06  3.15198152e-06  1.32826556e-06  2.40441827e-07\n  -2.03894871e-03  1.44653999e-05  3.99981524e-06 -2.68793956e-08\n   3.05889028e-04 -1.42535359e-06 -6.15441144e-07  4.30483067e-05\n   7.02851558e-07 -2.86827944e-07 -8.80370295e-12 -2.07494952e-11\n   1.29430397e-13]\n [-8.52228205e-14  2.59494968e-06  3.27753742e-06  7.29124175e-06\n  -7.59453285e-07  5.96212864e-07  5.78080425e-13  8.66376445e-14\n   1.49297989e-13 -6.15535470e-07  4.35521505e-07 -2.30194756e-07\n  -3.32609768e-08 -2.85006227e-04 -1.76311181e-06  2.91458941e-06\n  -2.02345214e-06  2.19045777e-07 -2.67070714e-07 -3.28538487e-04\n   3.15198132e-06  3.61897031e-06  1.72287185e-07 -4.54279361e-07\n  -8.07030834e-04  3.99981524e-06  5.19547084e-06 -5.03382628e-08\n   8.04984982e-05 -6.15441270e-07 -2.51424523e-07 -7.59672079e-05\n  -2.86827872e-07  9.24232636e-07 -1.70513049e-11 -1.62004156e-11\n   2.20886078e-13]\n [-3.50783123e-15 -4.30874282e-08 -5.51488139e-08 -2.74917234e-07\n   9.78126769e-08 -2.18157470e-07  8.73646752e-13  3.36805980e-15\n  -9.53157346e-15  4.26838127e-09 -8.14322703e-09  2.13758246e-08\n  -4.16915723e-08  6.44913875e-06 -3.34940545e-09  4.04907083e-08\n   7.17042314e-08 -2.24760167e-08  4.84828472e-08  6.69180714e-06\n   1.63976893e-08  1.45403086e-08 -5.50450468e-08  1.55171774e-07\n   3.29480909e-05 -2.68793956e-08 -5.03382628e-08  1.74577382e-08\n  -1.26952269e-05  9.05982548e-09  1.36695671e-08  2.94054477e-05\n   3.77975458e-08 -2.46888220e-08 -1.85247219e-13  4.78706391e-13\n  -2.51548269e-15]\n [ 1.84211932e-11  7.21307080e-05  1.62504436e-04  5.55783560e-04\n  -4.59773367e-04  1.58414703e-05 -2.23801781e-09 -1.18755197e-11\n  -1.40949653e-12 -6.64505320e-06  1.79163504e-05 -6.56553469e-05\n   8.06600792e-06 -1.08096397e-02 -1.06298753e-04 -7.42098604e-05\n  -1.40608120e-04  1.34676259e-04 -1.28705219e-05 -1.86775304e-02\n   1.02545598e-04 -2.08190296e-05  3.03658174e-04 -1.77972239e-06\n  -5.97277350e-02  3.05889028e-04  8.04984982e-05 -1.26952269e-05\n   5.83409976e-02  1.84046878e-05 -1.11265250e-04 -2.91155096e-03\n   8.77894618e-06 -1.68818591e-05 -1.51385577e-09 -4.54608356e-10\n  -3.17427852e-12]\n [-1.60081050e-14  1.37459927e-06 -8.24927168e-07 -2.83923014e-06\n  -5.59036610e-09 -5.89300899e-08  4.25483394e-12  4.39072937e-14\n   1.15053736e-15 -1.01091300e-08 -5.28325025e-07  1.38578772e-08\n   1.43412691e-08 -1.06298758e-04  4.79234211e-06  2.96467895e-06\n   8.55774969e-07 -2.97977247e-08  5.76795335e-08  1.02545608e-04\n   4.77138579e-07  5.87328706e-07  2.56454759e-07  7.86595325e-08\n   3.05889046e-04 -1.42535359e-06 -6.15441270e-07  9.05982548e-09\n   1.84046878e-05  1.10241694e-06 -3.57084268e-07  8.77895045e-06\n   2.51815810e-07  1.56017768e-07  1.53924904e-12 -5.31629245e-12\n   1.38297290e-14]\n [-3.03922849e-14  9.21391449e-07  2.11573407e-07 -7.59453287e-07\n   8.79221686e-07  1.38311412e-07 -4.53581424e-13  7.12760656e-15\n  -4.55597662e-14  1.85922047e-09 -2.65294862e-07  1.65717650e-07\n   3.22429491e-09 -7.42098464e-05  2.96467864e-06  1.86678518e-06\n   1.49693256e-08 -2.34079836e-07 -3.40039741e-08 -2.08190220e-05\n   5.87328669e-07  7.59691011e-08 -5.96607352e-07 -1.21915622e-07\n   8.04985310e-05 -6.15441144e-07 -2.51424523e-07  1.36695671e-08\n  -1.11265250e-04 -3.57084268e-07  1.82687833e-06 -1.68818576e-05\n   1.56017781e-07 -2.63745233e-08 -2.09460218e-12  1.76274747e-11\n  -5.58377314e-15]\n [-4.23300492e-12 -1.06771930e-04 -1.19903874e-05 -2.76598282e-04\n   1.58414662e-05 -4.38084649e-04  1.30767156e-09 -1.46397492e-12\n  -2.38980212e-11  1.85394211e-05  1.50450064e-05  2.03606284e-05\n  -8.15303216e-05  1.40798722e-02 -6.28602761e-05 -7.28009229e-06\n   5.13850417e-05  8.93822437e-06  9.20636341e-05  1.47726805e-03\n   4.56418178e-05 -8.87847759e-06  2.17880571e-06  3.14400567e-04\n   3.61768135e-02  4.30483067e-05 -7.59672079e-05  2.94054477e-05\n  -2.91155096e-03  8.77895045e-06 -1.68818576e-05  5.86395198e-02\n   6.60973131e-05 -5.89629268e-05 -8.46574283e-10  8.84486859e-10\n  -8.57659909e-12]\n [-2.62113103e-15  6.64662217e-07 -3.37344488e-07 -3.60197610e-07\n  -5.89300678e-08 -4.91034653e-07  5.33725932e-12  1.36275833e-14\n  -5.72687131e-15 -5.53363153e-08 -2.29458643e-07  7.95913356e-09\n  -8.18865622e-08 -6.28602729e-05  1.20497900e-06  6.76932413e-07\n   2.95146073e-07  4.56198510e-08  1.14081991e-07  4.56418006e-05\n   5.42841247e-07  3.19969901e-07  1.08340730e-07  3.74269815e-07\n   4.30483101e-05  7.02851558e-07 -2.86827872e-07  3.77975458e-08\n   8.77894618e-06  2.51815810e-07  1.56017781e-07  6.60973131e-05\n   6.37480225e-07 -5.49407664e-07 -4.34748921e-12 -5.69852010e-12\n   3.10321997e-14]\n [ 2.36405487e-14  2.21963200e-07  1.22666753e-07  5.96213043e-07\n   1.38311433e-07  4.49389434e-07 -1.35516549e-11  3.39096076e-14\n  -1.23434969e-14  1.15927061e-08  2.04337492e-07  1.33841572e-08\n   6.27592930e-08 -7.28007315e-06  6.76932462e-07  1.42436807e-06\n  -1.71131570e-07 -5.69198719e-08 -1.15234363e-07 -8.87849002e-06\n   3.19969883e-07  3.50074672e-07 -1.20622349e-07 -3.30664087e-07\n  -7.59672363e-05 -2.86827944e-07  9.24232636e-07 -2.46888220e-08\n  -1.68818591e-05  1.56017768e-07 -2.63745233e-08 -5.89629268e-05\n  -5.49407664e-07  1.16832473e-06  4.66952156e-12  9.48910117e-12\n  -3.28915882e-14]\n [-2.40833494e-18 -3.91554073e-11 -3.31292901e-11 -1.19780494e-11\n   1.18238922e-11  6.15558455e-12  1.18321822e-16 -3.67421422e-19\n  -1.61397845e-18  5.91293834e-12  9.02120740e-12  1.83229911e-12\n   1.63919492e-12  4.07026574e-09 -4.00512868e-11 -4.54676154e-11\n   9.48906741e-12 -3.25781350e-12 -9.80461883e-13  3.51687238e-09\n  -2.95765357e-11 -2.78719001e-11 -7.35902898e-12 -5.26869501e-12\n   1.04842308e-09 -8.80370295e-12 -1.70513049e-11 -1.85247219e-13\n  -1.51385577e-09  1.53924904e-12 -2.09460218e-12 -8.46574283e-10\n  -4.34748921e-12  4.66952156e-12  3.16838244e-16  1.00781471e-16\n  -1.38252307e-18]\n [-4.45201051e-19 -3.63860877e-11 -2.16613064e-11 -3.20181562e-11\n   3.44686109e-12 -6.89763371e-12 -7.31810892e-17 -3.40371456e-19\n  -4.82207864e-18  5.12044926e-12  5.19928345e-12  1.23171593e-12\n  -9.43845654e-13  3.76718738e-09 -3.91667280e-11 -3.63516765e-11\n   9.30403155e-12 -5.84447242e-13  1.91431689e-12  2.18183938e-09\n  -1.77886959e-11 -3.81439827e-11 -2.51510585e-12  3.98337295e-12\n   3.60084587e-09 -2.07494952e-11 -1.62004156e-11  4.78706391e-13\n  -4.54608356e-10 -5.31629245e-12  1.76274747e-11  8.84486859e-10\n  -5.69852010e-12  9.48910117e-12  1.00781471e-16  7.90566256e-16\n  -2.85198737e-18]\n [-9.71203197e-21  3.92890369e-13  1.95439714e-13  1.96023400e-13\n   2.74275589e-14  6.62246174e-14  1.99606409e-18  8.35664911e-21\n   3.01461226e-20 -5.92322364e-14 -7.81250424e-14 -4.97218591e-15\n   3.80168834e-15 -4.01760006e-11  4.18051865e-13  4.68877314e-13\n  -5.95955888e-14 -1.03663253e-14 -1.79817762e-14 -1.83018102e-11\n   2.58425859e-13  3.44382796e-13 -2.16538318e-14 -4.75219516e-14\n  -2.19541321e-11  1.29430397e-13  2.20886078e-13 -2.51548269e-15\n  -3.17427852e-12  1.38297290e-14 -5.58377314e-15 -8.57659909e-12\n   3.10321997e-14 -3.28915882e-14 -1.38252307e-18 -2.85198737e-18\n   2.72279159e-20]]', 'hess_sum': '[[ 2.81160493e-11  1.23182521e-12  4.07652497e-12  1.36376032e-12\n  -1.01883211e-12  1.98425843e-13  1.15628483e-09 -1.72291641e-12\n  -1.79060789e-12  2.80681239e-13  1.22468529e-12 -1.28734904e-13\n  -1.39890027e-13 -1.98218098e-10 -2.34262080e-12 -2.37728979e-12\n   2.24295667e-12 -4.18129799e-14 -1.70667287e-13 -3.35238459e-10\n  -3.05430075e-12 -1.06201800e-12  1.94501398e-13 -2.24037919e-13\n   1.32110730e-09  8.36741736e-12  2.62238749e-12  1.24894542e-14\n   5.55637879e-11  1.19256926e-13  1.03147189e-13  1.52241763e-11\n  -4.78469982e-13 -1.98458621e-13 -6.91026637e-10  5.06667096e-10\n   1.18805448e-11]\n [ 1.23182521e-12 -1.69089438e-05 -1.66624360e-06 -2.71977844e-06\n   2.30399649e-07 -5.72934848e-07 -5.44060393e-11 -1.87881534e-12\n  -1.19062878e-12  2.84463117e-06  2.39093226e-06 -1.06299194e-09\n  -2.44049542e-07  1.85954582e-03 -1.59721423e-05 -1.24472519e-05\n   1.57681648e-06 -3.75099704e-07 -1.93552529e-07  2.30137360e-04\n   3.24738927e-07  1.04293416e-06  3.06614899e-07  2.20765029e-08\n   3.34352682e-04  8.12136900e-07 -1.55732082e-06  3.34548352e-08\n  -3.14081559e-05 -1.85070624e-08 -4.58975799e-07  7.31691222e-05\n  -2.94693005e-07 -4.59324993e-07  1.60307622e-10  3.51302171e-11\n  -2.79313691e-12]\n [ 4.07652497e-12 -1.66624360e-06 -2.46099211e-05 -4.19805151e-06\n   8.21847239e-07  2.89551234e-08 -3.34200108e-10 -4.50905090e-13\n  -8.15289700e-13 -9.16517941e-07  5.41321763e-07 -1.71325895e-07\n  -3.46713684e-07  2.30137362e-04  3.24738833e-07  1.04293390e-06\n   4.52261552e-06  2.58357209e-07 -4.25787992e-07  2.82974281e-03\n  -7.41428581e-06 -1.05598363e-05 -6.95478062e-07  3.62733840e-07\n   4.36633518e-04 -1.15939442e-07 -4.47737718e-07  4.80434594e-08\n  -1.19579516e-04 -7.37793575e-07 -4.32551006e-07  9.37848781e-06\n   4.16091801e-07 -3.73307381e-07 -3.53743278e-10  1.28126659e-10\n  -1.83223289e-13]\n [ 1.36376032e-12 -2.71977844e-06 -4.19805151e-06 -3.43526025e-05\n  -2.75853934e-07 -7.96040105e-07 -8.83884510e-10 -1.68945702e-12\n   6.84170355e-12  1.13891829e-07 -2.92272478e-06  4.86376867e-07\n  -5.62380469e-07  3.34352724e-04  8.12137995e-07 -1.55732146e-06\n   8.68589698e-06  4.53148218e-07  2.35191693e-08  4.36633445e-04\n  -1.15937976e-07 -4.47737712e-07  9.73683239e-07  2.88158127e-07\n   4.10464248e-03 -9.83295338e-06 -8.59366314e-06  1.05610580e-07\n   4.83373361e-05 -3.96248957e-08  5.44304745e-07  1.10233770e-04\n   4.85036646e-07  1.59731333e-07  8.25936108e-11 -5.36794192e-11\n  -5.56402012e-12]\n [-1.01883211e-12  2.30399649e-07  8.21847239e-07 -2.75853934e-07\n  -3.92632777e-06 -2.71259723e-08  8.07056649e-11  4.48209138e-13\n   1.52595520e-13 -3.22005316e-07  1.55767438e-07 -5.64328806e-07\n  -1.54921934e-10 -3.14081661e-05 -1.85071782e-08 -4.58975890e-07\n  -6.60563787e-07  1.04489390e-06  4.13701399e-08 -1.19579504e-04\n  -7.37793605e-07 -4.32550940e-07  2.23172697e-06  7.43684929e-08\n   4.83373708e-05 -3.96250796e-08  5.44304714e-07 -8.04774734e-08\n   4.96069701e-04 -3.19726198e-07 -1.15828856e-06  1.41624100e-06\n  -1.44687639e-07 -1.32211572e-07 -6.24530453e-12  1.19677197e-12\n   1.43806473e-13]\n [ 1.98425843e-13 -5.72934848e-07  2.89551234e-08 -7.96040105e-07\n  -2.71259723e-08 -3.18388039e-06  9.26774574e-12 -2.76822226e-13\n  -1.29650454e-13 -2.17177280e-07  9.74447917e-09  1.60807687e-08\n  -4.47296679e-07  7.31691261e-05 -2.94692944e-07 -4.59325057e-07\n   6.50105093e-07  3.83818152e-08  6.94416155e-07  9.37845400e-06\n   4.16091741e-07 -3.73307277e-07  9.59702547e-08  1.87818436e-06\n   1.10233758e-04  4.85036391e-07  1.59731635e-07  2.08028943e-07\n   1.41623501e-06 -1.44687644e-07 -1.32211565e-07  4.09280530e-04\n   1.57455645e-07 -7.32320617e-07 -4.98534299e-12  2.04651834e-11\n   9.34670318e-14]\n [ 1.15628483e-09 -5.44060393e-11 -3.34200108e-10 -8.83884510e-10\n   8.07056649e-11  9.26774574e-12 -2.67035644e-07 -3.44958860e-10\n  -4.00331391e-10  3.73022864e-11 -2.05160576e-11  1.01462662e-11\n   4.61082207e-12 -3.42374972e-08 -7.86876391e-11  1.66803602e-10\n  -1.48636265e-10  1.00356289e-11  6.86495704e-12  9.58941023e-08\n  -1.27273111e-10  2.82863898e-10  2.98898222e-11  8.32916089e-13\n   3.07451740e-07 -2.57179942e-10 -1.09639412e-10  1.34411101e-12\n   8.24052807e-09  1.96094490e-12  1.40824188e-11  2.10051210e-09\n  -3.08155159e-12 -1.18746573e-12 -8.55838048e-08  1.41865136e-07\n  -1.31984039e-09]\n [-1.72291641e-12 -1.87881534e-12 -4.50905090e-13 -1.68945702e-12\n   4.48209138e-13 -2.76822226e-13 -3.44958860e-10  5.76751109e-12\n   3.92192460e-12  2.38052178e-13 -9.81337048e-13  2.27234593e-14\n   3.98501501e-15 -1.30690868e-10  2.42708383e-12 -3.76152540e-12\n  -6.72535043e-13  5.54304977e-14 -4.95539850e-14  7.83116168e-11\n  -3.75223162e-13 -5.07200853e-13  3.85686155e-14 -5.61648438e-14\n   3.33168667e-11  2.92556584e-12 -1.94493291e-12 -1.13166581e-14\n   3.04547530e-12  1.49485234e-13 -3.59638554e-13 -1.06525903e-12\n  -3.20101467e-13 -8.89975855e-14 -9.31260657e-10  2.25123370e-10\n   2.14815185e-11]\n [-1.79060789e-12 -1.19062878e-12 -8.15289700e-13  6.84170355e-12\n   1.52595520e-13 -1.29650454e-13 -4.00331391e-10  3.92192460e-12\n   2.44243660e-12  1.81218067e-13  8.84768346e-13 -1.06583263e-13\n   2.76570908e-14  1.28144844e-10 -1.60769829e-12 -1.39910520e-12\n  -1.80365004e-13  1.01045326e-14  1.66092974e-14 -4.26779401e-10\n  -1.02978585e-13 -1.93132827e-12 -2.38685450e-13 -1.00404843e-13\n  -1.16314613e-10 -5.24709765e-12 -3.98863313e-12  5.28206508e-15\n  -3.93837060e-11  3.70564641e-13  2.34648477e-14 -4.32577519e-11\n  -1.30615609e-13  1.20623365e-13  2.02598334e-10 -2.53380864e-10\n  -7.90404762e-12]\n [ 2.80681239e-13  2.84463117e-06 -9.16517941e-07  1.13891829e-07\n  -3.22005316e-07 -2.17177280e-07  3.73022864e-11  2.38052178e-13\n   1.81218067e-13 -1.61102171e-06 -3.64763534e-07 -1.08913567e-07\n   4.77516660e-08 -3.37646708e-04  1.35716201e-06  6.25895538e-07\n  -3.01124805e-07  2.04694476e-07  7.74150478e-08  9.10729575e-05\n  -6.51034930e-07 -1.09662414e-06 -1.45634398e-07  9.62821184e-08\n  -1.30141433e-05 -5.27980623e-07  4.62521459e-07  1.11895028e-08\n   3.66581567e-05 -1.94783095e-07 -7.17880914e-08  2.30190375e-05\n  -5.59653586e-08 -1.01914815e-07 -2.62508494e-11 -7.64596434e-11\n   1.27645745e-13]\n [ 1.22468529e-12  2.39093226e-06  5.41321763e-07 -2.92272478e-06\n   1.55767438e-07  9.74447917e-09 -2.05160576e-11 -9.81337048e-13\n   8.84768346e-13 -3.64763534e-07 -2.21375010e-06  1.19308216e-07\n   5.58909362e-08 -2.88879668e-04  1.46341435e-06  1.78072671e-06\n   9.42453327e-07  9.52936027e-09  8.95352089e-09 -7.40172507e-05\n   7.38118930e-08  1.64557506e-07  2.25558276e-09 -1.21232316e-07\n   3.65241395e-04  8.93245669e-08 -1.12063234e-06  7.26951617e-09\n  -1.96931019e-05 -7.13282542e-09  1.58959238e-07 -4.20677921e-06\n   4.61009074e-08  2.82193345e-08  9.70112554e-11 -4.65416467e-11\n   1.94843123e-14]\n [-1.28734904e-13 -1.06299194e-09 -1.71325895e-07  4.86376867e-07\n  -5.64328806e-07  1.60807687e-08  1.01462662e-11  2.27234593e-14\n  -1.06583263e-13 -1.08913567e-07  1.19308216e-07 -1.86475163e-07\n   8.39236347e-09 -5.89924896e-06 -5.52336662e-07 -2.71729040e-07\n  -2.32519795e-07  1.18014623e-07  9.05749676e-09  1.83214087e-05\n  -1.10628310e-07 -1.05212860e-07  2.84611786e-07  5.30661792e-09\n  -5.90344872e-05  1.24661060e-07  1.30679924e-07 -1.31259485e-08\n   7.07853870e-05 -3.97169287e-08 -2.62508594e-07 -3.23518386e-06\n  -3.10977894e-08 -4.80505952e-08 -7.24089582e-12  2.57952735e-13\n  -6.02811175e-14]\n [-1.39890027e-13 -2.44049542e-07 -3.46713684e-07 -5.62380469e-07\n  -1.54921934e-10 -4.47296679e-07  4.61082207e-12  3.98501501e-15\n   2.76570908e-14  4.77516660e-08  5.58909362e-08  8.39236347e-09\n  -1.22091518e-07  3.37820762e-05  7.11849107e-08  1.27355503e-08\n   2.29795468e-07  1.14179446e-08  9.21468264e-08  4.04353345e-05\n  -7.16636555e-08 -1.79147076e-07  3.47418549e-08  2.40003424e-07\n   6.95692510e-05 -4.67014162e-08 -1.05401784e-07  3.29260845e-08\n  -8.55190896e-07 -2.80479192e-08 -3.98995086e-08  5.81216545e-05\n   2.42721590e-08 -1.13244245e-07 -5.48006265e-13  1.04373165e-12\n  -3.19792457e-14]\n [-1.98218098e-10  1.85954582e-03  2.30137362e-04  3.34352724e-04\n  -3.14081661e-05  7.31691261e-05 -3.42374972e-08 -1.30690868e-10\n   1.28144844e-10 -3.37646708e-04 -2.88879668e-04 -5.89924896e-06\n   3.37820762e-05 -2.10017809e-01  1.40613437e-03  1.17051597e-03\n  -1.90243670e-04  4.59316387e-05  1.90862651e-05 -3.07460860e-02\n   5.45911209e-06 -7.22544070e-05 -3.98874343e-05 -7.29935414e-06\n  -4.11200395e-02 -7.58476251e-05  2.12729281e-04 -4.66815365e-06\n   4.05771141e-03 -3.22101182e-06  4.64957926e-05 -9.58361764e-03\n   2.38088099e-05  4.51947286e-05  4.00956120e-09 -3.69702944e-10\n   1.75068509e-10]\n [-2.34262080e-12 -1.59721423e-05  3.24738833e-07  8.12137995e-07\n  -1.85071782e-08 -2.94692944e-07 -7.86876391e-11  2.42708383e-12\n  -1.60769829e-12  1.35716201e-06  1.46341435e-06 -5.52336662e-07\n   7.11849107e-08  1.40613437e-03 -4.28953670e-05 -2.46459999e-05\n   6.20882820e-08 -6.67566255e-08 -7.65050519e-08  5.45909147e-06\n   3.39875716e-06  3.22212096e-06  1.74007350e-09 -3.81728542e-08\n  -7.58477120e-05  3.77114371e-06  1.40669024e-06 -2.68210665e-09\n  -3.22100612e-06  1.38222841e-07 -4.03237413e-07  2.38088120e-05\n  -1.00428700e-06 -6.42766696e-07  5.44790861e-11 -7.37505905e-11\n  -3.70870357e-12]\n [-2.37728979e-12 -1.24472519e-05  1.04293390e-06 -1.55732146e-06\n  -4.58975890e-07 -4.59325057e-07  1.66803602e-10 -3.76152540e-12\n  -1.39910520e-12  6.25895538e-07  1.78072671e-06 -2.71729040e-07\n   1.27355503e-08  1.17051597e-03 -2.46459999e-05 -2.05743089e-05\n   8.82299804e-07  2.48155981e-08 -5.57674617e-08 -7.22543545e-05\n   3.22212072e-06  2.42103985e-06  1.71679194e-07  8.50659028e-09\n   2.12729254e-04  1.40669039e-06  3.33457886e-08  3.61988550e-09\n   4.64957985e-05 -4.03237540e-07 -7.66437244e-07  4.51947369e-05\n  -6.42766830e-07 -8.88141605e-07  3.16896692e-11  4.81815605e-10\n   2.01962101e-12]\n [ 2.24295667e-12  1.57681648e-06  4.52261552e-06  8.68589698e-06\n  -6.60563787e-07  6.50105093e-07 -1.48636265e-10 -6.72535043e-13\n  -1.80365004e-13 -3.01124805e-07  9.42453327e-07 -2.32519795e-07\n   2.29795468e-07 -1.90243670e-04  6.20882820e-08  8.82299804e-07\n  -5.02835642e-06 -4.50597867e-08 -3.59107667e-10 -5.59840347e-04\n  -1.37851841e-06  1.14357609e-06  4.82796001e-08 -1.01268547e-07\n  -1.04702507e-03  1.28299807e-06  1.41591320e-06 -7.62156409e-08\n   8.11041105e-05  2.82414919e-07 -1.31334167e-07 -8.09088303e-05\n   6.02456862e-08  1.98751800e-07  2.04790768e-10  1.50741111e-10\n   4.00250414e-13]\n [-4.18129799e-14 -3.75099704e-07  2.58357209e-07  4.53148218e-07\n   1.04489390e-06  3.83818152e-08  1.00356289e-11  5.54304977e-14\n   1.01045326e-14  2.04694476e-07  9.52936027e-09  1.18014623e-07\n   1.14179446e-08  4.59316387e-05 -6.67566255e-08  2.48155981e-08\n  -4.50597867e-08 -3.87982299e-07  1.59916538e-09 -2.26486515e-05\n   2.10882238e-07  4.01633126e-07 -6.30988010e-07 -6.46140622e-08\n  -5.90051938e-05  1.65112199e-07 -1.22949156e-07  1.90643058e-08\n  -1.33208181e-04  1.87242317e-08  2.41691794e-07 -5.13234333e-06\n   1.21076206e-09  3.74349759e-08 -7.80952657e-12  5.10038649e-12\n  -5.92963916e-15]\n [-1.70667287e-13 -1.93552529e-07 -4.25787992e-07  2.35191693e-08\n   4.13701399e-08  6.94416155e-07  6.86495704e-12 -4.95539850e-14\n   1.66092974e-14  7.74150478e-08  8.95352089e-09  9.05749676e-09\n   9.21468264e-08  1.90862651e-05 -7.65050519e-08 -5.57674617e-08\n  -3.59107667e-10  1.59916538e-09 -2.49883020e-07  5.22328620e-05\n   1.05996759e-07  3.19451668e-07 -4.13266655e-08 -4.09984787e-07\n  -1.94802839e-06  1.74435130e-07  3.30506190e-08 -4.49346133e-08\n  -5.37559414e-06  4.05571627e-09  4.10993090e-08 -8.90033634e-05\n   1.97894827e-09  1.61028135e-07  5.90489762e-12 -6.56953618e-12\n   9.61516222e-15]\n [-3.35238459e-10  2.30137360e-04  2.82974281e-03  4.36633445e-04\n  -1.19579504e-04  9.37845400e-06  9.58941023e-08  7.83116168e-11\n  -4.26779401e-10  9.10729575e-05 -7.40172507e-05  1.83214087e-05\n   4.04353345e-05 -3.07460860e-02  5.45909147e-06 -7.22543545e-05\n  -5.59840347e-04 -2.26486515e-05  5.22328620e-05 -3.29384622e-01\n   6.63437052e-04  1.06532757e-03  8.85493214e-05 -4.46660498e-05\n  -4.45590169e-02 -4.42295058e-06  2.13508749e-05 -6.61924871e-06\n   1.67118599e-02  7.27837487e-05  3.78796249e-05 -2.75240863e-03\n  -5.42150961e-05  4.18035353e-05  2.59779536e-08  3.93395760e-09\n   1.06305898e-10]\n [-3.05430075e-12  3.24738927e-07 -7.41428581e-06 -1.15937976e-07\n  -7.37793605e-07  4.16091741e-07 -1.27273111e-10 -3.75223162e-13\n  -1.02978585e-13 -6.51034930e-07  7.38118930e-08 -1.10628310e-07\n  -7.16636555e-08  5.45911209e-06  3.39875716e-06  3.22212072e-06\n  -1.37851841e-06  2.10882238e-07  1.05996759e-07  6.63437052e-04\n  -1.90809946e-05 -1.19864007e-05  1.13453783e-07  2.77578398e-08\n  -4.42295121e-06 -1.87751919e-06 -1.36395275e-06 -2.95239588e-08\n   7.27837525e-05 -5.92862400e-07 -9.49832710e-07 -5.42150979e-05\n  -6.79046701e-07 -3.95163425e-07 -4.51127158e-10  1.79378375e-10\n  -5.49687248e-13]\n [-1.06201800e-12  1.04293416e-06 -1.05598363e-05 -4.47737712e-07\n  -4.32550940e-07 -3.73307277e-07  2.82863898e-10 -5.07200853e-13\n  -1.93132827e-12 -1.09662414e-06  1.64557506e-07 -1.05212860e-07\n  -1.79147076e-07 -7.22544070e-05  3.22212096e-06  2.42103985e-06\n   1.14357609e-06  4.01633126e-07  3.19451668e-07  1.06532757e-03\n  -1.19864007e-05 -1.56151441e-05  5.50503274e-09  2.27814134e-07\n   2.13506660e-05 -1.36395268e-06 -3.19996953e-07  3.74582141e-08\n   3.78796172e-05 -9.49832671e-07 -5.63552904e-07  4.18035398e-05\n  -3.95163415e-07 -4.67940039e-07 -1.08004099e-11 -2.36427290e-10\n   2.06109567e-13]\n [ 1.94501398e-13  3.06614899e-07 -6.95478062e-07  9.73683239e-07\n   2.23172697e-06  9.59702547e-08  2.98898222e-11  3.85686155e-14\n  -2.38685450e-13 -1.45634398e-07  2.25558276e-09  2.84611786e-07\n   3.47418549e-08 -3.98874343e-05  1.74007350e-09  1.71679194e-07\n   4.82796001e-08 -6.30988010e-07 -4.13266655e-08  8.85493214e-05\n   1.13453783e-07  5.50503274e-09 -1.63482639e-06 -5.37659159e-08\n  -1.25349966e-04 -1.74160096e-08  3.28933589e-07  4.45882564e-08\n  -2.91016467e-04 -2.15905531e-07  5.71668962e-07 -1.19081090e-05\n   1.58145517e-08  5.63555992e-08 -2.60126100e-11  4.33290091e-11\n   1.02196756e-13]\n [-2.24037919e-13  2.20765029e-08  3.62733840e-07  2.88158127e-07\n   7.43684929e-08  1.87818436e-06  8.32916089e-13 -5.61648438e-14\n  -1.00404843e-13  9.62821184e-08 -1.21232316e-07  5.30661792e-09\n   2.40003424e-07 -7.29935414e-06 -3.81728542e-08  8.50659028e-09\n  -1.01268547e-07 -6.46140622e-08 -4.09984787e-07 -4.46660498e-05\n   2.77578398e-08  2.27814134e-07 -5.37659159e-08 -1.42641576e-06\n  -3.73011340e-05  5.28945312e-08  1.04575727e-08 -1.19383926e-07\n  -8.68160721e-06  3.84043475e-08  4.28447504e-08 -2.48152616e-04\n  -3.12770414e-07  4.02394746e-07 -1.43147013e-11  1.01725818e-11\n  -5.32372926e-14]\n [ 1.32110730e-09  3.34352682e-04  4.36633518e-04  4.10464248e-03\n   4.83373708e-05  1.10233758e-04  3.07451740e-07  3.33168667e-11\n  -1.16314613e-10 -1.30141433e-05  3.65241395e-04 -5.90344872e-05\n   6.95692510e-05 -4.11200395e-02 -7.58477120e-05  2.12729254e-04\n  -1.04702507e-03 -5.90051938e-05 -1.94802839e-06 -4.45590169e-02\n  -4.42295121e-06  2.13506660e-05 -1.25349966e-04 -3.73011340e-05\n  -4.94702951e-01  9.78777899e-04  1.02255792e-03 -1.33169517e-05\n  -7.43907327e-03  1.88984229e-05 -5.74954324e-05 -1.48204351e-02\n  -3.85278729e-05 -7.19300031e-06  1.08094101e-07 -8.00528677e-08\n   9.80213372e-11]\n [ 8.36741736e-12  8.12136900e-07 -1.15939442e-07 -9.83295338e-06\n  -3.96250796e-08  