{'theta_hat': '[-8.47199056e-11  5.00256494e-04 -1.38814725e-03 -1.19189275e-02\n -7.61572796e-04 -1.40103462e-03 -1.59830404e-09 -8.18969188e-11\n -6.01241171e-11  1.10692339e-05 -1.89418817e-03  3.42834327e-05\n -1.44147159e-04 -3.25952532e-02  4.57190242e-03  3.19536580e-04\n  2.51116494e-03  2.68576191e-04  3.45580873e-04  1.31363857e-01\n -4.65492506e-05 -1.54237208e-03  9.26705197e-04  9.76151099e-04\n  1.38901814e+00 -4.61691560e-03 -3.43078941e-03  6.05048551e-05\n  1.19061563e-01  1.21619210e-03 -7.96272699e-05  1.77222955e-01\n  4.74622507e-04 -5.83999310e-04 -7.97083125e-10  1.03178546e-08\n -1.57016448e-10]', 'theta_bar': '[ 7.92109871e-03  2.33304766e-03 -7.19684122e-04 -7.33937666e-03\n -1.34611220e-03  4.63640261e-04 -1.27463777e+00  2.81452080e-04\n  3.80995742e-03 -3.57809300e-04 -1.49193135e-03 -1.28307781e-04\n  6.67363067e-05 -2.95184115e-01  2.31660786e-03  2.02687928e-03\n  1.08305857e-03  3.78667106e-04 -1.01651540e-04  1.78239240e-01\n  9.07093729e-04 -2.88307205e-04  1.01585223e-03 -3.42081414e-04\n  1.12714938e+00  4.76108565e-05 -3.48806994e-03 -6.03048557e-05\n  1.74504088e-01 -2.32568197e-04 -2.14935249e-04 -5.93483052e-02\n -6.01299397e-05 -1.47312457e-04  7.75659003e-02 -5.22009666e-01\n -6.93965791e-04]', 'grad_op_sum': '[[ 1.67160752e-19  1.58775520e-13  3.36065510e-13  5.83269410e-13\n  -1.83618612e-13  1.01790436e-13 -8.44210401e-18  3.57883514e-22\n   4.46556002e-20 -1.76001190e-15  5.57555379e-14 -3.23699079e-14\n   1.70714474e-14 -1.48247660e-11  2.55660574e-13  4.03559230e-13\n  -1.46772530e-13  3.49039693e-14 -1.29609846e-14 -3.80577637e-11\n  -5.12772330e-14  3.07588099e-13  1.23229508e-13 -5.06649995e-14\n  -6.38294803e-11  3.48837299e-13 -7.92482876e-14 -8.96843886e-15\n   2.39660104e-11  5.18409191e-15 -8.92124328e-14 -1.23188645e-11\n   4.65223671e-14 -8.08033005e-14 -2.55976248e-18 -2.90758749e-18\n   3.05814235e-21]\n [ 1.58775520e-13  1.31625852e-05  5.96872255e-06  1.62482745e-06\n  -2.19041238e-07 -2.42897566e-10 -8.34034268e-12  1.58185144e-13\n   5.69433613e-13 -1.06363481e-06 -2.72253161e-06  1.25142865e-07\n  -1.59629376e-07 -1.22516904e-03  2.56809309e-05  2.08940565e-05\n  -1.38806407e-06  1.35180158e-07 -1.39594418e-07 -5.85433354e-04\n   8.42747895e-06  8.61486652e-06  2.88535719e-07  1.56333620e-07\n  -1.57204613e-04  2.14166195e-07  2.99172207e-06  1.63790940e-08\n   4.49873957e-05  1.45857726e-06  8.92069585e-07  8.80570740e-06\n   7.09368832e-07  5.06249273e-07 -3.73729831e-11 -3.50003094e-11\n   3.54153999e-13]\n [ 3.36065510e-13  5.96872255e-06  6.95412071e-06  7.84825357e-06\n  -1.38159269e-06 -1.80022639e-07 -1.29193272e-11 -3.96458803e-14\n   3.93046345e-13 -5.57550222e-07 -4.38759856e-07 -1.06488048e-07\n  -1.74646342e-07 -5.85433397e-04  8.42747876e-06  8.61486629e-06\n  -3.38342712e-06  4.55096280e-07 -1.44510887e-07 -7.52228075e-04\n   4.38337597e-06  5.16370672e-06  5.40274474e-07  2.06548955e-07\n  -8.34829696e-04  2.72136652e-06  3.28394415e-06 -3.37827501e-08\n   1.58043420e-04 -7.89257249e-07  8.35388903e-09  2.72099038e-05\n  -2.79209649e-07  3.51561913e-08 -3.35364893e-11 -2.28751781e-11\n   1.99372949e-13]\n [ 5.83269410e-13  1.62482745e-06  7.84825357e-06  4.52613435e-05\n  -4.58469534e-06  1.34261717e-06 -2.62407220e-11 -3.71171638e-13\n   1.69647447e-13  7.99286692e-07  5.33629240e-06 -4.01137245e-07\n   5.49637835e-08 -1.57204557e-04  2.14166352e-07  2.99172258e-06\n  -1.06551956e-05  1.69861267e-06 -8.13905374e-07 -8.34829745e-04\n   2.72136648e-06  3.28394459e-06  1.52453077e-06 -7.60513707e-07\n  -5.11343435e-03  1.87965421e-05  7.00192329e-06 -2.02118861e-07\n   4.78108897e-04 -3.09773452e-06 -4.89288175e-07 -1.70792670e-04\n  -3.43736852e-07  5.96064869e-07 -1.34224717e-11 -2.28285097e-11\n   1.64691945e-13]\n [-1.83618612e-13 -2.19041238e-07 -1.38159269e-06 -4.58469534e-06\n   2.06556397e-06  3.18759143e-07  1.80188953e-11  1.12242082e-13\n  -6.76611507e-14  1.41644553e-08 -2.13696758e-07  2.25356153e-07\n   5.17797120e-08  4.49874018e-05  1.45857707e-06  8.92069584e-07\n   1.14265284e-06 -7.01766470e-07  4.11201824e-08  1.58043426e-04\n  -7.89257200e-07  8.35390180e-09 -1.17694288e-06 -2.47459033e-07\n   4.78108982e-04 -3.09773435e-06 -4.89288180e-07  2.98320230e-08\n  -2.44478404e-04  4.07535758e-07  3.81753082e-07 -3.78182372e-05\n  -1.90082159e-07  2.20697302e-07  8.47027762e-12  1.97521269e-12\n   2.79915421e-14]\n [ 1.01790436e-13 -2.42897566e-10 -1.80022639e-07  1.34261717e-06\n   3.18759143e-07  1.57000764e-06 -1.36311526e-11  6.65256557e-14\n  -2.72286635e-14  5.97621618e-09  4.14283293e-07  3.64201388e-09\n   2.43562634e-07  8.80572455e-06  7.09368865e-07  5.06249244e-07\n   1.00665487e-08 -1.43744586e-07 -3.15981065e-07  2.72098975e-05\n  -2.79209699e-07  3.51561554e-08 -2.70325932e-07 -1.13110358e-06\n  -1.70792660e-04 -3.43736753e-07  5.96064878e-07 -8.75795063e-08\n  -3.78182317e-05 -1.90082176e-07  2.20697301e-07 -2.03220106e-04\n  -2.27100996e-07  2.72127227e-07  3.24939836e-12 -1.84413618e-12\n   2.94236544e-14]\n [-8.44210401e-18 -8.34034268e-12 -1.29193272e-11 -2.62407220e-11\n   1.80188953e-11 -1.36311526e-11  7.93802670e-16 -7.22474922e-19\n  -2.14381969e-18  1.40347821e-12 -6.57108413e-13  2.67432521e-12\n  -2.73045910e-12  1.05245548e-09 -7.81513466e-13 -2.19282893e-12\n   3.79404533e-12 -4.81251196e-12  2.54437214e-12  1.52805949e-09\n  -4.02513176e-12 -2.83540080e-12 -1.08849634e-11  8.12412136e-12\n   2.83886484e-09 -1.77324477e-11  3.65795137e-12  1.15433687e-12\n  -2.23174907e-09  2.76103302e-12  4.60024794e-12  1.77940624e-09\n  -3.56656666e-12  2.68573859e-12  1.38011814e-16  1.58151986e-16\n   5.94863248e-19]\n [ 3.57883514e-22  1.58185144e-13 -3.96458803e-14 -3.71171638e-13\n   1.12242082e-13  6.65256557e-14 -7.22474922e-19  1.99272080e-20\n   7.26333183e-21 -3.78197872e-14 -6.92596082e-14  5.58901014e-15\n   8.29338424e-15 -1.56556062e-11  1.60527391e-13  2.31224983e-13\n   1.10137048e-13 -4.05574078e-14 -6.04688825e-15  6.31286623e-12\n   1.14977255e-13  1.26136187e-13 -6.21749010e-14 -4.74717170e-14\n   4.00191552e-11 -1.38749012e-13  6.69889595e-14  3.98698989e-17\n  -1.29637081e-11  3.32956149e-14  3.28281283e-14 -8.52861959e-12\n   1.15878806e-14  2.60911767e-14 -3.69064100e-19 -3.47777989e-19\n   9.50398898e-21]\n [ 4.46556002e-20  5.69433613e-13  3.93046345e-13  1.69647447e-13\n  -6.76611507e-14 -2.72286635e-14 -2.14381969e-18  7.26333183e-21\n   6.03110759e-20 -8.58359269e-14 -1.39901749e-13 -1.70708776e-14\n  -1.39078592e-14 -5.81033266e-11  5.40804988e-13  8.13160649e-13\n  -9.23188651e-14  1.68935960e-14 -1.71951267e-15 -4.06109472e-11\n   3.55307049e-13  5.41755166e-13  5.41102940e-14  2.80123820e-14\n  -1.38017728e-11  3.01977672e-13  1.78068665e-13  2.30868096e-15\n   8.81866702e-12  1.82207950e-14 -3.17930951e-14  3.98454201e-12\n   2.41497414e-14 -1.03285736e-14 -2.16944054e-18 -3.77535382e-18\n   2.06690655e-20]\n [-1.76001190e-15 -1.06363481e-06 -5.57550222e-07  7.99286692e-07\n   1.41644553e-08  5.97621618e-09  1.40347821e-12 -3.78197872e-14\n  -8.58359269e-14  2.72240678e-07  4.20180657e-07  4.74759116e-08\n   2.25887867e-08  1.17579938e-04 -4.83344938e-08 -1.10890293e-06\n  -1.12139058e-07  1.02594852e-08  6.68022601e-09  5.39251324e-05\n  -8.64356773e-07 -1.00207428e-06 -3.25096343e-08 -4.16561873e-10\n  -1.01127228e-04 -2.71905891e-07 -7.10492912e-07 -5.10773313e-09\n  -3.58813895e-06 -3.18176851e-08 -5.73346940e-09 -1.07614594e-06\n  -6.57075160e-08 -4.88015459e-08  5.48948938e-12  5.06236435e-12\n  -5.19148842e-14]\n [ 5.57555379e-14 -2.72253161e-06 -4.38759856e-07  5.33629240e-06\n  -2.13696758e-07  4.14283293e-07 -6.57108413e-13 -6.92596082e-14\n  -1.39901749e-13  4.20180657e-07  1.40921549e-06 -2.35548260e-08\n   8.24864478e-08  2.65835623e-04 -4.41279534e-06 -3.75036346e-06\n  -1.03260833e-06  7.36359366e-08 -1.04235309e-07  3.65625570e-05\n  -1.74327287e-06 -1.57443984e-06 -7.57994077e-08 -2.99917013e-07\n  -6.21113000e-04  1.63792130e-06  8.26493683e-08 -3.85041100e-08\n   1.31756190e-05 -6.57924458e-07 -1.46688499e-07 -5.41863946e-05\n  -2.65317551e-07  1.54122512e-08  7.81264126e-12  6.48113020e-12\n  -5.67172651e-14]\n [-3.23699079e-14  1.25142865e-07 -1.06488048e-07 -4.01137245e-07\n   2.25356153e-07  3.64201388e-09  2.67432521e-12  5.58901014e-15\n  -1.70708776e-14  4.74759116e-08 -2.35548260e-08  4.91462298e-08\n   2.21062808e-09 -3.14090352e-06  1.14836417e-06  4.73998360e-07\n   6.46625153e-08 -6.66185864e-08  8.01635692e-09  1.20149908e-05\n  -2.68525447e-08 -5.76365320e-08 -1.30297040e-07  7.36278561e-10\n   3.89443770e-05 -5.61643065e-07 -2.00623361e-07  3.82006369e-09\n  -2.66211793e-05  8.44041673e-08  7.92603109e-08 -4.52692155e-08\n  -2.74774607e-08  2.73599732e-08  1.29641336e-12  9.61840508e-13\n  -2.83067313e-15]\n [ 1.70714474e-14 -1.59629376e-07 -1.74646342e-07  5.49637835e-08\n   5.17797120e-08  2.43562634e-07 -2.73045910e-12  8.29338424e-15\n  -1.39078592e-14  2.25887867e-08  8.24864478e-08  2.21062808e-09\n   4.39624217e-08  1.70787375e-05 -4.73201856e-08 -1.64019679e-07\n   6.22413990e-08 -2.42170033e-08 -4.39410108e-08  1.91560768e-05\n  -1.76959155e-07 -1.66589027e-07 -3.65130762e-08 -1.72642683e-07\n  -1.06503691e-05 -1.55147024e-07 -2.99174475e-08 -1.35343775e-08\n  -5.87766584e-06 -1.46789995e-08  2.38448935e-08 -3.15647437e-05\n  -2.73583982e-08  3.36402802e-08  1.14009178e-12  1.54786897e-13\n  -4.64396285e-15]\n [-1.48247660e-11 -1.22516904e-03 -5.85433397e-04 -1.57204557e-04\n   4.49874018e-05  8.80572455e-06  1.05245548e-09 -1.56556062e-11\n  -5.81033266e-11  1.17579938e-04  2.65835623e-04 -3.14090352e-06\n   1.70787375e-05  1.16372762e-01 -2.14666307e-03 -1.86500718e-03\n   1.32398974e-04 -1.93356195e-05  1.25000923e-05  5.77125478e-02\n  -8.13687285e-04 -8.32247265e-04 -4.02879774e-05 -2.00927301e-05\n   1.40616174e-02 -1.02610211e-04 -3.39246850e-04 -1.78947526e-06\n  -6.98365004e-03 -1.17522073e-04 -7.04337435e-05 -1.88636536e-03\n  -6.89002606e-05 -4.64537633e-05  3.82617961e-09  3.56838788e-09\n  -3.48302650e-11]\n [ 2.55660574e-13  2.56809309e-05  8.42747876e-06  2.14166352e-07\n   1.45857707e-06  7.09368865e-07 -7.81513466e-13  1.60527391e-13\n   5.40804988e-13 -4.83344938e-08 -4.41279534e-06  1.14836417e-06\n  -4.73201856e-08 -2.14666307e-03  7.76796510e-05  4.82698362e-05\n  -2.08692581e-06 -2.05717532e-07 -2.72821348e-07 -8.13687236e-04\n   1.32815653e-05  1.19420636e-05 -3.73182710e-07 -5.70666864e-08\n  -1.02610203e-04 -1.07063704e-05 -1.72168752e-06 -3.98456168e-09\n  -1.17522062e-04  4.80747040e-06  2.97141395e-06 -6.89002697e-05\n   1.05002750e-06  9.85656796e-07 -3.84894294e-11 -3.34904893e-11\n   3.92037845e-13]\n [ 4.03559230e-13  2.08940565e-05  8.61486629e-06  2.99172258e-06\n   8.92069584e-07  5.06249244e-07 -2.19282893e-12  2.31224983e-13\n   8.13160649e-13 -1.10890293e-06 -3.75036346e-06  4.73998360e-07\n  -1.64019679e-07 -1.86500718e-03  4.82698362e-05  3.65651098e-05\n  -2.16795376e-06 -1.92075958e-07 -2.63705308e-07 -8.32247202e-04\n   1.19420635e-05  1.35930267e-05 -2.07791528e-07 -9.36884841e-08\n  -3.39246871e-04 -1.72168692e-06  2.90123977e-06  1.77554154e-08\n  -7.04337509e-05  2.97141430e-06  1.75677591e-06 -4.64537687e-05\n   9.85656727e-07  7.90853684e-07 -4.66437164e-11 -5.21085679e-11\n   5.42697637e-13]\n [-1.46772530e-13 -1.38806407e-06 -3.38342712e-06 -1.06551956e-05\n   1.14265284e-06  1.00665487e-08  3.79404533e-12  1.10137048e-13\n  -9.23188651e-14 -1.12139058e-07 -1.03260833e-06  6.46625153e-08\n   6.22413990e-08  1.32398974e-04 -2.08692581e-06 -2.16795376e-06\n   3.09218411e-06 -4.21085016e-07  1.45251180e-07  3.70797295e-04\n  -1.29561870e-06 -1.50499021e-06 -3.42798632e-07 -7.00961077e-08\n   1.19372726e-03 -3.74370090e-06 -1.93461336e-06  3.81602352e-08\n  -1.19213418e-04  8.98824619e-07  9.87882029e-08 -3.14433568e-06\n   2.46816393e-07 -9.08525230e-08  1.03325266e-11  7.86711805e-12\n  -5.54108031e-14]\n [ 3.49039693e-14  1.35180158e-07  4.55096280e-07  1.69861267e-06\n  -7.01766470e-07 -1.43744586e-07 -4.81251196e-12 -4.05574078e-14\n   1.68935960e-14  1.02594852e-08  7.36359366e-08 -6.66185864e-08\n  -2.42170033e-08 -1.93356195e-05 -2.05717532e-07 -1.92075958e-07\n  -4.21085016e-07  2.48407102e-07 -1.21759012e-08 -5.15012688e-05\n   3.42929047e-07 -2.22142436e-08  3.94519046e-07  1.07865340e-07\n  -1.78653284e-04  1.08671342e-06  1.56372536e-07 -8.41274522e-09\n   8.24116007e-05 -1.30227973e-07 -1.07000131e-07  1.72297743e-05\n   6.71347530e-08 -6.25260898e-08 -2.33329034e-12 -1.96105504e-13\n  -1.05496269e-14]\n [-1.29609846e-14 -1.39594418e-07 -1.44510887e-07 -8.13905374e-07\n   4.11201824e-08 -3.15981065e-07  2.54437214e-12 -6.04688825e-15\n  -1.71951267e-15  6.68022601e-09 -1.04235309e-07  8.01635692e-09\n  -4.39410108e-08  1.25000923e-05 -2.72821348e-07 -2.63705308e-07\n   1.45251180e-07 -1.21759012e-08  7.74290721e-08  1.35508022e-05\n  -9.28560062e-08 -1.20028210e-07  6.29293752e-09  2.29500194e-07\n   9.30408054e-05 -2.13309314e-07 -2.62375579e-07  2.06171396e-08\n  -4.10393861e-06  8.23650352e-08 -4.38070067e-08  4.11060562e-05\n   5.26843427e-08 -6.47299882e-08 -2.32804736e-13  8.40278458e-13\n  -1.06685740e-14]\n [-3.80577637e-11 -5.85433354e-04 -7.52228075e-04 -8.34829745e-04\n   1.58043426e-04  2.72098975e-05  1.52805949e-09  6.31286623e-12\n  -4.06109472e-11  5.39251324e-05  3.65625570e-05  1.20149908e-05\n   1.91560768e-05  5.77125478e-02 -8.13687236e-04 -8.32247202e-04\n   3.70797295e-04 -5.15012688e-05  1.35508022e-05  8.20983195e-02\n  -4.32201899e-04 -5.13212910e-04 -6.21469910e-05 -2.79758368e-05\n   8.85581178e-02 -2.71356491e-04 -3.29378637e-04  3.75295256e-06\n  -1.80434881e-02  9.77384951e-05  6.78816722e-06 -3.90856100e-03\n   3.76612157e-05  3.07022616e-06  3.57248596e-09  2.34501769e-09\n  -1.88269441e-11]\n [-5.12772330e-14  8.42747895e-06  4.38337597e-06  2.72136648e-06\n  -7.89257200e-07 -2.79209699e-07 -4.02513176e-12  1.14977255e-13\n   3.55307049e-13 -8.64356773e-07 -1.74327287e-06 -2.68525447e-08\n  -1.76959155e-07 -8.13687285e-04  1.32815653e-05  1.19420635e-05\n  -1.29561870e-06  3.42929047e-07 -9.28560062e-08 -4.32201899e-04\n   6.50977311e-06  5.61315247e-06  4.43288863e-07  2.56707203e-07\n  -2.71356523e-04  1.92330447e-06  3.17838029e-06  1.33119299e-08\n   9.77384919e-05  4.86542445e-07  5.42422603e-07  3.76612262e-05\n   4.95266593e-07  3.93185404e-07 -2.90324739e-11 -1.80163413e-11\n   2.57536405e-13]\n [ 3.07588099e-13  8.61486652e-06  5.16370672e-06  3.28394459e-06\n   8.35390180e-09  3.51561554e-08 -2.83540080e-12  1.26136187e-13\n   5.41755166e-13 -1.00207428e-06 -1.57443984e-06 -5.76365320e-08\n  -1.66589027e-07 -8.32247265e-04  1.19420636e-05  1.35930267e-05\n  -1.50499021e-06 -2.22142436e-08 -1.20028210e-07 -5.13212910e-04\n   5.61315247e-06  7.80035843e-06  4.13025062e-08  2.91438325e-08\n  -3.29378660e-04  3.17838046e-06  3.52902214e-06  1.56376275e-08\n   6.78816381e-06  5.42422680e-07  3.29731078e-07  3.07022774e-06\n   3.93185392e-07  2.38475564e-07 -2.96724537e-11 -3.43797526e-11\n   3.35632632e-13]\n [ 1.23229508e-13  2.88535719e-07  5.40274474e-07  1.52453077e-06\n  -1.17694288e-06 -2.70325932e-07 -1.08849634e-11 -6.21749010e-14\n   5.41102940e-14 -3.25096343e-08 -7.57994077e-08 -1.30297040e-07\n  -3.65130762e-08 -4.02879774e-05 -3.73182710e-07 -2.07791528e-07\n  -3.42798632e-07  3.94519046e-07  6.29293752e-09 -6.21469910e-05\n   4.43288863e-07  4.13025062e-08  7.37261801e-07  2.06648054e-07\n  -1.47179556e-04  1.51992479e-06 -1.83498128e-08 -9.05759301e-09\n   1.42823599e-04 -4.40870079e-08 -2.36752992e-07  3.32133127e-05\n   1.97003056e-07 -1.71246984e-07 -4.60577158e-12 -1.91278304e-12\n  -2.01054451e-14]\n [-5.06649995e-14  1.56333620e-07  2.06548955e-07 -7.60513707e-07\n  -2.47459033e-07 -1.13110358e-06  8.12412136e-12 -4.74717170e-14\n   2.80123820e-14 -4.16561873e-10 -2.99917013e-07  7.36278561e-10\n  -1.72642683e-07 -2.00927301e-05 -5.70666864e-08 -9.36884841e-08\n  -7.00961077e-08  1.07865340e-07  2.29500194e-07 -2.79758368e-05\n   2.56707203e-07  2.91438325e-08  2.06648054e-07  8.28395227e-07\n   9.77512847e-05  2.35643308e-07 -4.54962264e-07  6.31884700e-08\n   2.96065192e-05  1.61616095e-07 -1.61246694e-07  1.46826962e-04\n   1.85130063e-07 -1.94019692e-07 -2.98509726e-12  4.70204471e-13\n  -2.19518363e-14]\n [-6.38294803e-11 -1.57204613e-04 -8.34829696e-04 -5.11343435e-03\n   4.78108982e-04 -1.70792660e-04  2.83886484e-09  4.00191552e-11\n  -1.38017728e-11 -1.01127228e-04 -6.21113000e-04  3.89443770e-05\n  -1.06503691e-05  1.40616174e-02 -1.02610203e-04 -3.39246871e-04\n   1.19372726e-03 -1.78653284e-04  9.30408054e-05  8.85581178e-02\n  -2.71356523e-04 -3.29378660e-04 -1.47179556e-04  9.77512847e-05\n   5.79662616e-01 -2.05148722e-03 -7.68080885e-04  2.29932379e-05\n  -4.92126407e-02  3.40703502e-04  4.44680191e-05  2.16568043e-02\n   4.07770038e-05 -7.61580571e-05  1.24466590e-09  2.35228583e-09\n  -1.76578279e-11]\n [ 3.48837299e-13  2.14166195e-07  2.72136652e-06  1.87965421e-05\n  -3.09773435e-06 -3.43736753e-07 -1.77324477e-11 -1.38749012e-13\n   3.01977672e-13 -2.71905891e-07  1.63792130e-06 -5.61643065e-07\n  -1.55147024e-07 -1.02610211e-04 -1.07063704e-05 -1.72168692e-06\n  -3.74370090e-06  1.08671342e-06 -2.13309314e-07 -2.71356491e-04\n   1.92330447e-06  3.17838046e-06  1.51992479e-06  2.35643308e-07\n  -2.05148722e-03  1.43550284e-05  4.19711565e-06 -3.50027965e-08\n   3.40703479e-04 -1.30097078e-06 -8.52587631e-07  4.07770175e-05\n   5.94498926e-07 -1.00529227e-07 -8.37255687e-12 -2.22964329e-11\n   1.25805601e-13]\n [-7.92482876e-14  2.99172207e-06  3.28394415e-06  7.00192329e-06\n  -4.89288180e-07  5.96064878e-07  3.65795137e-12  6.69889595e-14\n   1.78068665e-13 -7.10492912e-07  8.26493683e-08 -2.00623361e-07\n  -2.99174475e-08 -3.39246850e-04 -1.72168752e-06  2.90123977e-06\n  -1.93461336e-06  1.56372536e-07 -2.62375579e-07 -3.29378637e-04\n   3.17838029e-06  3.52902214e-06 -1.83498128e-08 -4.54962264e-07\n  -7.68080885e-04  4.19711565e-06  4.68481164e-06 -4.08524174e-08\n   4.44680065e-05 -8.52587708e-07  1.50751146e-07 -7.61580581e-05\n  -1.00529240e-07  4.98380050e-07 -1.96483567e-11 -1.25261253e-11\n   2.27748598e-13]\n [-8.96843886e-15  1.63790940e-08 -3.37827501e-08 -2.02118861e-07\n   2.98320230e-08 -8.75795063e-08  1.15433687e-12  3.98698989e-17\n   2.30868096e-15 -5.10773313e-09 -3.85041100e-08  3.82006369e-09\n  -1.35343775e-08 -1.78947526e-06 -3.98456168e-09  1.77554154e-08\n   3.81602352e-08 -8.41274522e-09  2.06171396e-08  3.75295256e-06\n   1.33119299e-08  1.56376275e-08 -9.05759301e-09  6.31884700e-08\n   2.29932379e-05 -3.50027965e-08 -4.08524174e-08  6.45755087e-09\n  -3.41388303e-06  2.98022394e-08 -5.33004445e-09  1.14440232e-05\n   1.64841123e-08 -9.80465571e-09 -4.99818054e-14  3.17822367e-14\n   1.67193888e-16]\n [ 2.39660104e-11  4.49873957e-05  1.58043420e-04  4.78108897e-04\n  -2.44478404e-04 -3.78182317e-05 -2.23174907e-09 -1.29637081e-11\n   8.81866702e-12 -3.58813895e-06  1.31756190e-05 -2.66211793e-05\n  -5.87766584e-06 -6.98365004e-03 -1.17522062e-04 -7.04337509e-05\n  -1.19213418e-04  8.24116007e-05 -4.10393861e-06 -1.80434881e-02\n   9.77384919e-05  6.78816381e-06  1.42823599e-04  2.96065192e-05\n  -4.92126407e-02  3.40703479e-04  4.44680065e-05 -3.41388303e-06\n   2.91856715e-02 -3.72911773e-05 -4.46013999e-05  4.51222565e-03\n   2.67238842e-05 -2.80767575e-05 -1.05938005e-09 -2.68884929e-10\n  -3.24284284e-12]\n [ 5.18409191e-15  1.45857726e-06 -7.89257249e-07 -3.09773452e-06\n   4.07535758e-07 -1.90082176e-07  2.76103302e-12  3.32956149e-14\n   1.82207950e-14 -3.18176851e-08 -6.57924458e-07  8.44041673e-08\n  -1.46789995e-08 -1.17522073e-04  4.80747040e-06  2.97141430e-06\n   8.98824619e-07 -1.30227973e-07  8.23650352e-08  9.77384951e-05\n   4.86542445e-07  5.42422680e-07 -4.40870079e-08  1.61616095e-07\n   3.40703502e-04 -1.30097078e-06 -8.52587708e-07  2.98022394e-08\n  -3.72911773e-05  8.44362666e-07  1.85739099e-07  2.67238893e-05\n   3.52029418e-07 -5.03603174e-09  6.29371510e-13 -1.10283659e-12\n   1.04146306e-14]\n [-8.92124328e-14  8.92069585e-07  8.35388903e-09 -4.89288175e-07\n   3.81753082e-07  2.20697301e-07  4.60024794e-12  3.28281283e-14\n  -3.17930951e-14 -5.73346940e-09 -1.46688499e-07  7.92603109e-08\n   2.38448935e-08 -7.04337435e-05  2.97141395e-06  1.75677591e-06\n   9.87882029e-08 -1.07000131e-07 -4.38070067e-08  6.78816722e-06\n   5.42422603e-07  3.29731078e-07 -2.36752992e-07 -1.61246694e-07\n   4.44680191e-05 -8.52587631e-07  1.50751146e-07 -5.33004445e-09\n  -4.46013999e-05  1.85739099e-07  2.62698573e-07 -2.80767595e-05\n  -5.03603843e-09  1.49811791e-07  1.72857196e-13  1.90343906e-12\n   2.48450298e-14]\n [-1.23188645e-11  8.80570740e-06  2.72099038e-05 -1.70792670e-04\n  -3.78182372e-05 -2.03220106e-04  1.77940624e-09 -8.52861959e-12\n   3.98454201e-12 -1.07614594e-06 -5.41863946e-05 -4.52692155e-08\n  -3.15647437e-05 -1.88636536e-03 -6.89002697e-05 -4.64537687e-05\n  -3.14433568e-06  1.72297743e-05  4.11060562e-05 -3.90856100e-03\n   3.76612262e-05  3.07022774e-06  3.32133127e-05  1.46826962e-04\n   2.16568043e-02  4.07770175e-05 -7.61580581e-05  1.14440232e-05\n   4.51222565e-03  2.67238893e-05 -2.80767595e-05  2.63413536e-02\n   2.98399105e-05 -3.48410293e-05 -4.50551272e-10  1.90867023e-10\n  -3.50139041e-12]\n [ 4.65223671e-14  7.09368832e-07 -2.79209649e-07 -3.43736852e-07\n  -1.90082159e-07 -2.27100996e-07 -3.56656666e-12  1.15878806e-14\n   2.41497414e-14 -6.57075160e-08 -2.65317551e-07 -2.74774607e-08\n  -2.73583982e-08 -6.89002606e-05  1.05002750e-06  9.85656727e-07\n   2.46816393e-07  6.71347530e-08  5.26843427e-08  3.76612157e-05\n   4.95266593e-07  3.93185392e-07  1.97003056e-07  1.85130063e-07\n   4.07770038e-05  5.94498926e-07 -1.00529240e-07  1.64841123e-08\n   2.67238842e-05  3.52029418e-07 -5.03603843e-09  2.98399105e-05\n   3.30982586e-07 -3.57847871e-08 -2.15328918e-12 -1.42832186e-12\n   5.51066436e-15]\n [-8.08033005e-14  5.06249273e-07  3.51561913e-08  5.96064869e-07\n   2.20697302e-07  2.72127227e-07  2.68573859e-12  2.60911767e-14\n  -1.03285736e-14 -4.88015459e-08  1.54122512e-08  2.73599732e-08\n   3.36402802e-08 -4.64537633e-05  9.85656796e-07  7.90853684e-07\n  -9.08525230e-08 -6.25260898e-08 -6.47299882e-08  3.07022616e-06\n   3.93185404e-07  2.38475564e-07 -1.71246984e-07 -1.94019692e-07\n  -7.61580571e-05 -1.00529227e-07  4.98380050e-07 -9.80465571e-09\n  -2.80767575e-05 -5.03603174e-09  1.49811791e-07 -3.48410293e-05\n  -3.57847871e-08  1.71747463e-07  9.70437209e-14 -3.43825725e-13\n   2.83567549e-14]\n [-2.55976248e-18 -3.73729831e-11 -3.35364893e-11 -1.34224717e-11\n   8.47027762e-12  3.24939836e-12  1.38011814e-16 -3.69064100e-19\n  -2.16944054e-18  5.48948938e-12  7.81264126e-12  1.29641336e-12\n   1.14009178e-12  3.82617961e-09 -3.84894294e-11 -4.66437164e-11\n   1.03325266e-11 -2.33329034e-12 -2.32804736e-13  3.57248596e-09\n  -2.90324739e-11 -2.96724537e-11 -4.60577158e-12 -2.98509726e-12\n   1.24466590e-09 -8.37255687e-12 -1.96483567e-11 -4.99818054e-14\n  -1.05938005e-09  6.29371510e-13  1.72857196e-13 -4.50551272e-10\n  -2.15328918e-12  9.70437209e-14  2.69792401e-16  1.05623900e-16\n  -1.28436921e-18]\n [-2.90758749e-18 -3.50003094e-11 -2.28751781e-11 -2.28285097e-11\n   1.97521269e-12 -1.84413618e-12  1.58151986e-16 -3.47777989e-19\n  -3.77535382e-18  5.06236435e-12  6.48113020e-12  9.61840508e-13\n   1.54786897e-13  3.56838788e-09 -3.34904893e-11 -5.21085679e-11\n   7.86711805e-12 -1.96105504e-13  8.40278458e-13  2.34501769e-09\n  -1.80163413e-11 -3.43797526e-11 -1.91278304e-12  4.70204471e-13\n   2.35228583e-09 -2.22964329e-11 -1.25261253e-11  3.17822367e-14\n  -2.68884929e-10 -1.10283659e-12  1.90343906e-12  1.90867023e-10\n  -1.42832186e-12 -3.43825725e-13  1.05623900e-16  2.91387083e-16\n  -1.17103857e-18]\n [ 3.05814235e-21  3.54153999e-13  1.99372949e-13  1.64691945e-13\n   2.79915421e-14  2.94236544e-14  5.94863248e-19  9.50398898e-21\n   2.06690655e-20 -5.19148842e-14 -5.67172651e-14 -2.83067313e-15\n  -4.64396285e-15 -3.48302650e-11  3.92037845e-13  5.42697637e-13\n  -5.54108031e-14 -1.05496269e-14 -1.06685740e-14 -1.88269441e-11\n   2.57536405e-13  3.35632632e-13 -2.01054451e-14 -2.19518363e-14\n  -1.76578279e-11  1.25805601e-13  2.27748598e-13  1.67193888e-16\n  -3.24284284e-12  1.04146306e-14  2.48450298e-14 -3.50139041e-12\n   5.51066436e-15  2.83567549e-14 -1.28436921e-18 -1.17103857e-18\n   1.94470967e-20]]', 'hess_sum': '[[ 1.63013863e-11 -6.62129070e-13  2.30496508e-12  3.64832907e-12\n  -8.59882213e-13 -6.59078233e-14 -1.83356714e-10 -2.54800778e-12\n  -6.73465782e-12  3.97345492e-13  1.21041866e-12 -9.85000867e-14\n  -1.43172545e-13 -1.75243645e-10 -2.15722550e-12 -1.98002521e-12\n   6.25634534e-13 -9.24291579e-15 -1.18666753e-13 -1.99439505e-10\n  -2.53478469e-12  2.78904176e-13  1.76232931e-13 -2.55492617e-13\n   8.58581650e-10  4.20661293e-12  1.05980805e-12  2.36561846e-14\n   9.51446787e-13  4.31592644e-14  1.09403889e-13 -1.91315485e-12\n  -4.93995750e-13 -1.08138759e-13 -8.52292734e-10 -3.53096537e-10\n   1.26075260e-11]\n [-6.62129070e-13 -1.55010877e-05 -1.56099665e-06 -2.03689274e-06\n   4.67699547e-07 -1.22949550e-07 -1.14297515e-10 -1.49693780e-12\n  -2.16959643e-12  2.56878280e-06  1.82769115e-06 -1.28923548e-08\n  -1.30364938e-07  1.66792332e-03 -1.62423588e-05 -1.18597855e-05\n   1.41737911e-06 -4.21793710e-07 -2.92524140e-07  2.15857267e-04\n   1.92444899e-07  1.33014761e-06  7.13703159e-08 -2.01009204e-07\n   2.42164281e-04  3.11255562e-07 -9.09714195e-07  9.56783294e-09\n  -6.39942206e-05 -8.28186687e-08 -3.66019583e-07  1.16924146e-05\n  -3.72413355e-07 -3.57941658e-07  2.11377455e-10 -1.36333563e-11\n  -3.11149302e-12]\n [ 2.30496508e-12 -1.56099665e-06 -2.32081249e-05 -4.49646922e-06\n   8.17758785e-07  8.77798127e-08 -2.09653482e-10 -4.32940303e-13\n   1.50645652e-12 -8.77862911e-07  5.27231202e-07 -1.60606460e-07\n  -3.28431182e-07  2.15857284e-04  1.92444771e-07  1.33014727e-06\n   3.64347261e-06  2.01837964e-07 -4.61781785e-07  2.63859557e-03\n  -7.44805710e-06 -1.01882157e-05 -6.69222836e-07  3.40365619e-07\n   4.77137384e-04 -1.56025019e-07 -6.15480157e-07  4.40822692e-08\n  -1.19060374e-04 -7.71285469e-07 -3.74223822e-07  1.55935998e-06\n   3.59686043e-07 -2.58520319e-07 -2.87817852e-10 -2.11490583e-10\n  -2.69864660e-13]\n [ 3.64832907e-12 -2.03689274e-06 -4.49646922e-06 -3.13525437e-05\n  -4.19807141e-07 -5.09268810e-07 -8.06623926e-10 -1.03857344e-12\n   2.31749476e-12 -5.22871732e-09 -2.34784897e-06  4.12553764e-07\n  -4.15504260e-07  2.42164294e-04  3.11256429e-07 -9.09714643e-07\n   8.17148973e-06  5.12546334e-07 -3.24682005e-08  4.77137338e-04\n  -1.56023572e-07 -6.15480157e-07  8.76527428e-07  2.99569976e-07\n   3.69880529e-03 -1.08572314e-05 -6.53235392e-06  7.41784446e-08\n   6.76238305e-05 -9.97699324e-09  4.84755500e-07  7.12562310e-05\n   3.83330151e-07  3.03855635e-07  1.38976440e-10  2.34195928e-10\n  -3.31750103e-12]\n [-8.59882213e-13  4.67699547e-07  8.17758785e-07 -4.19807141e-07\n  -2.90465666e-06  1.51000712e-08  1.36874650e-11  3.57108020e-13\n   5.17737692e-14 -3.63676003e-07 -7.07134392e-08 -3.91342926e-07\n  -3.45305084e-09 -6.39942150e-05 -8.28188147e-08 -3.66019698e-07\n  -6.07127245e-07  8.04582051e-07  2.97117057e-08 -1.19060372e-04\n  -7.71285445e-07 -3.74223678e-07  1.46847714e-06  1.90822570e-08\n   6.76238501e-05 -9.97706800e-09  4.84755430e-07 -5.76809198e-08\n   3.56625255e-04 -4.59401122e-07 -9.37438361e-07 -4.41551273e-06\n  -1.55053951e-07 -9.84845082e-08 -1.11614589e-11 -2.09903633e-11\n   2.64220452e-13]\n [-6.59078233e-14 -1.22949550e-07  8.77798127e-08 -5.09268810e-07\n   1.51000712e-08 -2.13227419e-06  1.51386510e-11 -3.33265057e-13\n  -8.19029263e-15 -3.07756971e-07 -1.95174976e-07 -2.13496785e-09\n  -2.84170770e-07  1.16924211e-05 -3.72413290e-07 -3.57941689e-07\n   5.59259909e-07  2.61476196e-08  4.48047877e-07  1.55933542e-06\n   3.59686008e-07 -2.58520306e-07  3.68495075e-08  1.11610453e-06\n   7.12562318e-05  3.83329905e-07  3.03855876e-07  1.38806998e-07\n  -4.41551796e-06 -1.55053949e-07 -9.84845112e-08  2.65915709e-04\n   4.33210746e-08 -5.66216090e-07  5.41862785e-12 -1.02475413e-11\n   7.02187116e-14]\n [-1.83356714e-10 -1.14297515e-10 -2.09653482e-10 -8.06623926e-10\n   1.36874650e-11  1.51386510e-11 -1.51591554e-07 -2.93776727e-10\n  -1.41322054e-09  5.31138806e-11 -7.35362890e-11  3.94203140e-12\n   3.54892534e-12 -3.27542307e-08 -6.92872261e-11  6.32384897e-11\n   4.16904360e-11  8.53427883e-12  5.02277096e-12  5.39915765e-08\n  -7.87093140e-11 -1.55445257e-10  8.97943064e-12 -5.69713808e-12\n   2.94003424e-07 -3.05284705e-10 -3.58665918e-10  1.66927150e-13\n   6.16071139e-09  5.95692113e-12  7.49084827e-12  1.77277199e-09\n  -9.12462924e-13 -1.13448923e-11 -1.38304878e-07  1.47342609e-07\n  -1.38766333e-09]\n [-2.54800778e-12 -1.49693780e-12 -4.32940303e-13 -1.03857344e-12\n   3.57108020e-13 -3.33265057e-13 -2.93776727e-10  3.75095126e-12\n   5.93003267e-12  2.28116532e-13 -9.53521123e-13  1.79883581e-14\n   1.93873935e-14 -1.45246937e-10  2.44725844e-12 -3.35167514e-12\n  -9.77044809e-13  4.67690785e-14 -1.70340236e-14  5.85821576e-12\n  -3.92570163e-13  2.14408046e-13  6.40106835e-14 -3.61183158e-14\n  -1.87738419e-10  3.71709517e-12 -2.10605778e-12 -1.25669950e-14\n   8.86798115e-12  1.18908748e-13 -3.65324417e-13 -1.15616144e-12\n  -2.73984385e-13 -8.35543883e-14 -9.22713924e-10  5.10563034e-10\n   2.12062361e-11]\n [-6.73465782e-12 -2.16959643e-12  1.50645652e-12  2.31749476e-12\n   5.17737692e-14 -8.19029263e-15 -1.41322054e-09  5.93003267e-12\n   1.53240540e-12  3.67384423e-15  4.02403290e-13 -8.62011491e-14\n   3.15597897e-14  2.73336198e-11 -1.75480878e-12 -2.24508701e-12\n  -6.40283697e-13  3.33551444e-14  4.84184476e-14 -1.91754598e-10\n   3.83573717e-13 -1.91164218e-14 -1.23558131e-13 -9.33814024e-15\n  -1.08102765e-10 -3.30896129e-12 -9.39681767e-13  7.79592971e-15\n  -3.30876401e-12  4.22895852e-13 -7.79258659e-14 -2.33094470e-11\n  -9.81603340e-14  7.38318576e-14  4.34712648e-10 -5.46120918e-10\n  -8.15065699e-12]\n [ 3.97345492e-13  2.56878280e-06 -8.77862911e-07 -5.22871732e-09\n  -3.63676003e-07 -3.07756971e-07  5.31138806e-11  2.28116532e-13\n   3.67384423e-15 -1.54749032e-06 -2.52814349e-07 -1.01460193e-07\n   2.51500399e-08 -3.00147946e-04  1.39550874e-06  5.27660418e-07\n  -3.16229395e-07  2.11378543e-07  9.61995975e-08  8.57431124e-05\n  -6.39899456e-07 -1.13873288e-06 -9.82752392e-08  1.40699770e-07\n   2.98328198e-06 -4.30737464e-07  3.39191986e-07  1.58663212e-08\n   4.23650471e-05 -1.90715056e-07 -7.92826344e-08  3.53978512e-05\n  -4.48818611e-08 -1.14633053e-07 -3.30171028e-11 -3.49524246e-11\n   1.66382810e-13]\n [ 1.21041866e-12  1.82769115e-06  5.27231202e-07 -2.34784897e-06\n  -7.07134392e-08 -1.95174976e-07 -7.35362890e-11 -9.53521123e-13\n   4.02403290e-13 -2.52814349e-07 -1.67052802e-06  8.85628500e-08\n   3.60975277e-08 -2.11751970e-04  1.44393755e-06  1.71711736e-06\n   7.75570691e-07  5.77416465e-08  5.35327706e-08 -7.21445927e-05\n   1.41306994e-07 -6.17607582e-09  1.27821116e-07  5.60400800e-08\n   2.87649246e-04  6.21690197e-09 -7.93490280e-07  1.23566832e-08\n   1.11992724e-05  5.30926167e-08  6.17038259e-08  2.39533566e-05\n   5.42363945e-08  3.37211954e-08  8.98712094e-11 -6.11644551e-12\n   4.58559801e-14]\n [-9.85000867e-14 -1.28923548e-08 -1.60606460e-07  4.12553764e-07\n  -3.91342926e-07 -2.13496785e-09  3.94203140e-12  1.79883581e-14\n  -8.62011491e-14 -1.01460193e-07  8.85628500e-08 -1.50688754e-07\n   3.68118460e-10 -4.39157672e-06 -5.56872308e-07 -2.71644799e-07\n  -2.21556896e-07  7.77865213e-08  1.26236540e-08  1.68259403e-05\n  -1.17690815e-07 -9.81984234e-08  1.64360265e-07  5.66854427e-09\n  -4.91649966e-05  1.54596199e-07  7.85010155e-08 -7.47160392e-09\n   4.71698209e-05 -6.98589518e-08 -2.13720497e-07 -7.60423936e-07\n  -2.89067444e-08 -4.73855980e-08 -3.63111470e-12  7.45050259e-12\n  -7.05003129e-14]\n [-1.43172545e-13 -1.30364938e-07 -3.28431182e-07 -4.15504260e-07\n  -3.45305084e-09 -2.84170770e-07  3.54892534e-12  1.93873935e-14\n   3.15597897e-14  2.51500399e-08  3.60975277e-08  3.68118460e-10\n  -9.06242162e-08  1.83152932e-05  4.08227456e-08  5.92393752e-08\n   1.85744660e-07  1.13019526e-08  5.41313700e-08  3.79566073e-05\n  -8.14905640e-08 -1.62510719e-07  2.41070407e-08  1.32250925e-07\n   4.96975063e-05 -1.03376178e-07 -1.15057692e-08  2.15774149e-08\n  -4.18181752e-07 -2.74190923e-08 -3.81818848e-08  3.58657162e-05\n   3.10621438e-09 -8.26536837e-08  3.72016151e-12 -5.40446850e-14\n  -3.14570970e-14]\n [-1.75243645e-10  1.66792332e-03  2.15857284e-04  2.42164294e-04\n  -6.39942150e-05  1.16924211e-05 -3.27542307e-08 -1.45246937e-10\n   2.73336198e-11 -3.00147946e-04 -2.11751970e-04 -4.39157672e-06\n   1.83152932e-05 -1.83933823e-01  1.44282385e-03  1.09093653e-03\n  -1.68773024e-04  5.23274240e-05  3.25933976e-05 -2.88081875e-02\n   2.35313601e-05 -1.11479288e-04 -7.78996858e-06  2.33606736e-05\n  -2.86738017e-02 -8.05896524e-06  1.25308313e-04 -1.40964490e-06\n   8.53244358e-03  5.64735583e-06  3.36739034e-05 -1.18385301e-03\n   3.43272723e-05  3.16139660e-05  1.21644621e-08 -3.48902406e-10\n   1.90468491e-10]\n [-2.15722550e-12 -1.62423588e-05  1.92444771e-07  3.11256429e-07\n  -8.28188147e-08 -3.72413290e-07 -6.92872261e-11  2.44725844e-12\n  -1.75480878e-12  1.39550874e-06  1.44393755e-06 -5.56872308e-07\n   4.08227456e-08  1.44282385e-03 -4.26790634e-05 -2.50130841e-05\n   2.59994517e-07 -5.28383727e-08 -5.78840905e-08  2.35313498e-05\n   3.44888875e-06  3.15277067e-06  7.67291066e-08 -2.59942122e-08\n  -8.05903049e-06  3.95171431e-06  1.09567419e-06  2.00959891e-09\n   5.64736343e-06  1.80994704e-07 -4.78919455e-07  3.43272729e-05\n  -9.32228289e-07 -7.70635778e-07  5.86294707e-11 -1.12664711e-10\n  -3.54481465e-12]\n [-1.98002521e-12 -1.18597855e-05  1.33014727e-06 -9.09714643e-07\n  -3.66019698e-07 -3.57941689e-07  6.32384897e-11 -3.35167514e-12\n  -2.24508701e-12  5.27660418e-07  1.71711736e-06 -2.71644799e-07\n   5.92393752e-08  1.09093653e-03 -2.50130841e-05 -1.97069296e-05\n   5.64009401e-07 -9.83726686e-10 -8.30026272e-08 -1.11479270e-04\n   3.15277050e-06  2.48593732e-06  5.71983647e-08  1.26818295e-08\n   1.25308308e-04  1.09567442e-06  3.89025962e-07 -1.65914076e-09\n   3.36739096e-05 -4.78919590e-07 -5.71740722e-07  3.16139735e-05\n  -7.70635884e-07 -6.31502479e-07  2.51083581e-11  4.55295547e-10\n   1.92184876e-12]\n [ 6.25634534e-13  1.41737911e-06  3.64347261e-06  8.17148973e-06\n  -6.07127245e-07  5.59259909e-07  4.16904360e-11 -9.77044809e-13\n  -6.40283697e-13 -3.16229395e-07  7.75570691e-07 -2.21556896e-07\n   1.85744660e-07 -1.68773024e-04  2.59994517e-07  5.64009401e-07\n  -4.30053200e-06 -2.29643868e-08  3.47283787e-08 -4.39883633e-04\n  -1.34823520e-06  9.60130741e-07  4.11419717e-08 -9.85708393e-08\n  -9.77511965e-04  1.53368796e-06  1.04723033e-06 -6.66714714e-08\n   7.39095974e-05  2.93296555e-07 -1.49835495e-07 -6.86946962e-05\n   1.21186381e-07  8.58629246e-08  2.71438035e-10  2.40946046e-10\n  -7.94467627e-14]\n [-9.24291579e-15 -4.21793710e-07  2.01837964e-07  5.12546334e-07\n   8.04582051e-07  2.61476196e-08  8.53427883e-12  4.67690785e-14\n   3.33551444e-14  2.11378543e-07  5.77416465e-08  7.77865213e-08\n   1.13019526e-08  5.23274240e-05 -5.28383727e-08 -9.83726686e-10\n  -2.29643868e-08 -3.27690095e-07  6.33859235e-09 -1.49284846e-05\n   2.18899371e-07  3.78311932e-07 -4.50989567e-07 -5.07812855e-08\n  -6.70330920e-05  1.52239958e-07 -9.21622439e-08  1.38272905e-08\n  -1.00415674e-04  5.08593051e-08  1.87237386e-07 -3.45809549e-06\n   6.68230035e-09  2.24478363e-08 -4.75707808e-12  1.47080331e-12\n  -1.65432627e-14]\n [-1.18666753e-13 -2.92524140e-07 -4.61781785e-07 -3.24682005e-08\n   2.97117057e-08  4.48047877e-07  5.02277096e-12 -1.70340236e-14\n   4.84184476e-14  9.61995975e-08  5.35327706e-08  1.26236540e-08\n   5.41313700e-08  3.25933976e-05 -5.78840905e-08 -8.30026272e-08\n   3.47283787e-08  6.33859235e-09 -1.90850244e-07  5.71017325e-05\n   1.21184914e-07  2.90187812e-07 -2.65293665e-08 -2.31385293e-07\n   5.65426448e-06  1.95229342e-07  3.83142262e-09 -2.87866336e-08\n  -3.77119546e-06  7.64442102e-09  3.04128942e-08 -5.54189067e-05\n   2.86611215e-08  1.20008610e-07  5.40630423e-12 -3.23718513e-12\n   5.48425066e-15]\n [-1.99439505e-10  2.15857267e-04  2.63859557e-03  4.77137338e-04\n  -1.19060372e-04  1.55933542e-06  5.39915765e-08  5.85821576e-12\n  -1.91754598e-10  8.57431124e-05 -7.21445927e-05  1.68259403e-05\n   3.79566073e-05 -2.88081875e-02  2.35313498e-05 -1.11479270e-04\n  -4.39883633e-04 -1.49284846e-05  5.71017325e-05 -3.03318306e-01\n   6.68056554e-04  1.01487239e-03  8.49800737e-05 -4.17562446e-05\n  -5.00566924e-02  1.04466777e-06  4.41796045e-05 -6.09157700e-06\n   1.66462875e-02  7.74132813e-05  2.98324990e-05 -1.71351524e-03\n  -4.65449522e-05  2.62132112e-05  1.46741385e-08 -1.20120335e-08\n   5.97253428e-11]\n [-2.53478469e-12  1.92444899e-07 -7.44805710e-06 -1.56023572e-07\n  -7.71285445e-07  3.59686008e-07 -7.87093140e-11 -3.92570163e-13\n   3.83573717e-13 -6.39899456e-07  1.41306994e-07 -1.17690815e-07\n  -8.14905640e-08  2.35313601e-05  3.44888875e-06  3.15277050e-06\n  -1.34823520e-06  2.18899371e-07  1.21184914e-07  6.68056554e-04\n  -1.89315697e-05 -1.22749013e-05  1.34250149e-07  6.26804982e-08\n   1.04465468e-06 -1.89782319e-06 -1.31849191e-06 -2.62317789e-08\n   7.74132814e-05 -5.82113685e-07 -9.49868039e-07 -4.65449477e-05\n  -6.55348901e-07 -4.16685128e-07 -4.40104385e-10  1.43606201e-10\n  -9.65113062e-13]\n [ 2.78904176e-13  1.33014761e-06 -1.01882157e-05 -6.15480157e-07\n  -3.74223678e-07 -2.58520306e-07 -1.55445257e-10  2.14408046e-13\n  -1.91164218e-14 -1.13873288e-06 -6.17607582e-09 -9.81984234e-08\n  -1.62510719e-07 -1.11479288e-04  3.15277067e-06  2.48593732e-06\n   9.60130741e-07  3.78311932e-07  2.90187812e-07  1.01487239e-03\n  -1.22749013e-05 -1.45936147e-05 -2.49647398e-08  1.54220753e-07\n   4.41795135e-05 -1.31849191e-06 -5.92262915e-07  3.12224058e-08\n   2.98324931e-05 -9.49867999e-07 -6.25119282e-07  2.62132186e-05\n  -4.16685135e-07 -4.86374421e-07 -7.26799400e-11 -2.38094248e-11\n  -2.71086528e-13]\n [ 1.76232931e-13  7.13703159e-08 -6.69222836e-07  8.76527428e-07\n   1.46847714e-06  3.68495075e-08  8.97943064e-12  6.40106835e-14\n  -1.23558131e-13 -9.82752392e-08  1.27821116e-07  1.64360265e-07\n   2.41070407e-08 -7.78996858e-06  7.67291066e-08  5.71983647e-08\n   4.11419717e-08 -4.50989567e-07 -2.65293665e-08  8.49800737e-05\n   1.34250149e-07 -2.49647398e-08 -1.04264398e-06 -1.26152995e-08\n  -1.12182446e-04  3.71947183e-08  2.24716067e-07  2.99620176e-08\n  -1.86834079e-04 -1.21414743e-07  4.20994265e-07 -3.81402494e-06\n   3.20202342e-08  1.75617687e-08 -1.86476162e-11  1.38245824e-11\n   1.01623355e-13]\n [-2.55492617e-13 -2.01009204e-07  3.40365619e-07  2.99569976e-07\n   1.90822570e-08  1.11610453e-06 -5.69713808e-12 -3.61183158e-14\n  -9.33814024e-15  1.40699770e-07  5.60400800e-08  5.66854427e-09\n   1.32250925e-07  2.33606736e-05 -2.59942122e-08  1.26818295e-08\n  -9.85708393e-08 -5.07812855e-08 -2.31385293e-07 -4.17562446e-05\n   6.26804982e-08  1.54220753e-07 -1.26152995e-08 -8.47975819e-07\n  -3.85816902e-05  3.24157718e-08  7.54551383e-08 -7.03557969e-08\n  -1.11209795e-06  5.32657081e-08  5.71989904e-09 -1.44234504e-04\n  -2.39726904e-07  2.95768021e-07 -1.28894494e-11 -7.23190770e-12\n  -4.40771619e-14]\n [ 8.58581650e-10  2.42164281e-04  4.77137384e-04  3.69880529e-03\n   6.76238501e-05  7.12562318e-05  2.94003424e-07 -1.87738419e-10\n  -1.08102765e-10  2.98328198e-06  2.87649246e-04 -4.91649966e-05\n   4.96975063e-05 -2.86738017e-02 -8.05903049e-06  1.25308308e-04\n  -9.77511965e-04 -6.70330920e-05  5.65426448e-06 -5.00566924e-02\n   1.04465468e-06  4.41795135e-05 -1.12182446e-04 -3.85816902e-05\n  -4.39799460e-01  1.11718570e-03  7.43944406e-04 -9.05716434e-06\n  -1.00226735e-02  1.50471177e-05 -4.97140747e-05 -9.52208243e-03\n  -2.47577494e-05 -2.66548294e-05  1.10675090e-07  2.25487021e-08\n   2.08548651e-11]\n [ 4.20661293e-12  3.11255562e-07 -1.56025019e-07 -1.08572314e-05\n  -9.97706800e-09  