{'theta_hat': '[-3.96255341e-11  1.75136201e-03 -1.58848117e-03 -1.28748998e-02\n -3.50225167e-04 -1.19118576e-03 -6.95291239e-09 -9.95545182e-11\n  1.65291989e-10 -3.20955850e-04 -2.99638387e-03  3.18609770e-05\n -8.35930818e-05 -2.03002945e-01  4.36208638e-03  8.16236172e-04\n  2.95618344e-03  1.68028758e-04  3.14074761e-04  1.58614219e-01\n -1.29114135e-04 -1.31670051e-03  6.36988485e-04  8.39962116e-04\n  1.51825912e+00 -4.52610098e-03 -3.99016103e-03  6.63185333e-05\n  6.45872417e-02  1.11759270e-03 -5.91014641e-04  1.47709140e-01\n  1.66176365e-04 -4.46057431e-04 -7.29053130e-10  1.88407761e-08\n -1.61393110e-10]', 'theta_bar': '[ 5.73544289e-03  3.39393073e-03 -1.95706222e-04 -6.07417620e-03\n -8.35686069e-04  1.55660559e-03 -1.31318384e+00 -1.25219322e-03\n  3.35294765e-03 -6.55108717e-04 -2.23880516e-03 -1.00787844e-04\n  3.08870248e-04 -4.80504044e-01  1.67777522e-03  2.64266296e-03\n  8.33820396e-04  2.67665379e-04 -3.25600829e-04  1.91522745e-01\n  1.08218925e-03 -1.13775507e-04  5.61268302e-04 -1.09277727e-03\n  1.18346019e+00 -3.11187661e-04 -3.83176028e-03 -9.93082160e-05\n  1.13390778e-01 -4.17138657e-04 -1.51107954e-03 -2.03244904e-01\n -7.78894560e-04  5.12834978e-04  2.10127848e-01 -6.09265224e-01\n -1.06464058e-02]', 'grad_op_sum': '[[ 1.83369278e-19  1.92161546e-13  3.62571774e-13  5.45749281e-13\n  -1.72669956e-13  1.30207027e-13 -1.05449882e-17 -3.58581546e-21\n   4.41763413e-20 -8.98799671e-15  2.28470343e-14 -3.28384300e-14\n   2.28603068e-14 -1.93665483e-11  2.38018685e-13  4.66238020e-13\n  -1.54646208e-13  3.05408410e-14 -2.01012242e-14 -4.16722999e-11\n  -5.40017117e-14  2.93508750e-13  1.15829087e-13 -7.18168356e-14\n  -5.87837131e-11  3.58108370e-13 -1.22509139e-13 -1.03563570e-14\n   2.25789319e-11 -2.52667190e-14 -4.77906930e-15 -1.62444566e-11\n   2.41264371e-14 -5.03544577e-14 -2.71382553e-18 -1.35016591e-18\n  -2.68849261e-21]\n [ 1.92161546e-13  1.37011179e-05  5.95093890e-06  1.32027843e-06\n  -2.08258818e-07  2.49526772e-07 -1.45958950e-11  1.46730769e-13\n   6.66110246e-13 -1.19841351e-06 -3.17523446e-06  9.16747692e-08\n  -9.93378245e-08 -1.29859762e-03  2.55730440e-05  2.11510432e-05\n  -1.27595711e-06  1.26536435e-07 -1.89588545e-07 -5.83075978e-04\n   8.38231773e-06  8.69534836e-06  2.82570410e-07 -1.43689321e-08\n  -1.16184020e-04  1.99160704e-07  2.84618526e-06  3.05800609e-09\n   4.41158232e-05  1.43698391e-06  7.48809348e-07 -2.58386499e-05\n   4.84436837e-07  7.20542287e-07 -3.70970087e-11 -3.02884255e-11\n   3.45565691e-13]\n [ 3.62571774e-13  5.95093890e-06  7.05209240e-06  7.93725902e-06\n  -1.38449991e-06  2.31901493e-08 -1.71284759e-11 -4.87821936e-14\n   3.96699081e-13 -5.44605214e-07 -4.19160453e-07 -1.11477410e-07\n  -1.34849112e-07 -5.83076023e-04  8.38231750e-06  8.69534815e-06\n  -3.48156583e-06  4.47996295e-07 -1.93709958e-07 -7.65607283e-04\n   4.37104141e-06  5.15195364e-06  5.33870711e-07  5.57247373e-08\n  -8.47051457e-04  2.71314531e-06  3.31268944e-06 -4.86923027e-08\n   1.58584690e-04 -8.16198524e-07  1.87426310e-07 -6.66479807e-07\n  -3.62561006e-07  1.92426233e-07 -3.28412860e-11 -2.08081423e-11\n   1.88818207e-13]\n [ 5.45749281e-13  1.32027843e-06  7.93725902e-06  4.59273929e-05\n  -5.04890125e-06  1.79689925e-06 -2.31324839e-11 -3.66352382e-13\n   1.45413894e-13  8.93674568e-07  5.68520057e-06 -4.77321617e-07\n   1.45268237e-07 -1.16183921e-04  1.99160865e-07  2.84618569e-06\n  -1.09116974e-05  1.80225581e-06 -9.15669046e-07 -8.47051506e-04\n   2.71314523e-06  3.31268988e-06  1.84109134e-06 -1.08451089e-06\n  -5.20369080e-03  1.86541563e-05  7.42684602e-06 -2.50010261e-07\n   5.40662541e-04 -2.80555807e-06 -8.52604382e-07 -2.32914588e-04\n  -4.57474160e-07  8.65320833e-07 -1.08670299e-11 -2.87269464e-11\n   1.70479931e-13]\n [-1.72669956e-13 -2.08258818e-07 -1.38449991e-06 -5.04890125e-06\n   3.58017343e-06  1.48517446e-07  2.16181748e-11  9.41963658e-14\n   3.91008284e-14 -2.36779985e-09 -3.82572931e-07  4.87132826e-07\n  -2.67177623e-10  4.41158282e-05  1.43698375e-06  7.48809394e-07\n   1.25638037e-06 -1.07179360e-06  6.00259537e-08  1.58584691e-04\n  -8.16198452e-07  1.87426385e-07 -2.31500250e-06 -1.73305293e-07\n   5.40662665e-04 -2.80555782e-06 -8.52604420e-07  8.07032392e-08\n  -4.49386231e-04 -2.87208449e-08  9.43210307e-07 -1.41663328e-05\n   7.89246719e-09 -4.65477611e-08  1.10606955e-11  1.18601833e-12\n   4.49742272e-14]\n [ 1.30207027e-13  2.49526772e-07  2.31901493e-08  1.79689925e-06\n   1.48517446e-07  2.64932885e-06 -2.04837919e-11  4.29510840e-14\n   8.89646560e-14 -2.76624310e-08  2.82244552e-07 -6.94441518e-08\n   4.64992204e-07 -2.58386301e-05  4.84436828e-07  7.20542291e-07\n  -2.62009298e-07 -1.30612148e-07 -5.59383128e-07 -6.66472294e-07\n  -3.62561041e-07  1.92426065e-07 -1.90576966e-07 -1.91186326e-06\n  -2.32914594e-04 -4.57474105e-07  8.65320775e-07 -1.68729355e-07\n  -1.41663294e-05  7.89244336e-09 -4.65477849e-08 -3.51393960e-04\n  -6.84080854e-07  9.83436297e-07  8.36041292e-12 -3.66197762e-13\n   1.55333701e-14]\n [-1.05449882e-17 -1.45958950e-11 -1.71284759e-11 -2.31324839e-11\n   2.16181748e-11 -2.04837919e-11  1.19017824e-15 -1.92707950e-19\n  -2.64616168e-18  2.66103484e-12  4.34402336e-12  3.74029298e-12\n  -4.25396145e-12  1.90419045e-09  7.11795995e-13 -8.93728134e-12\n   5.77510776e-12 -5.34329858e-12  4.17667263e-12  2.10382764e-09\n  -3.07275716e-12 -2.12587971e-12 -1.35617237e-11  1.29600788e-11\n   2.42615918e-09 -1.61534500e-11  4.98464825e-12  1.68301850e-12\n  -2.72938725e-09  5.34903450e-12 -3.48059979e-12  2.72720768e-09\n   2.17618101e-12 -4.80678475e-12  1.54425279e-16  3.37693733e-17\n   1.16600889e-18]\n [-3.58581546e-21  1.46730769e-13 -4.87821936e-14 -3.66352382e-13\n   9.41963658e-14  4.29510840e-14 -1.92707950e-19  2.13979336e-20\n   3.83863561e-21 -3.55406791e-14 -5.82316182e-14  3.73134449e-15\n   3.67935442e-15 -1.40929625e-11  1.68031212e-13  2.17266005e-13\n   1.15400818e-13 -3.52710250e-14 -3.14074849e-16  7.56023724e-12\n   1.17553803e-13  1.23284532e-13 -4.78695449e-14 -2.96875865e-14\n   3.93886658e-11 -1.41730785e-13  7.47587863e-14  1.18622288e-15\n  -1.05509269e-11  4.09576390e-14  1.52875904e-14 -5.29064209e-12\n   2.21489547e-14  1.03359155e-14 -4.64746111e-19 -6.28679599e-19\n   1.05942427e-20]\n [ 4.41763413e-20  6.66110246e-13  3.96699081e-13  1.45413894e-13\n   3.91008284e-14  8.89646560e-14 -2.64616168e-18  3.83863561e-21\n   9.90253317e-20 -1.08656105e-13 -2.24070060e-13 -7.39049195e-15\n   1.02568013e-14 -7.12857293e-11  5.13158695e-13  8.20155646e-13\n  -8.78797093e-14 -1.22682383e-14 -2.83011367e-14 -4.11269032e-11\n   3.37809966e-13  5.95765992e-13 -3.10267696e-14 -5.81045157e-14\n  -1.06377912e-11  3.02384004e-13  1.86236098e-13 -2.74700476e-15\n  -5.52840695e-12  1.03226870e-14 -7.09337851e-14 -1.19987421e-11\n  -3.22246492e-14  6.09604848e-14 -1.31134078e-18 -3.92556507e-18\n   2.31881747e-20]\n [-8.98799671e-15 -1.19841351e-06 -5.44605214e-07  8.93674568e-07\n  -2.36779985e-09 -2.76624310e-08  2.66103484e-12 -3.55406791e-14\n  -1.08656105e-13  3.07064211e-07  5.36187619e-07  5.26713124e-08\n   1.34404555e-08  1.35940420e-04 -2.63577807e-08 -1.16779035e-06\n  -1.51556189e-07  1.49258723e-08  1.26145106e-08  5.21720488e-05\n  -8.54726461e-07 -1.02157405e-06 -2.19496390e-08  2.15270834e-08\n  -1.13872227e-04 -2.73224419e-07 -6.61815867e-07 -4.23212240e-09\n  -1.48439896e-06 -2.16010753e-08  3.36507683e-08  3.63060820e-06\n  -2.21367903e-08 -8.02511226e-08  5.53375836e-12  3.99719188e-12\n  -5.05145029e-14]\n [ 2.28470343e-14 -3.17523446e-06 -4.19160453e-07  5.68520057e-06\n  -3.82572931e-07  2.82244552e-07  4.34402336e-12 -5.82316182e-14\n  -2.24070060e-13  5.36187619e-07  1.81410050e-06 -2.46140575e-08\n   4.92981398e-08  3.27462590e-04 -4.32239627e-06 -3.97207919e-06\n  -1.15419734e-06  1.18603652e-07 -7.79886706e-08  3.39193076e-05\n  -1.70898410e-06 -1.63632995e-06  4.54233723e-08 -2.07930886e-07\n  -6.68167102e-04  1.60694804e-06  2.77763786e-07 -3.71192117e-08\n   3.55076655e-05 -5.67498048e-07 -1.56925824e-07 -3.57752216e-05\n  -1.16290180e-07 -1.08734001e-07  7.72868243e-12  1.37039400e-12\n  -4.84085783e-14]\n [-3.28384300e-14  9.16747692e-08 -1.11477410e-07 -4.77321617e-07\n   4.87132826e-07 -6.94441518e-08  3.74029298e-12  3.73134449e-15\n  -7.39049195e-15  5.26713124e-08 -2.46140575e-08  9.75386819e-08\n  -1.61720426e-08  1.54211535e-06  1.15763285e-06  4.29129378e-07\n   8.57568098e-08 -1.29468541e-07  2.07967528e-08  1.27278586e-05\n  -2.69451536e-08 -3.51682975e-08 -3.25734887e-07  4.47557627e-08\n   4.92377526e-05 -5.08629857e-07 -2.62188372e-07  1.54994305e-08\n  -6.20877892e-05  5.91350114e-09  1.87695132e-07  1.00541733e-05\n   3.09099489e-08 -5.01074366e-08  1.57017218e-12  4.55208654e-13\n   1.05437899e-15]\n [ 2.28603068e-14 -9.93378245e-08 -1.34849112e-07  1.45268237e-07\n  -2.67177623e-10  4.64992204e-07 -4.25396145e-12  3.67935442e-15\n   1.02568013e-14  1.34404555e-08  4.92981398e-08 -1.61720426e-08\n   8.98218162e-08  8.73510102e-06 -9.33476556e-08 -1.16529992e-07\n   9.03880226e-09 -1.72877591e-08 -9.35118368e-08  1.36928110e-05\n  -1.94206405e-07 -1.35383583e-07 -6.96932160e-09 -3.32001900e-07\n  -2.30019365e-05 -1.82375200e-07  2.74424194e-08 -3.05419392e-08\n   1.29706772e-06  2.94146079e-08 -3.84748920e-08 -6.19752694e-05\n  -1.25432514e-07  1.83225683e-07  2.13654400e-12  5.29467945e-13\n  -7.63287286e-15]\n [-1.93665483e-11 -1.29859762e-03 -5.83076023e-04 -1.16183921e-04\n   4.41158282e-05 -2.58386301e-05  1.90419045e-09 -1.40929625e-11\n  -7.12857293e-11  1.35940420e-04  3.27462590e-04  1.54211535e-06\n   8.73510102e-06  1.26385338e-01 -2.13183799e-03 -1.90016588e-03\n   1.17297957e-04 -1.82924924e-05  1.94415030e-05  5.74004202e-02\n  -8.07511963e-04 -8.43236450e-04 -3.98966672e-05  3.59381084e-06\n   8.53683277e-03 -1.00441489e-04 -3.19655034e-04  8.50552033e-08\n  -6.94600574e-03 -1.14902448e-04 -5.04084255e-05  2.91807117e-03\n  -3.80047398e-05 -7.60409162e-05  3.78638456e-09  2.92623676e-09\n  -3.36492833e-11]\n [ 2.38018685e-13  2.55730440e-05  8.38231750e-06  1.99160865e-07\n   1.43698375e-06  4.84436828e-07  7.11795995e-13  1.68031212e-13\n   5.13158695e-13 -2.63577807e-08 -4.32239627e-06  1.15763285e-06\n  -9.33476556e-08 -2.13183799e-03  7.77647418e-05  4.81323491e-05\n  -2.05062993e-06 -1.94629877e-07 -2.22864461e-07 -8.07511911e-04\n   1.32949804e-05  1.19354691e-05 -3.49985184e-07  1.06891079e-07\n  -1.00441474e-04 -1.07239483e-05 -1.68595451e-06  1.08223829e-08\n  -1.14902443e-04  4.81150114e-06  2.91167672e-06 -3.80047441e-05\n   1.14962973e-06  8.30051778e-07 -3.94191291e-11 -3.72940665e-11\n   4.03517918e-13]\n [ 4.66238020e-13  2.11510432e-05  8.69534815e-06  2.84618569e-06\n   7.48809394e-07  7.20542291e-07 -8.93728134e-12  2.17266005e-13\n   8.20155646e-13 -1.16779035e-06 -3.97207919e-06  4.29129378e-07\n  -1.16529992e-07 -1.90016588e-03  4.81323491e-05  3.69490862e-05\n  -2.17830706e-06 -1.63728170e-07 -3.08245783e-07 -8.43236387e-04\n   1.19354690e-05  1.35062064e-05 -9.66115399e-08 -2.42857789e-07\n  -3.19655068e-04 -1.68595394e-06  2.70113990e-06  1.28559270e-09\n  -5.04084418e-05  2.91167703e-06  2.01341076e-06 -7.60409276e-05\n   8.30051718e-07  1.00077577e-06 -4.72164289e-11 -4.15322443e-11\n   5.09084314e-13]\n [-1.54646208e-13 -1.27595711e-06 -3.48156583e-06 -1.09116974e-05\n   1.25638037e-06 -2.62009298e-07  5.77510776e-12  1.15400818e-13\n  -8.78797093e-14 -1.51556189e-07 -1.15419734e-06  8.57568098e-08\n   9.03880226e-09  1.17297957e-04 -2.05062993e-06 -2.17830706e-06\n   3.23907791e-06 -4.40429690e-07  2.09267706e-07  3.84214591e-04\n  -1.28506593e-06 -1.50405399e-06 -4.12662684e-07  1.29132135e-07\n   1.22860758e-03 -3.70164103e-06 -2.07707353e-06  6.18553778e-08\n  -1.34628883e-04  8.42460171e-07  5.18036488e-08  3.41113929e-05\n   3.33611706e-07 -2.77543667e-07  9.04974190e-12  8.00260308e-12\n  -4.94950484e-14]\n [ 3.05408410e-14  1.26536435e-07  4.47996295e-07  1.80225581e-06\n  -1.07179360e-06 -1.30612148e-07 -5.34329858e-12 -3.52710250e-14\n  -1.22682383e-14  1.49258723e-08  1.18603652e-07 -1.29468541e-07\n  -1.72877591e-08 -1.82924924e-05 -1.94629877e-07 -1.63728170e-07\n  -4.40429690e-07  3.39693505e-07 -1.01959930e-08 -5.05643557e-05\n   3.51921063e-07 -6.94391440e-08  6.73786483e-07  1.10545393e-07\n  -1.92592210e-04  1.01787608e-06  2.38978598e-07 -1.88148766e-08\n   1.32453582e-04 -2.48481802e-08 -2.47772355e-07  1.53594030e-05\n   3.13209204e-08 -1.73630248e-08 -3.09450188e-12 -1.00663832e-13\n  -1.41210256e-14]\n [-2.01012242e-14 -1.89588545e-07 -1.93709958e-07 -9.15669046e-07\n   6.00259537e-08 -5.59383128e-07  4.17667263e-12 -3.14074849e-16\n  -2.83011367e-14  1.26145106e-08 -7.79886706e-08  2.07967528e-08\n  -9.35118368e-08  1.94415030e-05 -2.22864461e-07 -3.08245783e-07\n   2.09267706e-07 -1.01959930e-08  1.32804827e-07  2.02954525e-05\n  -7.35985130e-08 -1.57252323e-07  3.19832364e-09  4.06420185e-07\n   1.06964477e-04 -1.90494568e-07 -3.21548163e-07  3.84767584e-08\n  -6.79582720e-06  4.41521676e-08  3.41840232e-09  7.45142147e-05\n   1.53161722e-07 -2.23345310e-07 -1.42680114e-12  5.92111348e-13\n  -7.71998256e-15]\n [-4.16722999e-11 -5.83075978e-04 -7.65607283e-04 -8.47051506e-04\n   1.58584691e-04 -6.66472294e-07  2.10382764e-09  7.56023724e-12\n  -4.11269032e-11  5.21720488e-05  3.39193076e-05  1.27278586e-05\n   1.36928110e-05  5.74004202e-02 -8.07511911e-04 -8.43236387e-04\n   3.84214591e-04 -5.05643557e-05  2.02954525e-05  8.39254536e-02\n  -4.30504074e-04 -5.11641388e-04 -6.13757084e-05 -7.29426024e-06\n   9.02362620e-02 -2.70178680e-04 -3.33386428e-04  5.80136663e-06\n  -1.81369441e-02  1.01341810e-04 -1.74888097e-05 -8.44524631e-05\n   4.91195006e-05 -1.84992689e-05  3.47715271e-09  2.06417649e-09\n  -1.73886146e-11]\n [-5.40017117e-14  8.38231773e-06  4.37104141e-06  2.71314523e-06\n  -8.16198452e-07 -3.62561041e-07 -3.07275716e-12  1.17553803e-13\n   3.37809966e-13 -8.54726461e-07 -1.70898410e-06 -2.69451536e-08\n  -1.94206405e-07 -8.07511963e-04  1.32949804e-05  1.19354690e-05\n  -1.28506593e-06  3.51921063e-07 -7.35985130e-08 -4.30504074e-04\n   6.52091463e-06  5.58393210e-06  4.67193242e-07  3.17586999e-07\n  -2.70178702e-04  1.93281376e-06  3.16277690e-06  1.83805557e-08\n   1.01341801e-04  4.79819243e-07  5.79912827e-07  4.91195158e-05\n   5.35096974e-07  3.41393794e-07 -2.94880864e-11 -1.75266797e-11\n   2.56392320e-13]\n [ 2.93508750e-13  8.69534836e-06  5.15195364e-06  3.31268988e-06\n   1.87426385e-07  1.92426065e-07 -2.12587971e-12  1.23284532e-13\n   5.95765992e-13 -1.02157405e-06 -1.63632995e-06 -3.51682975e-08\n  -1.35383583e-07 -8.43236450e-04  1.19354691e-05  1.35062064e-05\n  -1.50405399e-06 -6.94391440e-08 -1.57252323e-07 -5.11641388e-04\n   5.58393210e-06  7.92138950e-06 -1.03734508e-07 -8.89750423e-08\n  -3.33386455e-04  3.16277711e-06  3.58910518e-06  9.05486302e-09\n  -1.74888166e-05  5.79912858e-07  9.64844509e-08 -1.84992583e-05\n   3.41393830e-07  2.90807087e-07 -2.81165881e-11 -3.88688300e-11\n   3.50008422e-13]\n [ 1.15829087e-13  2.82570410e-07  5.33870711e-07  1.84109134e-06\n  -2.31500250e-06 -1.90576966e-07 -1.35617237e-11 -4.78695449e-14\n  -3.10267696e-14 -2.19496390e-08  4.54233723e-08 -3.25734887e-07\n  -6.96932160e-09 -3.98966672e-05 -3.49985184e-07 -9.66115399e-08\n  -4.12662684e-07  6.73786483e-07  3.19832364e-09 -6.13757084e-05\n   4.67193242e-07 -1.03734508e-07  1.59514938e-06  1.86267110e-07\n  -1.89790307e-04  1.30597675e-06  2.33947380e-07 -4.37196747e-08\n   2.96782543e-04  2.71765682e-07 -6.38963796e-07  2.20420822e-05\n   6.41084122e-08  1.74281689e-09 -6.85384075e-12 -1.01857006e-12\n  -3.32686232e-14]\n [-7.18168356e-14 -1.43689321e-08  5.57247373e-08 -1.08451089e-06\n  -1.73305293e-07 -1.91186326e-06  1.29600788e-11 -2.96875865e-14\n  -5.81045157e-14  2.15270834e-08 -2.07930886e-07  4.47557627e-08\n  -3.32001900e-07  3.59381084e-06  1.06891079e-07 -2.42857789e-07\n   1.29132135e-07  1.10545393e-07  4.06420185e-07 -7.29426024e-06\n   3.17586999e-07 -8.89750423e-08  1.86267110e-07  1.39511792e-06\n   1.42075500e-04  3.08223352e-07 -6.41791441e-07  1.20730688e-07\n   1.91294546e-05  3.20981655e-08  6.89267748e-09  2.53995240e-04\n   5.08782749e-07 -7.02783353e-07 -6.80500048e-12 -5.67675492e-13\n  -1.22007261e-14]\n [-5.87837131e-11 -1.16184020e-04 -8.47051457e-04 -5.20369080e-03\n   5.40662665e-04 -2.32914594e-04  2.42615918e-09  3.93886658e-11\n  -1.06377912e-11 -1.13872227e-04 -6.68167102e-04  4.92377526e-05\n  -2.30019365e-05  8.53683277e-03 -1.00441474e-04 -3.19655068e-04\n   1.22860758e-03 -1.92592210e-04  1.06964477e-04  9.02362620e-02\n  -2.70178702e-04 -3.33386455e-04 -1.89790307e-04  1.42075500e-04\n   5.91893939e-01 -2.03218846e-03 -8.25732514e-04  2.95130794e-05\n  -5.76423401e-02  3.01245208e-04  9.33453385e-05  3.01522359e-02\n   5.64640743e-05 -1.13080874e-04  8.95198325e-10  3.14694311e-09\n  -1.84313390e-11]\n [ 3.58108370e-13  1.99160704e-07  2.71314531e-06  1.86541563e-05\n  -2.80555782e-06 -4.57474105e-07 -1.61534500e-11 -1.41730785e-13\n   3.02384004e-13 -2.73224419e-07  1.60694804e-06 -5.08629857e-07\n  -1.82375200e-07 -1.00441489e-04 -1.07239483e-05 -1.68595394e-06\n  -3.70164103e-06  1.01787608e-06 -1.90494568e-07 -2.70178680e-04\n   1.93281376e-06  3.16277711e-06  1.30597675e-06  3.08223352e-07\n  -2.03218846e-03  1.44503459e-05  4.04146089e-06 -1.92301740e-08\n   3.01245187e-04 -1.41501251e-06 -6.44048930e-07  5.64640779e-05\n   6.72976797e-07 -2.04181807e-07 -8.46249591e-12 -1.97387263e-11\n   1.21585701e-13]\n [-1.22509139e-13  2.84618526e-06  3.31268944e-06  7.42684602e-06\n  -8.52604420e-07  8.65320775e-07  4.98464825e-12  7.47587863e-14\n   1.86236098e-13 -6.61815867e-07  2.77763786e-07 -2.62188372e-07\n   2.74424194e-08 -3.19655034e-04 -1.68595451e-06  2.70113990e-06\n  -2.07707353e-06  2.38978598e-07 -3.21548163e-07 -3.33386428e-04\n   3.16277690e-06  3.58910518e-06  2.33947380e-07 -6.41791441e-07\n  -8.25732514e-04  4.04146089e-06  5.08026153e-06 -7.14992125e-08\n   9.33453070e-05 -6.44049042e-07 -1.72283407e-07 -1.13080849e-04\n  -2.04181772e-07  6.95598815e-07 -1.79952264e-11 -1.89966255e-11\n   2.42587795e-13]\n [-1.03563570e-14  3.05800609e-09 -4.86923027e-08 -2.50010261e-07\n   8.07032392e-08 -1.68729355e-07  1.68301850e-12  1.18622288e-15\n  -2.74700476e-15 -4.23212240e-09 -3.71192117e-08  1.54994305e-08\n  -3.05419392e-08  8.50552033e-08  1.08223829e-08  1.28559270e-09\n   6.18553778e-08 -1.88148766e-08  3.84767584e-08  5.80136663e-06\n   1.83805557e-08  9.05486302e-09 -4.37196747e-08  1.20730688e-07\n   2.95130794e-05 -1.92301740e-08 -7.14992125e-08  1.35710228e-08\n  -1.03356027e-05  3.80532269e-09  2.82057290e-08  2.25886384e-05\n   5.29774822e-08 -6.66829009e-08 -3.58621024e-13 -3.48845600e-14\n   1.47055745e-15]\n [ 2.25789319e-11  4.41158232e-05  1.58584690e-04  5.40662541e-04\n  -4.49386231e-04 -1.41663294e-05 -2.72938725e-09 -1.05509269e-11\n  -5.52840695e-12 -1.48439896e-06  3.55076655e-05 -6.20877892e-05\n   1.29706772e-06 -6.94600574e-03 -1.14902443e-04 -5.04084418e-05\n  -1.34628883e-04  1.32453582e-04 -6.79582720e-06 -1.81369441e-02\n   1.01341801e-04 -1.74888166e-05  2.96782543e-04  1.91294546e-05\n  -5.76423401e-02  3.01245187e-04  9.33453070e-05 -1.03356027e-05\n   5.69084702e-02  2.15946955e-05 -1.20090151e-04  1.22693273e-03\n  -4.36790433e-07  8.61273862e-06 -1.40860056e-09 -1.42807383e-10\n  -5.59420277e-12]\n [-2.52667190e-14  1.43698391e-06 -8.16198524e-07 -2.80555807e-06\n  -2.87208449e-08  7.89244336e-09  5.34903450e-12  4.09576390e-14\n   1.03226870e-14 -2.16010753e-08 -5.67498048e-07  5.91350114e-09\n   2.94146079e-08 -1.14902448e-04  4.81150114e-06  2.91167703e-06\n   8.42460171e-07 -2.48481802e-08  4.41521676e-08  1.01341810e-04\n   4.79819243e-07  5.79912858e-07  2.71765682e-07  3.20981655e-08\n   3.01245208e-04 -1.41501251e-06 -6.44049042e-07  3.80532269e-09\n   2.15946955e-05  1.09531331e-06 -3.37432635e-07 -4.36785698e-07\n   2.72337770e-07  9.92454083e-08  1.30486266e-12 -6.01062296e-12\n   1.92185103e-14]\n [-4.77906930e-15  7.48809348e-07  1.87426310e-07 -8.52604382e-07\n   9.43210307e-07 -4.65477849e-08 -3.48059979e-12  1.52875904e-14\n  -7.09337851e-14  3.36507683e-08 -1.56925824e-07  1.87695132e-07\n  -3.84748920e-08 -5.04084255e-05  2.91167672e-06  2.01341076e-06\n   5.18036488e-08 -2.47772355e-07  3.41840232e-09 -1.74888097e-05\n   5.79912827e-07  9.64844509e-08 -6.38963796e-07  6.89267748e-09\n   9.33453385e-05 -6.44048930e-07 -1.72283407e-07  2.82057290e-08\n  -1.20090151e-04 -3.37432635e-07  1.77251366e-06  8.61273983e-06\n   9.92454184e-08  1.30681672e-07 -1.44619101e-12  1.95482846e-11\n  -2.04914058e-14]\n [-1.62444566e-11 -2.58386499e-05 -6.66479807e-07 -2.32914588e-04\n  -1.41663328e-05 -3.51393960e-04  2.72720768e-09 -5.29064209e-12\n  -1.19987421e-11  3.63060820e-06 -3.57752216e-05  1.00541733e-05\n  -6.19752694e-05  2.91807117e-03 -3.80047441e-05 -7.60409276e-05\n   3.41113929e-05  1.53594030e-05  7.45142147e-05 -8.44524631e-05\n   4.91195158e-05 -1.84992583e-05  2.20420822e-05  2.53995240e-04\n   3.01522359e-02  5.64640779e-05 -1.13080849e-04  2.25886384e-05\n   1.22693273e-03 -4.36785698e-07  8.61273983e-06  4.66836948e-02\n   9.27210097e-05 -1.32615252e-04 -1.15065010e-09 -1.62869880e-11\n  -1.58558667e-12]\n [ 2.41264371e-14  4.84436837e-07 -3.62561006e-07 -4.57474160e-07\n   7.89246719e-09 -6.84080854e-07  2.17618101e-12  2.21489547e-14\n  -3.22246492e-14 -2.21367903e-08 -1.16290180e-07  3.09099489e-08\n  -1.25432514e-07 -3.80047398e-05  1.14962973e-06  8.30051718e-07\n   3.33611706e-07  3.13209204e-08  1.53161722e-07  4.91195006e-05\n   5.35096974e-07  3.41393830e-07  6.41084122e-08  5.08782749e-07\n   5.64640743e-05  6.72976797e-07 -2.04181772e-07  5.29774822e-08\n  -4.36790433e-07  2.72337770e-07  9.92454184e-08  9.27210097e-05\n   5.78193541e-07 -3.85395798e-07 -3.67036134e-12 -3.69264183e-12\n   1.54643410e-14]\n [-5.03544577e-14  7.20542287e-07  1.92426233e-07  8.65320833e-07\n  -4.65477611e-08  9.83436297e-07 -4.80678475e-12  1.03359155e-14\n   6.09604848e-14 -8.02511226e-08 -1.08734001e-07 -5.01074366e-08\n   1.83225683e-07 -7.60409162e-05  8.30051778e-07  1.00077577e-06\n  -2.77543667e-07 -1.73630248e-08 -2.23345310e-07 -1.84992689e-05\n   3.41393794e-07  2.90807087e-07  1.74281689e-09 -7.02783353e-07\n  -1.13080874e-04 -2.04181807e-07  6.95598815e-07 -6.66829009e-08\n   8.61273862e-06  9.92454083e-08  1.30681672e-07 -1.32615252e-04\n  -3.85395798e-07  7.14599025e-07  2.79630150e-12  3.93999948e-12\n   1.01756466e-14]\n [-2.71382553e-18 -3.70970087e-11 -3.28412860e-11 -1.08670299e-11\n   1.10606955e-11  8.36041292e-12  1.54425279e-16 -4.64746111e-19\n  -1.31134078e-18  5.53375836e-12  7.72868243e-12  1.57017218e-12\n   2.13654400e-12  3.78638456e-09 -3.94191291e-11 -4.72164289e-11\n   9.04974190e-12 -3.09450188e-12 -1.42680114e-12  3.47715271e-09\n  -2.94880864e-11 -2.81165881e-11 -6.85384075e-12 -6.80500048e-12\n   8.95198325e-10 -8.46249591e-12 -1.79952264e-11 -3.58621024e-13\n  -1.40860056e-09  1.30486266e-12 -1.44619101e-12 -1.15065010e-09\n  -3.67036134e-12  2.79630150e-12  3.09104599e-16  7.78718391e-17\n  -1.20471871e-18]\n [-1.35016591e-18 -3.02884255e-11 -2.08081423e-11 -2.87269464e-11\n   1.18601833e-12 -3.66197762e-13  3.37693733e-17 -6.28679599e-19\n  -3.92556507e-18  3.99719188e-12  1.37039400e-12  4.55208654e-13\n   5.29467945e-13  2.92623676e-09 -3.72940665e-11 -4.15322443e-11\n   8.00260308e-12 -1.00663832e-13  5.92111348e-13  2.06417649e-09\n  -1.75266797e-11 -3.88688300e-11 -1.01857006e-12 -5.67675492e-13\n   3.14694311e-09 -1.97387263e-11 -1.89966255e-11 -3.48845600e-14\n  -1.42807383e-10 -6.01062296e-12  1.95482846e-11 -1.62869880e-11\n  -3.69264183e-12  3.93999948e-12  7.78718391e-17  7.22700298e-16\n  -2.32527163e-18]\n [-2.68849261e-21  3.45565691e-13  1.88818207e-13  1.70479931e-13\n   4.49742272e-14  1.55333701e-14  1.16600889e-18  1.05942427e-20\n   2.31881747e-20 -5.05145029e-14 -4.84085783e-14  1.05437899e-15\n  -7.63287286e-15 -3.36492833e-11  4.03517918e-13  5.09084314e-13\n  -4.94950484e-14 -1.41210256e-14 -7.71998256e-15 -1.73886146e-11\n   2.56392320e-13  3.50008422e-13 -3.32686232e-14 -1.22007261e-14\n  -1.84313390e-11  1.21585701e-13  2.42587795e-13  1.47055745e-15\n  -5.59420277e-12  1.92185103e-14 -2.04914058e-14 -1.58558667e-12\n   1.54643410e-14  1.01756466e-14 -1.20471871e-18 -2.32527163e-18\n   2.31400127e-20]]', 'hess_sum': '[[ 2.20481285e-11  4.24707416e-13  4.79716581e-12 -1.97421741e-12\n  -9.81792661e-13  7.57871796e-14  5.48567545e-10 -1.74760381e-12\n  -2.47508664e-12  4.25321525e-13  1.40199604e-12 -1.32134671e-13\n  -1.44463670e-13 -1.46667807e-10 -2.08051077e-12 -2.20630550e-12\n   9.35636813e-13 -5.68656852e-14 -1.87851448e-13 -3.19327215e-10\n  -2.94222830e-12 -9.68757775e-13  2.63265577e-13 -2.58506200e-13\n   1.73992483e-09  7.59520770e-12  7.26303137e-12  1.63662603e-14\n   2.49860316e-11  1.26423705e-13 -7.26514029e-14  1.03817716e-11\n  -5.14921771e-13 -4.88431595e-14 -4.60240974e-10  1.78808970e-11\n   1.33272995e-11]\n [ 4.24707416e-13 -1.67308131e-05 -1.71081665e-06 -2.73129701e-06\n   2.51368940e-07 -4.36391531e-07  5.55991071e-13 -1.97463559e-12\n  -1.21915227e-12  2.80412490e-06  2.26115348e-06 -8.36871578e-09\n  -2.20718568e-07  1.83497919e-03 -1.59174364e-05 -1.25985916e-05\n   1.61807910e-06 -3.76960058e-07 -2.21531659e-07  2.36284606e-04\n   3.11050006e-07  1.08080358e-06  2.89342294e-07 -7.52529834e-08\n   3.35941220e-04  8.08599277e-07 -1.54753420e-06  2.50419633e-08\n  -3.43001126e-05 -1.20671512e-08 -4.76791289e-07  5.43379418e-05\n  -2.52759005e-07 -5.75332039e-07  1.96053989e-10 -1.62246279e-11\n  -2.96018917e-12]\n [ 4.79716581e-12 -1.71081665e-06 -2.43715384e-05 -4.23168704e-06\n   7.91108119e-07 -7.85409971e-09 -3.31836053e-10 -5.38832723e-13\n  -4.17711731e-13 -8.94504146e-07  5.75558349e-07 -1.72460120e-07\n  -3.48536576e-07  2.36284608e-04  3.11049908e-07  1.08080332e-06\n   4.35504748e-06  2.51906880e-07 -4.23810918e-07  2.79686661e-03\n  -7.34107577e-06 -1.07623662e-05 -6.70596309e-07  3.92848636e-07\n   4.41272393e-04 -1.26269083e-07 -4.19161816e-07  5.00889753e-08\n  -1.15340169e-04 -7.47233916e-07 -4.06435048e-07  1.44549806e-05\n   4.04787272e-07 -3.42034276e-07 -3.32820467e-10 -3.06351285e-11\n  -2.78925801e-13]\n [-1.97421741e-12 -2.73129701e-06 -4.23168704e-06 -3.42726553e-05\n  -3.07718269e-07 -7.59840184e-07 -5.12050422e-10 -1.28986609e-12\n   8.05184301e-12  1.17098328e-07 -2.90396276e-06  4.80751924e-07\n  -5.51898855e-07  3.35941258e-04  8.08600360e-07 -1.54753496e-06\n   8.68918898e-06  4.62058940e-07  1.76359236e-08  4.41272320e-04\n  -1.26267850e-07 -4.19160718e-07  9.94061190e-07  2.61989587e-07\n   4.09361644e-03 -9.80840009e-06 -8.66158590e-06  1.01703481e-07\n   5.27318886e-05 -4.94108554e-08  5.71376876e-07  1.05241328e-04\n   4.96154034e-07  1.28975967e-07  6.31196824e-11  1.10778933e-10\n  -5.13517151e-12]\n [-9.81792661e-13  2.51368940e-07  7.91108119e-07 -3.07718269e-07\n  -3.77044194e-06 -4.80816175e-08  6.76120051e-11  4.74433638e-13\n   1.72381666e-13 -3.29571995e-07  1.33882315e-07 -5.39684548e-07\n  -6.18850409e-09 -3.43001096e-05 -1.20672683e-08 -4.76791377e-07\n  -6.29714496e-07  1.00822734e-06  4.67885145e-08 -1.15340158e-04\n  -7.47233930e-07 -4.06434990e-07  2.11185099e-06  8.76382176e-08\n   5.27319156e-05 -4.94110351e-08  5.71376790e-07 -7.49840818e-08\n   4.74570928e-04 -2.71851890e-07 -1.29072902e-06  4.30630989e-06\n  -1.51123355e-07 -1.14407670e-07 -7.02347994e-12 -1.03076717e-11\n   1.28011525e-13]\n [ 7.57871796e-14 -4.36391531e-07 -7.85409971e-09 -7.59840184e-07\n  -4.80816175e-08 -2.94789106e-06  1.33661075e-11 -2.91217598e-13\n  -6.35763047e-14 -2.49007856e-07 -8.25839226e-08  4.45931836e-09\n  -4.08338245e-07  5.43379468e-05 -2.52758925e-07 -5.75332095e-07\n   6.72742657e-07  4.58564800e-08  6.39530449e-07  1.44549487e-05\n   4.04787211e-07 -3.42034186e-07  1.08578921e-07  1.70449368e-06\n   1.05241311e-04  4.96153798e-07  1.28976242e-07  1.91682037e-07\n   4.30630290e-06 -1.51123361e-07 -1.14407670e-07  3.76734389e-04\n   2.29930657e-07 -9.32816967e-07 -3.31434845e-12 -1.44799941e-11\n   6.93463108e-14]\n [ 5.48567545e-10  5.55991071e-13 -3.31836053e-10 -5.12050422e-10\n   6.76120051e-11  1.33661075e-11 -2.50207115e-07 -1.63739329e-10\n  -7.45990324e-10  3.22902495e-11 -8.08714335e-11  6.59422559e-12\n   3.43758102e-12 -3.57769128e-08 -3.60908379e-11  1.64916646e-10\n  -4.32597818e-12  1.13629350e-11  3.62804264e-12  1.07158425e-07\n  -1.22685352e-10  1.33592841e-10  4.06165070e-11 -4.47312461e-12\n   4.01882736e-07 -2.12082309e-10 -2.45995902e-11  1.74963309e-12\n   7.39631709e-09 -2.16682244e-12  2.30492523e-11  2.27708702e-09\n   2.63013610e-13 -1.42857325e-11 -1.07628625e-07  1.26444097e-07\n  -1.39226275e-09]\n [-1.74760381e-12 -1.97463559e-12 -5.38832723e-13 -1.28986609e-12\n   4.74433638e-13 -2.91217598e-13 -1.63739329e-10  5.81791084e-12\n   4.80011599e-12  2.82302177e-13 -1.03717267e-12  2.01452171e-14\n  -1.83628599e-15 -1.02494243e-10  2.46222413e-12 -3.71451555e-12\n  -6.65922306e-13  6.06669887e-14 -4.43563148e-14  5.64349434e-11\n  -4.51997524e-13 -5.67342878e-13  3.46212539e-14 -2.84638447e-14\n  -5.07308505e-11  3.00607455e-12 -2.06014671e-12 -9.53485022e-15\n   4.21464552e-13  1.55140494e-13 -3.79231579e-13 -3.22662324e-12\n  -3.07206626e-13 -1.06418205e-13 -9.09952794e-10  1.87157614e-10\n   2.18829171e-11]\n [-2.47508664e-12 -1.21915227e-12 -4.17711731e-13  8.05184301e-12\n   1.72381666e-13 -6.35763047e-14 -7.45990324e-10  4.80011599e-12\n   2.81185881e-12  1.88482801e-13  7.59911411e-13 -1.06982261e-13\n   6.54173739e-14  9.84636752e-11 -1.76707752e-12 -1.41364540e-12\n   2.15118498e-13  1.16553144e-14  1.99121198e-14 -3.96699050e-10\n  -2.39581046e-13 -2.05176256e-12 -1.19841183e-13 -7.19425956e-14\n  -9.98054240e-11 -4.02945530e-12 -2.97155419e-12  9.22877903e-15\n  -2.24799917e-11  3.44020700e-13  2.66596978e-14 -5.29174302e-11\n  -1.15764432e-13  1.62611999e-13  1.66477251e-10 -6.69316224e-10\n  -8.13338198e-12]\n [ 4.25321525e-13  2.80412490e-06 -8.94504146e-07  1.17098328e-07\n  -3.29571995e-07 -2.49007856e-07  3.22902495e-11  2.82302177e-13\n   1.88482801e-13 -1.60095550e-06 -3.34796528e-07 -1.07712938e-07\n   4.27730823e-08 -3.32060343e-04  1.34472206e-06  6.60309622e-07\n  -3.19424645e-07  2.05112470e-07  8.38233531e-08  8.80369598e-05\n  -6.44274254e-07 -1.11532700e-06 -1.39628224e-07  1.19284693e-07\n  -1.34563757e-05 -5.26995781e-07  4.59796985e-07  1.30574645e-08\n   3.77017053e-05 -1.97106909e-07 -6.53594418e-08  2.74089058e-05\n  -6.57408905e-08 -7.48715816e-08 -3.39248183e-11 -4.18754989e-11\n   1.37856141e-13]\n [ 1.40199604e-12  2.26115348e-06  5.75558349e-07 -2.90396276e-06\n   1.33882315e-07 -8.25839226e-08 -8.08714335e-11 -1.03717267e-12\n   7.59911411e-13 -3.34796528e-07 -2.11761583e-06  1.23427741e-07\n   4.08494550e-08 -2.70981416e-04  1.42355784e-06  1.89098666e-06\n   9.08379373e-07  1.22953744e-08  2.78754225e-08 -7.87389230e-05\n   8.43263576e-08  1.35470117e-07  1.93558977e-08 -5.53680961e-08\n   3.62653843e-04  9.50865420e-08 -1.13657230e-06  1.26685377e-08\n  -1.66748479e-05 -1.38539961e-08  1.77552807e-07  8.52656237e-06\n   1.77458078e-08  1.06661460e-07  9.78874576e-11 -4.98083460e-11\n   5.24886866e-14]\n [-1.32134671e-13 -8.36871578e-09 -1.72460120e-07  4.80751924e-07\n  -5.39684548e-07  4.45931836e-09  6.59422559e-12  2.01452171e-14\n  -1.06982261e-13 -1.07712938e-07  1.23427741e-07 -1.81910383e-07\n   5.94878781e-09 -4.89169035e-06 -5.54580331e-07 -2.65522107e-07\n  -2.30545587e-07  1.11963435e-07  1.15413547e-08  1.84778332e-05\n  -1.10976641e-07 -1.04249225e-07  2.65780665e-07  1.33054458e-08\n  -5.82587323e-05  1.22933577e-07  1.35458853e-07 -1.16967866e-08\n   6.73866088e-05 -3.21483968e-08 -2.83446334e-07 -1.63242794e-06\n  -3.46668685e-08 -3.81770224e-08 -6.99976385e-12  3.60714798e-12\n  -6.61307811e-14]\n [-1.44463670e-13 -2.20718568e-07 -3.48536576e-07 -5.51898855e-07\n  -6.18850409e-09 -4.08338245e-07  3.43758102e-12 -1.83628599e-15\n   6.54173739e-14  4.27730823e-08  4.08494550e-08  5.94878781e-09\n  -1.15041130e-07  3.05644182e-05  7.83501189e-08 -7.08642259e-09\n   2.29224145e-07  1.29686778e-08  8.32712186e-08  4.06867356e-05\n  -7.22234907e-08 -1.77598350e-07  3.85334508e-08  2.11639344e-07\n   6.81236902e-05 -4.34823838e-08 -1.14306956e-07  3.01293399e-08\n  -2.30780027e-08 -2.99009002e-08 -3.47733838e-08  5.27487559e-05\n   3.62367392e-08 -1.46343301e-07 -4.56692063e-14 -4.29094892e-13\n  -2.74238819e-14]\n [-1.46667807e-10  1.83497919e-03  2.36284608e-04  3.35941258e-04\n  -3.43001096e-05  5.43379468e-05 -3.57769128e-08 -1.02494243e-10\n   9.84636752e-11 -3.32060343e-04 -2.70981416e-04 -4.89169035e-06\n   3.05644182e-05 -2.06629731e-01  1.39858967e-03  1.19138778e-03\n  -1.95934328e-04  4.61882058e-05  2.29449673e-05 -3.15938745e-02\n   7.34700019e-06 -7.74771132e-05 -3.75053083e-05  6.12370616e-06\n  -4.13391316e-02 -7.53597555e-05  2.11379598e-04 -3.50790416e-06\n   4.45655072e-03 -4.10916305e-06  4.89527901e-05 -6.98654148e-03\n   1.80255401e-05  6.11936794e-05  3.31598977e-09 -1.31244955e-10\n   1.58345776e-10]\n [-2.08051077e-12 -1.59174364e-05  3.11049908e-07  8.08600360e-07\n  -1.20672683e-08 -2.52758925e-07 -3.60908379e-11  2.46222413e-12\n  -1.76707752e-12  1.34472206e-06  1.42355784e-06 -5.54580331e-07\n   7.83501189e-08  1.39858967e-03 -4.28785661e-05 -2.46924781e-05\n   7.47605248e-08 -6.73279588e-08 -8.50977603e-08  7.34698047e-06\n   3.39455314e-06  3.23375107e-06 -3.56453942e-09 -6.80638459e-08\n  -7.53598397e-05  3.77005732e-06  1.40969564e-06 -5.26579512e-09\n  -4.10915674e-06  1.40200614e-07 -4.08708756e-07  1.80255414e-05\n  -9.91408597e-07 -6.78393793e-07  5.70504243e-11 -9.81877709e-11\n  -3.70891789e-12]\n [-2.20630550e-12 -1.25985916e-05  1.08080332e-06 -1.54753496e-06\n  -4.76791377e-07 -5.75332095e-07  1.64916646e-10 -3.71451555e-12\n  -1.41364540e-12  6.60309622e-07  1.89098666e-06 -2.65522107e-07\n  -7.08642259e-09  1.19138778e-03 -2.46924781e-05 -2.04457308e-05\n   8.47243106e-07  2.63961555e-08 -3.19964207e-08 -7.74770609e-05\n   3.23375084e-06  2.38886604e-06  1.86353984e-07  9.11976521e-08\n   2.11379586e-04  1.40969597e-06  2.50311891e-08  1.07674536e-08\n   4.89527997e-05 -4.08708883e-07 -7.51301198e-07  6.11936874e-05\n  -6.78393912e-07 -7.89582110e-07  1.03885281e-11  4.10627747e-10\n   2.12952698e-12]\n [ 9.35636813e-13  1.61807910e-06  4.35504748e-06  8.68918898e-06\n  -6.29714496e-07  6.72742657e-07 -4.32597818e-12 -6.65922306e-13\n   2.15118498e-13 -3.19424645e-07  9.08379373e-07 -2.30545587e-07\n   2.29224145e-07 -1.95934328e-04  7.47605248e-08  8.47243106e-07\n  -4.90488235e-06 -4.25417450e-08 -1.38089702e-09 -5.36730450e-04\n  -1.42998038e-06  1.28594160e-06  2.46999978e-08 -1.20187249e-07\n  -1.04747900e-03  1.28400903e-06  1.41311743e-06 -7.70223375e-08\n   7.68495784e-05  2.91889086e-07 -1.57543706e-07 -8.40308608e-05\n   6.71979406e-08  1.79518953e-07  2.11554215e-10  2.20929559e-10\n   2.22986086e-13]\n [-5.68656852e-14 -3.76960058e-07  2.51906880e-07  4.62058940e-07\n   1.00822734e-06  4.58564800e-08  1.13629350e-11  6.06669887e-14\n   1.16553144e-14  2.05112470e-07  1.22953744e-08  1.11963435e-07\n   1.29686778e-08  4.61882058e-05 -6.73279588e-08  2.63961555e-08\n  -4.25417450e-08 -3.78531572e-07  1.00344104e-10 -2.17590636e-05\n   2.08901269e-07  4.07113315e-07 -6.02814523e-07 -6.97649183e-08\n  -6.02341003e-05  1.67848773e-07 -1.30519695e-07  1.75818121e-08\n  -1.28151365e-04  7.46351459e-09  2.72843671e-07 -6.16320157e-06\n   3.50631565e-09  3.10845069e-08 -7.25295245e-12  4.63338102e-12\n  -9.07705659e-15]\n [-1.87851448e-13 -2.21531659e-07 -4.23810918e-07  1.76359236e-08\n   4.67885145e-08  6.39530449e-07  3.62804264e-12 -4.43563148e-14\n   1.99121198e-14  8.38233531e-08  2.78754225e-08  1.15413547e-08\n   8.32712186e-08  2.29449673e-05 -8.50977603e-08 -3.19964207e-08\n  -1.38089702e-09  1.00344104e-10 -2.36682725e-07  5.19601958e-05\n   1.06603943e-07  3.17771944e-07 -4.48189006e-08 -3.69459896e-07\n  -1.13664632e-06  1.72628314e-07  3.80490589e-08 -4.11494997e-08\n  -6.12286151e-06  5.71975938e-09  3.64958653e-08 -8.14338769e-05\n  -1.48770779e-08  2.07658983e-07  4.78245577e-12 -4.38148986e-12\n   8.33456303e-15]\n [-3.19327215e-10  2.36284606e-04  2.79686661e-03  4.41272320e-04\n  -1.15340158e-04  1.44549487e-05  1.07158425e-07  5.64349434e-11\n  -3.96699050e-10  8.80369598e-05 -7.87389230e-05  1.84778332e-05\n   4.06867356e-05 -3.15938745e-02  7.34698047e-06 -7.74770609e-05\n  -5.36730450e-04 -2.17590636e-05  5.19601958e-05 -3.24850549e-01\n   6.53340378e-04  1.09325922e-03  8.51177924e-05 -4.88192929e-05\n  -4.51987518e-02 -2.99832499e-06  1.74099017e-05 -6.90135340e-06\n   1.61271956e-02  7.40857009e-05  3.42778767e-05 -3.45252615e-03\n  -5.26560487e-05  3.74905469e-05  2.22759566e-08 -1.31785347e-09\n   9.92346698e-11]\n [-2.94222830e-12  3.11050006e-07 -7.34107577e-06 -1.26267850e-07\n  -7.47233930e-07  4.04787211e-07 -1.22685352e-10 -4.51997524e-13\n  -2.39581046e-13 -6.44274254e-07  8.43263576e-08 -1.10976641e-07\n  -7.22234907e-08  7.34700019e-06  3.39455314e-06  3.23375084e-06\n  -1.42998038e-06  2.08901269e-07  1.06603943e-07  6.53340378e-04\n  -1.90585109e-05 -1.20486000e-05  1.21095250e-07  3.70064471e-08\n  -2.99832519e-06 -1.88069160e-06 -1.35517675e-06 -2.88957575e-08\n   7.40857039e-05 -5.95761637e-07 -9.41812197e-07 -5.26560490e-05\n  -6.82518455e-07 -3.85559096e-07 -4.72151726e-10  1.91457177e-10\n  -5.68630790e-13]\n [-9.68757775e-13  1.08080358e-06 -1.07623662e-05 -4.19160718e-07\n  -4.06434990e-07 -3.42034186e-07  1.33592841e-10 -5.67342878e-13\n  -2.05176256e-12 -1.11532700e-06  1.35470117e-07 -1.04249225e-07\n  -1.77598350e-07 -7.74771132e-05  3.23375107e-06  2.38886604e-06\n   1.28594160e-06  4.07113315e-07  3.17771944e-07  1.09325922e-03\n  -1.20486000e-05 -1.54430752e-05 -1.56344860e-08  2.02228619e-07\n   1.74096679e-05 -1.35517663e-06 -3.44275253e-07  3.57203454e-08\n   3.42778718e-05 -9.41812159e-07 -5.85740990e-07  3.74905554e-05\n  -3.85559100e-07 -4.94509640e-07 -9.68514079e-12 -1.72991068e-10\n   2.78823419e-13]\n [ 2.63265577e-13  2.89342294e-07 -6.70596309e-07  9.94061190e-07\n   2.11185099e-06  1.08578921e-07  4.06165070e-11  3.46212539e-14\n  -1.19841183e-13 -1.39628224e-07  1.93558977e-08  2.65780665e-07\n   3.85334508e-08 -3.75053083e-05 -3.56453942e-09  1.86353984e-07\n   2.46999978e-08 -6.02814523e-07 -4.48189006e-08  8.51177924e-05\n   1.21095250e-07 -1.56344860e-08 -1.54238516e-06 -6.14363366e-08\n  -1.28160383e-04 -1.11576771e-08  3.11620406e-07  4.06321606e-08\n  -2.74483936e-04 -2.52720808e-07  6.73515507e-07 -1.36470165e-05\n   1.96868153e-08  4.56432810e-08 -2.53904808e-11  3.17604281e-11\n   1.05800708e-13]\n [-2.58506200e-13 -7.52529834e-08  3.92848636e-07  2.61989587e-07\n   8.76382176e-08  1.70449368e-06 -4.47312461e-12 -2.84638447e-14\n  -7.19425956e-14  1.19284693e-07 -5.53680961e-08  1.33054458e-08\n   2.11639344e-07  6.12370616e-06 -6.80638459e-08  9.11976521e-08\n  -1.20187249e-07 -6.97649183e-08 -3.69459896e-07 -4.88192929e-05\n   3.70064471e-08  2.02228619e-07 -6.14363366e-08 -1.29829835e-06\n  -3.36921501e-05  4.48579165e-08  3.26903138e-08 -1.07406856e-07\n  -1.05116840e-05  4.24796307e-08  3.15708033e-08 -2.24198309e-04\n  -3.66112802e-07  5.49962187e-07 -1.66396666e-11  9.63076201e-12\n  -8.74247128e-14]\n [ 1.73992483e-09  3.35941220e-04  4.41272393e-04  4.09361644e-03\n   5.27319156e-05  1.05241311e-04  4.01882736e-07 -5.07308505e-11\n  -9.98054240e-11 -1.34563757e-05  3.62653843e-04 -5.82587323e-05\n   6.81236902e-05 -4.13391316e-02 -7.53598397e-05  2.11379586e-04\n  -1.04747900e-03 -6.02341003e-05 -1.13664632e-06 -4.51987518e-02\n  -2.99832519e-06  1.74096679e-05 -1.28160383e-04 -3.36921501e-05\n  -4.93182326e-01  9.75391694e-04  1.03192576e-03 -1.27781093e-05\n  -8.04513791e-03  2.02480347e-05 -6.12290384e-05 -1.41319094e-02\n  -4.00611095e-05 -2.95143238e-06  1.05063849e-07 -1.22944379e-08\n   1.70504132e-10]\n [ 7.59520770e-12  8.08599277e-07 -1.26269083e-07 -9.80840009e-06\n  -4.94110351e-08  