{'theta_hat': '[-1.65474022e-11  2.30819940e-05 -3.80207406e-12  3.87617148e-12\n  6.67562765e-12  3.51443751e-12  1.09216578e-06  1.28614067e-12\n -1.60836531e-11  2.56032178e-06 -2.61021758e-06 -4.49537181e-06\n -2.36662114e-06 -1.52346349e+00 -1.79403932e-06  2.24351084e-05\n  5.03891050e-12  8.24303636e-12 -3.70976623e-12  2.50945443e-07\n  2.95514823e-13 -3.69551841e-12 -8.45962109e-13 -7.64011527e-12\n -2.55836013e-07 -3.01274026e-13  3.76753978e-12  3.92120343e-12\n -4.40606408e-07 -5.18860681e-13  6.48853912e-12 -2.31960773e-07\n -2.73158339e-13  3.41594350e-12 -8.48881803e-08  1.06155719e-06\n  1.25009589e-12]', 'theta_bar': '[ 3.91836168e-13  7.65201989e-06  4.33813084e-20 -1.54512860e-20\n  2.12808711e-20  6.89112862e-20 -2.58620689e-08 -3.04553212e-14\n  3.80854761e-13  8.47176960e-13 -3.01742281e-13  4.15586000e-13\n  1.34574229e-12 -5.05050505e-01 -5.94750337e-07  7.43756793e-06\n -1.71065611e-27  2.35606616e-27  7.62936565e-27 -2.86326397e-15\n -3.37179603e-21  4.21655219e-20 -8.39169113e-28 -2.71738054e-27\n  1.01981965e-15  1.20094547e-21 -1.50182565e-20  3.74261569e-27\n -1.40458533e-15 -1.65404790e-21  2.06844616e-20 -4.54829998e-15\n -5.35610421e-21  6.69800101e-20  2.01011979e-09 -2.51372705e-08\n -2.96017960e-14]', 'grad_op_sum': '[[ 3.61303064e-22 -5.03982140e-16  8.30161127e-23 -8.46339875e-23\n  -1.45758512e-22 -7.67357332e-23 -2.38468153e-17 -2.80821461e-23\n   3.51177367e-22 -5.59031618e-17  5.69926081e-17  9.81538727e-17\n   5.16738191e-17  3.32639540e-11  3.91718226e-17 -4.89857761e-16\n  -1.10021729e-22 -1.79981985e-22  8.10006240e-23 -5.47925024e-18\n  -6.45239715e-24  8.06895311e-23  1.84710988e-23  1.66817548e-22\n   5.58603305e-18  6.57814606e-24 -8.22620764e-23 -8.56172343e-23\n   9.62038895e-18  1.13290262e-23 -1.41673541e-22  5.06473082e-18\n   5.96425611e-24 -7.45851727e-23  1.85348487e-18 -2.31784941e-17\n  -2.72951289e-23]\n [-5.03982140e-16  7.03005378e-10 -1.15799289e-16  1.18056065e-16\n   2.03318748e-16  1.07038780e-16  3.32639553e-11  3.91718241e-17\n  -4.89857791e-16  7.79793971e-11 -7.94990672e-11 -1.36914972e-10\n  -7.20798811e-11 -4.63999350e-05 -5.46408291e-11  6.83303263e-10\n   1.53469461e-16  2.51057118e-16 -1.12987882e-16  7.64301367e-12\n   9.00045764e-18 -1.12553938e-16 -2.57653611e-17 -2.32694026e-16\n  -7.79196516e-12 -9.17586496e-18  1.14747483e-16  1.19427598e-16\n  -1.34194937e-11 -1.58028743e-17  1.97620617e-16 -7.06479997e-12\n  -8.31954903e-18  1.04038960e-16 -2.58542859e-12  3.23317132e-11\n   3.80740128e-17]\n [ 8.30161127e-23 -1.15799289e-16  1.90744991e-23 -1.94462360e-23\n  -3.34907347e-23 -1.76314649e-23 -5.47925025e-18 -6.45239644e-24\n   8.06895451e-23 -1.28447933e-17  1.30951139e-17  2.25526816e-17\n   1.18730230e-17  7.64301338e-12  9.00045631e-18 -1.12553950e-16\n  -2.52795428e-23 -4.13542154e-23  1.86114030e-23 -1.25895986e-18\n  -1.48255850e-24  1.85399236e-23  4.24407921e-24  3.83294406e-23\n   1.28349520e-18  1.51145166e-24 -1.89012452e-23 -1.96721553e-23\n   2.21046366e-18  2.60305492e-24 -3.25521365e-23  1.16371630e-18\n   1.37039900e-24 -1.71373335e-23  4.25872693e-19 -5.32569100e-18\n  -6.27156458e-24]\n [-8.46339875e-23  1.18056065e-16 -1.94462360e-23  1.98252175e-23\n   3.41434250e-23  1.79750789e-23  5.58603362e-18  6.57814516e-24\n  -8.22620782e-23  1.30951214e-17 -1.33503204e-17 -2.29922037e-17\n  -1.21044126e-17 -7.79196565e-12 -9.17586336e-18  1.14747479e-16\n   2.57722078e-23  4.21601546e-23 -1.89741147e-23  1.28349533e-18\n   1.51145162e-24 -1.89012423e-23 -4.32679073e-24 -3.90764309e-23\n  -1.30850883e-18 -1.54090786e-24  1.92696056e-23  2.00555397e-23\n  -2.25354269e-18 -2.65378504e-24  3.31865348e-23 -1.18639560e-18\n  -1.39710627e-24  1.74713176e-23 -4.34172391e-19  5.42948171e-18\n   6.39378912e-24]\n [-1.45758512e-22  2.03318748e-16 -3.34907347e-23  3.41434250e-23\n   5.88025564e-23  3.09570757e-23  9.62038979e-18  1.13290261e-23\n  -1.41673558e-22  2.25527057e-17 -2.29922151e-17 -3.95976781e-17\n  -2.08464852e-17 -1.34194944e-11 -1.58028734e-17  1.97620628e-16\n   4.43854623e-23  7.26091443e-23 -3.26776371e-23  2.21046385e-18\n   2.60305517e-24 -3.25521346e-23 -7.45169402e-24 -6.72982876e-23\n  -2.25354265e-18 -2.65378536e-24  3.31865380e-23  3.45400909e-23\n  -3.88110071e-18 -4.57040687e-24  5.71545790e-23 -2.04323656e-18\n  -2.40612710e-24  3.00894868e-23 -7.47741228e-19  9.35077265e-18\n   1.10115240e-23]\n [-7.67357332e-23  1.07038780e-16 -1.76314649e-23  1.79750789e-23\n   3.09570757e-23  1.62975998e-23  5.06473107e-18  5.96425629e-24\n  -7.45851764e-23  1.18730521e-17 -1.21044353e-17 -2.08465140e-17\n  -1.09747987e-17 -7.06480003e-12 -8.31954896e-18  1.04038959e-16\n   2.33670813e-23  3.82256641e-23 -1.72034032e-23  1.16371635e-18\n   1.37039919e-24 -1.71373314e-23 -3.92300386e-24 -3.54297212e-23\n  -1.18639553e-18 -1.39710650e-24  1.74713181e-23  1.81839068e-23\n  -2.04323648e-18 -2.40612722e-24  3.00894848e-23 -1.07567821e-18\n  -1.26672484e-24  1.58408508e-23 -3.93654344e-19  4.92278897e-18\n   5.79710481e-24]\n [-2.38468153e-17  3.32639553e-11 -5.47925025e-18  5.58603362e-18\n   9.62038979e-18  5.06473107e-18  1.57394347e-12  1.85348484e-18\n  -2.31784965e-17  3.68973447e-12 -3.76164038e-12 -6.47837647e-12\n  -3.41058834e-12 -2.19549581e-06 -2.58542844e-12  3.23317146e-11\n   7.26168171e-18  1.18792160e-17 -5.34622346e-18  3.61642845e-13\n   4.25872732e-19 -5.32569062e-18 -1.21913409e-18 -1.10103335e-17\n  -3.68690751e-13 -4.34172442e-19  5.42948216e-18  5.65093013e-18\n  -6.34967319e-13 -7.47741226e-19  9.35077251e-18 -3.34283631e-13\n  -3.93654324e-19  4.92278924e-18 -1.22334172e-13  1.52983277e-12\n   1.80153993e-18]\n [-2.80821461e-23  3.91718241e-17 -6.45239644e-24  6.57814516e-24\n   1.13290261e-23  5.96425629e-24  1.85348484e-18  2.18267435e-24\n  -2.72951301e-23  4.34505243e-18 -4.42972924e-18 -7.62897320e-18\n  -4.01632834e-18 -2.58542843e-12 -3.04461533e-18  3.80740121e-17\n   8.55139793e-24  1.39890328e-23 -6.29574333e-24  4.25872684e-19\n   5.01510166e-25 -6.27156375e-24 -1.43565928e-24 -1.29658318e-23\n  -4.34172338e-19 -5.11283952e-25  6.39378926e-24  6.65456765e-24\n  -7.47741148e-19 -8.80544346e-25  1.10115232e-23 -3.93654317e-19\n  -4.63569585e-25  5.79710477e-24 -1.44061421e-19  1.80153982e-18\n   2.12150373e-24]\n [ 3.51177367e-22 -4.89857791e-16  8.06895451e-23 -8.22620782e-23\n  -1.41673558e-22 -7.45851764e-23 -2.31784965e-17 -2.72951301e-23\n   3.41335448e-22 -5.43364481e-17  5.53953621e-17  9.54030620e-17\n   5.02256348e-17  3.23317152e-11  3.80740130e-17 -4.76129256e-16\n  -1.06938316e-22 -1.74937901e-22  7.87305415e-23 -5.32569154e-18\n  -6.27156554e-24  7.84281671e-23  1.79534372e-23  1.62142403e-22\n   5.42948171e-18  6.39379026e-24 -7.99566411e-23 -8.32177690e-23\n   9.35077280e-18  1.10115247e-23 -1.37703070e-22  4.92278924e-18\n   5.79710488e-24 -7.24948864e-23  1.80154004e-18 -2.25289054e-17\n  -2.65301695e-23]\n [-5.59031618e-17  7.79793971e-11 -1.28447933e-17  1.30951214e-17\n   2.25527057e-17  1.18730521e-17  3.68973447e-12  4.34505243e-18\n  -5.43364481e-17  8.64970106e-12 -8.81826729e-12 -1.51870061e-11\n  -7.99530963e-12 -5.14681547e-06 -6.06091936e-12  7.57939813e-11\n   1.70232781e-17  2.78479842e-17 -1.25329438e-17  8.47785261e-13\n   9.98356886e-19 -1.24848094e-17 -2.85796864e-18 -2.58110968e-17\n  -8.64307392e-13 -1.01781357e-18  1.27281239e-17  1.32472558e-17\n  -1.48852920e-12 -1.75290068e-18  2.19206524e-17 -7.83648119e-13\n  -9.22828526e-19  1.15403034e-17 -2.86783243e-13  3.58632747e-12\n   4.22328001e-18]\n [ 5.69926081e-17 -7.94990672e-11  1.30951139e-17 -1.33503204e-17\n  -2.29922151e-17 -1.21044353e-17 -3.76164038e-12 -4.42972924e-18\n   5.53953621e-17 -8.81826729e-12  8.99011855e-12  1.54829719e-11\n   8.15112301e-12  5.24711712e-06  6.17903516e-12 -7.72710618e-11\n  -1.73550294e-17 -2.83906885e-17  1.27771870e-17 -8.64306983e-13\n  -1.01781296e-18  1.27281146e-17  2.91366502e-18  2.63141060e-17\n   8.81151100e-13  1.03764883e-18 -1.29761708e-17 -1.35054196e-17\n   1.51753780e-12  1.78706138e-18 -2.23478442e-17  7.98919930e-13\n   9.40812699e-19 -1.17652020e-17  2.92372103e-13 -3.65621818e-12\n  -4.30558371e-18]\n [ 9.81538727e-17 -1.36914972e-10  2.25526816e-17 -2.29922037e-17\n  -3.95976781e-17 -2.08465140e-17 -6.47837647e-12 -7.62897320e-18\n   9.54030620e-17 -1.51870061e-11  1.54829719e-11  2.66651011e-11\n   1.40380361e-11  9.03669586e-06  1.06416648e-11 -1.33077854e-10\n  -2.98891980e-17 -4.88950430e-17  2.20051412e-17 -1.48852773e-12\n  -1.75289897e-18  2.19206277e-17  5.01797539e-18  4.53187088e-17\n   1.51753702e-12  1.78706071e-18 -2.23478353e-17 -2.32593187e-17\n   2.61353563e-12  3.07771483e-18 -3.84879291e-17  1.37591677e-12\n   1.62028749e-18 -2.02622792e-17  5.03529408e-13 -6.29681612e-12\n  -7.41516715e-18]\n [ 5.16738191e-17 -7.20798811e-11  1.18730230e-17 -1.21044126e-17\n  -2.08464852e-17 -1.09747987e-17 -3.41058834e-12 -4.01632834e-18\n   5.02256348e-17 -7.99530963e-12  8.15112301e-12  1.40380361e-11\n   7.39042605e-12  4.75743416e-06  5.60238170e-12 -7.00598025e-11\n  -1.57353853e-17 -2.57411504e-17  1.15847664e-17 -7.83646234e-13\n  -9.22826392e-19  1.15402736e-17  2.64174959e-18  2.38583633e-17\n   7.98918387e-13  9.40811089e-19 -1.17651802e-17 -1.22450372e-17\n   1.37591481e-12  1.62028533e-18 -2.02622498e-17  7.24361375e-13\n   8.53012116e-19 -1.06672240e-17  2.65086714e-13 -3.31500458e-12\n  -3.90376859e-18]\n [ 3.32639540e-11 -4.63999350e-05  7.64301338e-12 -7.79196565e-12\n  -1.34194944e-11 -7.06480003e-12 -2.19549581e-06 -2.58542843e-12\n   3.23317152e-11 -5.14681547e-06  5.24711712e-06  9.03669586e-06\n   4.75743416e-06  3.06250000e+00  3.60641753e-06 -4.50995512e-05\n  -1.01293294e-11 -1.65703340e-11  7.45745413e-12 -5.04456081e-07\n  -5.94050434e-13  7.42881286e-12  1.70057174e-12  1.53583287e-11\n   5.14287214e-07  6.05627711e-13 -7.57359180e-12 -7.88248987e-12\n   8.85716749e-07  1.04302522e-12 -1.30434049e-11  4.66292677e-07\n   5.49108935e-13 -6.86680518e-12  1.70644098e-07 -2.13396574e-06\n  -2.51297042e-12]\n [ 3.91718226e-17 -5.46408291e-11  9.00045631e-18 -9.17586336e-18\n  -1.58028734e-17 -8.31954896e-18 -2.58542844e-12 -3.04461533e-18\n   3.80740130e-17 -6.06091936e-12  6.17903516e-12  1.06416648e-11\n   5.60238170e-12  3.60641753e-06  4.24693793e-12 -5.31094896e-11\n  -1.19283562e-17 -1.95133202e-17  8.78194068e-18 -5.94050369e-13\n  -6.99557192e-19  8.74821255e-18  2.00260302e-18  1.80860558e-17\n   6.05627567e-13  7.13190659e-19 -8.91870506e-18 -9.28246519e-18\n   1.04302511e-12  1.22827247e-18 -1.53599883e-17  5.49108926e-13\n   6.46633825e-19 -8.08638909e-18  2.00951467e-13 -2.51297027e-12\n  -2.95928835e-18]\n [-4.89857761e-16  6.83303263e-10 -1.12553950e-16  1.14747479e-16\n   1.97620628e-16  1.04038959e-16  3.23317146e-11  3.80740121e-17\n  -4.76129256e-16  7.57939813e-11 -7.72710618e-11 -1.33077854e-10\n  -7.00598025e-11 -4.50995512e-05 -5.31094896e-11  6.64153311e-10\n   1.49168394e-16  2.44021103e-16 -1.09821334e-16  7.42881398e-12\n   8.74821483e-18 -1.09399551e-16 -2.50432726e-17 -2.26172647e-16\n  -7.57359102e-12 -8.91870626e-18  1.11531622e-16  1.16080573e-16\n  -1.30434050e-11 -1.53599900e-17  1.92082190e-16 -6.86680504e-12\n  -8.08638906e-18  1.01123210e-16 -2.51297052e-12  3.14255991e-11\n   3.70069675e-17]\n [-1.10021729e-22  1.53469461e-16 -2.52795428e-23  2.57722078e-23\n   4.43854623e-23  2.33670813e-23  7.26168171e-18  8.55139793e-24\n  -1.06938316e-22  1.70232781e-17 -1.73550294e-17 -2.98891980e-17\n  -1.57353853e-17 -1.01293294e-11 -1.19283562e-17  1.49168394e-16\n   3.35031227e-23  5.48069783e-23 -2.46657989e-23  1.66850671e-18\n   1.96484327e-24 -2.45710668e-23 -5.62470247e-24 -5.07982269e-23\n  -1.70102353e-18 -2.00313553e-24  2.50499284e-23  2.60716199e-23\n  -2.92954014e-18 -3.44984358e-24  4.31415327e-23 -1.54227987e-18\n  -1.81619763e-24  2.27122061e-23 -5.64411517e-19  7.05816876e-18\n   8.31174042e-24]\n [-1.79981985e-22  2.51057118e-16 -4.13542154e-23  4.21601546e-23\n   7.26091443e-23  3.82256641e-23  1.18792160e-17  1.39890328e-23\n  -1.74937901e-22  2.78479842e-17 -2.83906885e-17 -4.88950430e-17\n  -2.57411504e-17 -1.65703340e-11 -1.95133202e-17  2.44021103e-16\n   5.48069783e-23  8.96574597e-23 -4.03502061e-23  2.72947127e-18\n   3.21424135e-24 -4.01952361e-23 -9.20131979e-24 -8.30996366e-23\n  -2.78266479e-18 -3.27688277e-24  4.09785946e-23  4.26499560e-23\n  -4.79236649e-18 -5.64351879e-24  7.05742289e-23 -2.52297973e-18\n  -2.97107542e-24  3.71543692e-23 -9.23307658e-19  1.15462939e-17\n   1.35969826e-23]\n [ 8.10006240e-23 -1.12987882e-16  1.86114030e-23 -1.89741147e-23\n  -3.26776371e-23 -1.72034032e-23 -5.34622346e-18 -6.29574333e-24\n   7.87305415e-23 -1.25329438e-17  1.27771870e-17  2.20051412e-17\n   1.15847664e-17  7.45745413e-12  8.78194068e-18 -1.09821334e-16\n  -2.46657989e-23 -4.03502061e-23  1.81595501e-23 -1.22839448e-18\n  -1.44656453e-24  1.80898061e-23  4.14104026e-24  3.73988676e-23\n   1.25233414e-18  1.47475620e-24 -1.84423554e-23 -1.91945491e-23\n   2.15679740e-18  2.53985722e-24 -3.17618265e-23  1.13546327e-18\n   1.33712806e-24 -1.67212685e-23  4.15533235e-19 -5.19639237e-18\n  -6.11930176e-24]\n [-5.47925024e-18  7.64301367e-12 -1.25895986e-18  1.28349533e-18\n   2.21046385e-18  1.16371635e-18  3.61642845e-13  4.25872684e-19\n  -5.32569154e-18  8.47785261e-13 -8.64306983e-13 -1.48852773e-12\n  -7.83646234e-13 -5.04456081e-07 -5.94050369e-13  7.42881398e-12\n   1.66850671e-18  2.72947127e-18 -1.22839448e-18  8.30941836e-14\n   9.78521971e-20 -1.22367667e-18 -2.80118778e-19 -2.52982933e-18\n  -8.47135713e-14 -9.97592102e-20  1.24752471e-18  1.29840651e-18\n  -1.45895575e-13 -1.71807482e-19  2.14851425e-18 -7.68078943e-14\n  -9.04494175e-20  1.13110257e-18 -2.81085560e-14  3.51507590e-13\n   4.13937374e-19]\n [-6.45239715e-24  9.00045764e-18 -1.48255850e-24  1.51145162e-24\n   2.60305517e-24  1.37039919e-24  4.25872732e-19  5.01510166e-25\n  -6.27156554e-24  9.98356886e-19 -1.01781296e-18 -1.75289897e-18\n  -9.22826392e-19 -5.94050434e-13 -6.99557192e-19  8.74821483e-18\n   1.96484327e-24  3.21424135e-24 -1.44656453e-24  9.78521971e-20\n   1.15231320e-25 -1.44100882e-24 -3.29869513e-25 -2.97914182e-24\n  -9.97591975e-20 -1.17477030e-25  1.46909241e-24  1.52901111e-24\n  -1.71807484e-19 -2.02321497e-25  2.53010296e-24 -9.04494260e-20\n  -1.06513764e-25  1.33199301e-24 -3.31008001e-20  4.13937396e-19\n   4.87455075e-25]\n [ 8.06895311e-23 -1.12553938e-16  1.85399236e-23 -1.89012423e-23\n  -3.25521346e-23 -1.71373314e-23 -5.32569062e-18 -6.27156375e-24\n   7.84281671e-23 -1.24848094e-17  1.27281146e-17  2.19206277e-17\n   1.15402736e-17  7.42881286e-12  8.74821255e-18 -1.09399551e-16\n  -2.45710668e-23 -4.01952361e-23  1.80898061e-23 -1.22367667e-18\n  -1.44100882e-24  1.80203299e-23  4.12513608e-24  3.72552326e-23\n   1.24752440e-18  1.46909222e-24 -1.83715253e-23 -1.91208301e-23\n   2.14851395e-18  2.53010258e-24 -3.16398413e-23  1.13110238e-18\n   1.33199266e-24 -1.66570484e-23  4.13937328e-19 -5.17643498e-18\n  -6.09579982e-24]\n [ 1.84710988e-23 -2.57653611e-17  4.24407921e-24 -4.32679073e-24\n  -7.45169402e-24 -3.92300386e-24 -1.21913409e-18 -1.43565928e-24\n   1.79534372e-23 -2.85796864e-18  2.91366502e-18  5.01797539e-18\n   2.64174959e-18  1.70057174e-12  2.00260302e-18 -2.50432726e-17\n  -5.62470247e-24 -9.20131979e-24  4.14104026e-24 -2.80118778e-19\n  -3.29869513e-25  4.12513608e-24  9.44308329e-25  8.52830689e-24\n   2.85577895e-19  3.36298244e-25 -4.20553019e-24 -4.37705781e-24\n   4.91828531e-19  5.79180152e-25 -7.24285577e-24  2.58927070e-19\n   3.04914005e-25 -3.81305955e-24  9.47567449e-20 -1.18496713e-18\n  -1.39542416e-24]\n [ 1.66817548e-22 -2.32694026e-16  3.83294406e-23 -3.90764309e-23\n  -6.72982876e-23 -3.54297212e-23 -1.10103335e-17 -1.29658318e-23\n   1.62142403e-22 -2.58110968e-17  2.63141060e-17  4.53187088e-17\n   2.38583633e-17  1.53583287e-11  1.80860558e-17 -2.26172647e-16\n  -5.07982269e-23 -8.30996366e-23  3.73988676e-23 -2.52982933e-18\n  -2.97914182e-24  3.72552326e-23  8.52830689e-24  7.70214730e-23\n   2.57913211e-18  3.03720146e-24 -3.79812939e-23 -3.95304067e-23\n   4.44183803e-18  5.23073442e-24 -6.54122122e-23  2.33844121e-18\n   2.75376180e-24 -3.44367841e-23  8.55774089e-19 -1.07017624e-17\n  -1.26024574e-23]\n [ 5.58603305e-18 -7.79196516e-12  1.28349520e-18 -1.30850883e-18\n  -2.25354265e-18 -1.18639553e-18 -3.68690751e-13 -4.34172338e-19\n   5.42948171e-18 -8.64307392e-13  8.81151100e-13  1.51753702e-12\n   7.98918387e-13  5.14287214e-07  6.05627567e-13 -7.57359102e-12\n  -1.70102353e-18 -2.78266479e-18  1.25233414e-18 -8.47135713e-14\n  -9.97591975e-20  1.24752440e-18  2.85577895e-19  2.57913211e-18\n   8.63645186e-14  1.01703376e-19 -1.27183720e-18 -1.32371061e-18\n   1.48738873e-13  1.75155766e-19 -2.19038575e-18  7.83047711e-14\n   9.22121483e-20 -1.15314616e-18  2.86563519e-14 -3.58357974e-13\n  -4.22004426e-19]\n [ 6.57814606e-24 -9.17586496e-18  1.51145166e-24 -1.54090786e-24\n  -2.65378536e-24 -1.39710650e-24 -4.34172442e-19 -5.11283952e-25\n   6.39379026e-24 -1.01781357e-18  1.03764883e-18  1.78706071e-18\n   9.40811089e-19  6.05627711e-13  7.13190659e-19 -8.91870626e-18\n  -2.00313553e-24 -3.27688277e-24  1.47475620e-24 -9.97592102e-20\n  -1.17477030e-25  1.46909222e-24  3.36298244e-25  3.03720146e-24\n   1.01703376e-19  1.19766506e-25 -1.49772312e-24 -1.55880957e-24\n   1.75155790e-19  2.06264482e-25 -2.57941141e-24  9.22121687e-20\n   1.08589579e-25 -1.35795184e-24  3.37458920e-20 -4.22004502e-19\n  -4.96954946e-25]\n [-8.22620764e-23  1.14747483e-16 -1.89012452e-23  1.92696056e-23\n   3.31865380e-23  1.74713181e-23  5.42948216e-18  6.39378926e-24\n  -7.99566411e-23  1.27281239e-17 -1.29761708e-17 -2.23478353e-17\n  -1.17651802e-17 -7.57359180e-12 -8.91870506e-18  1.11531622e-16\n   2.50499284e-23  4.09785946e-23 -1.84423554e-23  1.24752471e-18\n   1.46909241e-24 -1.83715253e-23 -4.20553019e-24 -3.79812939e-23\n  -1.27183720e-18 -1.49772312e-24  1.87295650e-23  1.94934729e-23\n  -2.19038599e-18 -2.57941135e-24  3.22564651e-23 -1.15314625e-18\n  -1.35795165e-24  1.69816749e-23 -4.22004487e-19  5.27731769e-18\n   6.21459989e-24]\n [-8.56172343e-23  1.19427598e-16 -1.96721553e-23  2.00555397e-23\n   3.45400909e-23  1.81839068e-23  5.65093013e-18  6.65456765e-24\n  -8.32177690e-23  1.32472558e-17 -1.35054196e-17 -2.32593187e-17\n  -1.22450372e-17 -7.88248987e-12 -9.28246519e-18  1.16080573e-16\n   2.60716199e-23  4.26499560e-23 -1.91945491e-23  1.29840651e-18\n   1.52901111e-24 -1.91208301e-23 -4.37705781e-24 -3.95304067e-23\n  -1.32371061e-18 -1.55880957e-24  1.94934729e-23  2.02885376e-23\n  -2.27972353e-18 -2.68461575e-24  3.35720839e-23 -1.20017871e-18\n  -1.41333734e-24  1.76742930e-23 -4.39216448e-19  5.49255945e-18\n   6.46806983e-24]\n [ 9.62038895e-18 -1.34194937e-11  2.21046366e-18 -2.25354269e-18\n  -3.88110071e-18 -2.04323648e-18 -6.34967319e-13 -7.47741148e-19\n   9.35077280e-18 -1.48852920e-12  1.51753780e-12  2.61353563e-12\n   1.37591481e-12  8.85716749e-07  1.04302511e-12 -1.30434050e-11\n  -2.92954014e-18 -4.79236649e-18  2.15679740e-18 -1.45895575e-13\n  -1.71807484e-19  2.14851395e-18  4.91828531e-19  4.44183803e-18\n   1.48738873e-13  1.75155790e-19 -2.19038599e-18 -2.27972353e-18\n   2.56161358e-13  3.01657112e-19 -3.77233050e-18  1.34858199e-13\n   1.58809789e-19 -1.98597367e-18  4.93525994e-14 -6.17171983e-13\n  -7.26785302e-19]\n [ 1.13290262e-23 -1.58028743e-17  2.60305492e-24 -2.65378504e-24\n  -4.57040687e-24 -2.40612722e-24 -7.47741226e-19 -8.80544346e-25\n   1.10115247e-23 -1.75290068e-18  1.78706138e-18  3.07771483e-18\n   1.62028533e-18  1.04302522e-12  1.22827247e-18 -1.53599900e-17\n  -3.44984358e-24 -5.64351879e-24  2.53985722e-24 -1.71807482e-19\n  -2.02321497e-25  2.53010258e-24  5.79180152e-25  5.23073442e-24\n   1.75155766e-19  2.06264482e-25 -2.57941135e-24 -2.68461575e-24\n   3.01657112e-19  3.55233178e-25 -4.44231844e-24  1.58809803e-19\n   1.87015336e-25 -2.33869420e-24  5.81179094e-20 -7.26785334e-19\n  -8.55866619e-25]\n [-1.41673541e-22  1.97620617e-16 -3.25521365e-23  3.31865348e-23\n   5.71545790e-23  3.00894848e-23  9.35077251e-18  1.10115232e-23\n  -1.37703070e-22  2.19206524e-17 -2.23478442e-17 -3.84879291e-17\n  -2.02622498e-17 -1.30434049e-11 -1.53599883e-17  1.92082190e-16\n   4.31415327e-23  7.05742289e-23 -3.17618265e-23  2.14851425e-18\n   2.53010296e-24 -3.16398413e-23 -7.24285577e-24 -6.54122122e-23\n  -2.19038575e-18 -2.57941141e-24  3.22564651e-23  3.35720839e-23\n  -3.77233050e-18 -4.44231844e-24  5.55527872e-23 -1.98597361e-18\n  -2.33869393e-24  2.92462107e-23 -7.26785325e-19  9.08871156e-18\n   1.07029194e-23]\n [ 5.06473082e-18 -7.06479997e-12  1.16371630e-18 -1.18639560e-18\n  -2.04323656e-18 -1.07567821e-18 -3.34283631e-13 -3.93654317e-19\n   4.92278924e-18 -7.83648119e-13  7.98919930e-13  1.37591677e-12\n   7.24361375e-13  4.66292677e-07  5.49108926e-13 -6.86680504e-12\n  -1.54227987e-18 -2.52297973e-18  1.13546327e-18 -7.68078943e-14\n  -9.04494260e-20  1.13110238e-18  2.58927070e-19  2.33844121e-18\n   7.83047711e-14  9.22121687e-20 -1.15314625e-18 -1.20017871e-18\n   1.34858199e-13  1.58809803e-19 -1.98597361e-18  7.09971790e-14\n   8.36066857e-20 -1.04553174e-18  2.59820712e-14 -3.24915134e-13\n  -3.82621944e-19]\n [ 5.96425611e-24 -8.31954903e-18  1.37039900e-24 -1.39710627e-24\n  -2.40612710e-24 -1.26672484e-24 -3.93654324e-19 -4.63569585e-25\n   5.79710488e-24 -9.22828526e-19  9.40812699e-19  1.62028749e-18\n   8.53012116e-19  5.49108935e-13  6.46633825e-19 -8.08638906e-18\n  -1.81619763e-24 -2.97107542e-24  1.33712806e-24 -9.04494175e-20\n  -1.06513764e-25  1.33199266e-24  3.04914005e-25  2.75376180e-24\n   9.22121483e-20  1.08589579e-25 -1.35795165e-24 -1.41333734e-24\n   1.58809789e-19  1.87015336e-25 -2.33869393e-24  8.36066857e-20\n   9.84557134e-26 -1.23122419e-24  3.05966363e-20 -3.82621928e-19\n  -4.50577799e-25]\n [-7.45851727e-23  1.04038960e-16 -1.71373335e-23  1.74713176e-23\n   3.00894868e-23  1.58408508e-23  4.92278924e-18  5.79710477e-24\n  -7.24948864e-23  1.15403034e-17 -1.17652020e-17 -2.02622792e-17\n  -1.06672240e-17 -6.86680518e-12 -8.08638909e-18  1.01123210e-16\n   2.27122061e-23  3.71543692e-23 -1.67212685e-23  1.13110257e-18\n   1.33199301e-24 -1.66570484e-23 -3.81305955e-24 -3.44367841e-23\n  -1.15314616e-18 -1.35795184e-24  1.69816749e-23  1.76742930e-23\n  -1.98597367e-18 -2.33869420e-24  2.92462107e-23 -1.04553174e-18\n  -1.23122419e-24  1.53969023e-23 -3.82621967e-19  4.78482514e-18\n   5.63463781e-24]\n [ 1.85348487e-18 -2.58542859e-12  4.25872693e-19 -4.34172391e-19\n  -7.47741228e-19 -3.93654344e-19 -1.22334172e-13 -1.44061421e-19\n   1.80154004e-18 -2.86783243e-13  2.92372103e-13  5.03529408e-13\n   2.65086714e-13  1.70644098e-07  2.00951467e-13 -2.51297052e-12\n  -5.64411517e-19 -9.23307658e-19  4.15533235e-19 -2.81085560e-14\n  -3.31008001e-20  4.13937328e-19  9.47567449e-20  8.55774089e-19\n   2.86563519e-14  3.37458920e-20 -4.22004487e-19 -4.39216448e-19\n   4.93525994e-14  5.81179094e-20 -7.26785325e-19  2.59820712e-14\n   3.05966363e-20 -3.82621967e-19  9.50837817e-15 -1.18905684e-13\n  -1.40024023e-19]\n [-2.31784941e-17  3.23317132e-11 -5.32569100e-18  5.42948171e-18\n   9.35077265e-18  4.92278897e-18  1.52983277e-12  1.80153982e-18\n  -2.25289054e-17  3.58632747e-12 -3.65621818e-12 -6.29681612e-12\n  -3.31500458e-12 -2.13396574e-06 -2.51297027e-12  3.14255991e-11\n   7.05816876e-18  1.15462939e-17 -5.19639237e-18  3.51507590e-13\n   4.13937396e-19 -5.17643498e-18 -1.18496713e-18 -1.07017624e-17\n  -3.58357974e-13 -4.22004502e-19  5.27731769e-18  5.49255945e-18\n  -6.17171983e-13 -7.26785334e-19  9.08871156e-18 -3.24915134e-13\n  -3.82621928e-19  4.78482514e-18 -1.18905684e-13  1.48695830e-12\n   1.75105070e-18]\n [-2.72951289e-23  3.80740128e-17 -6.27156458e-24  6.39378912e-24\n   1.10115240e-23  5.79710481e-24  1.80153993e-18  2.12150373e-24\n  -2.65301695e-23  4.22328001e-18 -4.30558371e-18 -7.41516715e-18\n  -3.90376859e-18 -2.51297042e-12 -2.95928835e-18  3.70069675e-17\n   8.31174042e-24  1.35969826e-23 -6.11930176e-24  4.13937374e-19\n   4.87455075e-25 -6.09579982e-24 -1.39542416e-24 -1.26024574e-23\n  -4.22004426e-19 -4.96954946e-25  6.21459989e-24  6.46806983e-24\n  -7.26785302e-19 -8.55866619e-25  1.07029194e-23 -3.82621944e-19\n  -4.50577799e-25  5.63463781e-24 -1.40024023e-19  1.75105070e-18\n   2.06204745e-24]]', 'hess_sum': '[[-9.54976813e-23  1.33209866e-16 -2.19423408e-23  2.23699826e-23\n   3.85260919e-23  2.02824218e-23  6.30306375e-18  7.42252130e-24\n  -9.28213354e-23  1.47760028e-17 -1.50639694e-17 -2.59434785e-17\n  -1.36581716e-17 -8.79214924e-12 -1.03536878e-17  1.29476576e-16\n   2.90803430e-23  4.75718830e-23 -2.14096420e-23  1.44824460e-18\n   1.70546042e-24 -2.13273862e-23 -4.88219613e-24 -4.40923562e-23\n  -1.47646935e-18 -1.73869950e-24  2.17430539e-23  2.26297884e-23\n  -2.54280778e-18 -2.99442435e-24  3.74463693e-23 -1.33868403e-18\n  -1.57644409e-24  1.97139933e-23 -4.89903316e-19  6.12641617e-18\n   7.21450402e-24]\n [ 1.33209866e-16 -1.85814643e-10  3.06074431e-17 -3.12039405e-17\n  -5.37401348e-17 -2.82919193e-17 -8.79215044e-12 -1.03536877e-17\n   1.29476587e-16 -2.06111062e-11  2.10127704e-11  3.61886247e-11\n   1.90517713e-11  1.22641842e-05  1.44423719e-11 -1.80607065e-10\n  -4.05642292e-17 -6.63580682e-17  2.98643567e-17 -2.02015967e-12\n  -2.37895143e-18  2.97496571e-17  6.81015753e-18  6.15044497e-17\n   2.05953085e-12  2.42531474e-18 -3.03294392e-17 -3.15664726e-17\n   3.54696848e-12  4.17693068e-18 -5.22340155e-17  1.86733018e-12\n   2.19897952e-18 -2.74990241e-17  6.83366709e-13 -8.54574527e-12\n  -1.00635210e-17]\n [-2.19423408e-23  3.06074431e-17 -6.23923136e-22  9.37972985e-23\n   1.52309439e-22 -9.05829115e-23  1.44824305e-18  1.70545989e-24\n  -2.13273727e-23  4.20150260e-16 -6.31631740e-17 -1.02565289e-16\n   6.09985961e-17 -2.02016031e-12 -2.37895279e-18  2.97496585e-17\n   1.36599391e-22  2.39880555e-22  3.92745976e-22  4.11803292e-17\n   4.84942007e-23 -6.06437413e-22 -1.01073784e-22 -6.94077628e-23\n  -6.19083308e-18 -7.29036007e-24  9.11685955e-23  1.38305049e-22\n  -1.00527684e-17 -1.18381950e-23  1.48040891e-22  5.97867498e-18\n   7.04052283e-24 -8.80442687e-23 -1.12564181e-19  1.40765480e-18\n   1.65766290e-24]\n [ 2.23699826e-23 -3.12039405e-17  9.37972985e-23 -3.23930936e-22\n   5.05912117e-24 -1.49973163e-22 -1.47646955e-18 -1.73869854e-24\n   2.17430731e-23 -6.31631742e-17  2.18135290e-16 -3.40683594e-18\n   1.00991996e-16  2.05953088e-12  2.42531501e-18 -3.03294429e-17\n  -7.61338053e-23 -7.55254968e-23 -1.08019522e-22 -6.19083310e-18\n  -7.29036094e-24  9.11685860e-23  6.45124269e-24  1.40946418e-22\n   2.13801681e-17  2.51774134e-23 -3.14852613e-22 -6.66955276e-23\n  -3.33913985e-19 -3.93218836e-25  4.91733202e-24  9.89856537e-18\n   1.16566082e-23 -1.45770063e-22  1.14758063e-19 -1.43509175e-18\n  -1.68997099e-24]\n [ 3.85260919e-23 -5.37401348e-17  1.52309439e-22  5.05912117e-24\n  -5.16971651e-22  1.04047401e-22 -2.54280903e-18 -2.99442508e-24\n   3.74463739e-23 -1.02565290e-16 -3.40684213e-18  3.48129115e-16\n  -7.00656497e-17  3.54696896e-12  4.17693183e-18 -5.22340185e-17\n  -7.40260624e-23 -2.02705951e-22  1.29541842e-22 -1.00527684e-17\n  -1.18381950e-23  1.48040895e-22  9.72800155e-23 -1.25555481e-22\n  -3.33914408e-19 -3.93218913e-25  4.91733549e-24 -1.36143337e-22\n   3.41212936e-17  4.01814321e-23 -5.02483278e-22 -6.86736212e-18\n  -8.08704528e-24  1.01131419e-22  1.97638880e-19 -2.47154451e-18\n  -2.91050647e-24]\n [ 2.02824218e-23 -2.82919193e-17 -9.05829115e-23 -1.49973163e-22\n   1.04047401e-22 -2.63331339e-22 -1.33868511e-18 -1.57644308e-24\n   1.97139897e-23  6.09985994e-17  1.00992012e-16 -7.00656561e-17\n   1.77327534e-16  1.86733023e-12  2.19897945e-18 -2.74990251e-17\n  -7.94895663e-23  1.77317227e-22 -1.00350227e-22  5.97867495e-18\n   7.04052253e-24 -8.80442591e-23 -8.28525240e-23  7.57231333e-23\n   9.89856537e-18  1.16566080e-23 -1.45770064e-22  2.10316844e-22\n  -6.86736210e-18 -8.08704552e-24  1.01131436e-22  1.73804628e-17\n   2.04673327e-23 -2.55951354e-22  1.04048828e-19 -1.30116838e-18\n  -1.53226281e-24]\n [ 6.30306375e-18 -8.79215044e-12  1.44824305e-18 -1.47646955e-18\n  -2.54280903e-18 -1.33868511e-18 -4.16016150e-13 -4.89903332e-19\n   6.12641416e-18 -9.75249067e-13  9.94255699e-13  1.71232820e-12\n   9.01470276e-13  5.80301621e-07  6.83366720e-13 -8.54574552e-12\n  -1.91936834e-18 -3.13985142e-18  1.41308441e-18 -9.55873510e-14\n  -1.12564194e-19  1.40765607e-18  3.22236787e-19  2.91019379e-18\n   9.74503366e-14  1.14758104e-19 -1.43509088e-18 -1.49361778e-18\n   1.67831112e-13  1.97638786e-19 -2.47154509e-18  8.83562166e-14\n   1.04048769e-19 -1.30116780e-18  3.23347153e-14 -4.04357294e-13\n  -4.76173415e-19]\n [ 7.42252130e-24 -1.03536877e-17  1.70545989e-24 -1.73869854e-24\n  -2.99442508e-24 -1.57644308e-24 -4.89903332e-19 -5.76912916e-25\n   7.21450288e-24 -1.14845987e-18  1.17084139e-18  2.01644827e-18\n   1.06157653e-18  6.83366649e-13  8.04736429e-19 -1.00635185e-17\n  -2.26025875e-24 -3.69750623e-24  1.66405645e-24 -1.12564209e-19\n  -1.32556210e-25  1.65766370e-24  3.79466512e-25  3.42706027e-24\n   1.14758110e-19  1.35139819e-25 -1.68997190e-24 -1.75889241e-24\n   1.97638866e-19  2.32740520e-25 -2.91050430e-24  1.04048844e-19\n   1.22528484e-25 -1.53226237e-24  3.80775487e-20 -4.76173289e-19\n  -5.60744484e-25]\n [-9.28213354e-23  1.29476587e-16 -2.13273727e-23  2.17430731e-23\n   3.74463739e-23  1.97139897e-23  6.12641416e-18  7.21450288e-24\n  -9.02199447e-23  1.43618888e-17 -1.46418091e-17 -2.52164099e-17\n  -1.32754019e-17 -8.54574672e-12 -1.00635206e-17  1.25847954e-16\n   2.82653398e-23  4.62386562e-23 -2.08096258e-23  1.40765548e-18\n   1.65766320e-24 -2.07296724e-23 -4.74537001e-24 -4.28566184e-23\n  -1.43509027e-18 -1.68997171e-24  2.11336932e-23  2.19955926e-23\n  -2.47154496e-18 -2.91050533e-24  3.63969114e-23 -1.30116772e-18\n  -1.53226201e-24  1.91614898e-23 -4.76173530e-19  5.95472117e-18\n   7.01231378e-24]\n [ 1.47760028e-17 -2.06111062e-11  4.20150260e-16 -6.31631742e-17\n  -1.02565290e-16  6.09985994e-17 -9.75249067e-13 -1.14845987e-18\n   1.43618888e-17 -2.82929514e-10  4.25341281e-11  6.90675479e-11\n  -4.10764988e-11  1.36037835e-06  1.60198989e-12 -2.00334564e-11\n  -9.19861505e-17 -1.61535717e-16 -2.64475438e-16 -2.77308642e-11\n  -3.26560250e-17  4.08375383e-16  6.80631346e-17  4.67392379e-17\n   4.16891123e-12  4.90933397e-18 -6.13929937e-17 -9.31347610e-17\n   6.76953937e-12  7.97184926e-18 -9.96908549e-17 -4.02604432e-12\n  -4.74109262e-18  5.92890621e-17  7.58009234e-14 -9.47917601e-13\n  -1.11627308e-18]\n [-1.50639694e-17  2.10127704e-11 -6.31631740e-17  2.18135290e-16\n  -3.40684213e-18  1.00992012e-16  9.94255699e-13  1.17084139e-18\n  -1.46418091e-17  4.25341281e-11 -1.46892447e-10  2.29417730e-12\n  -6.80080732e-11 -1.38689007e-06 -1.63320972e-12  2.04238813e-11\n   5.12685556e-17  5.08589277e-17  7.27404272e-17  4.16891166e-12\n   4.90933483e-18 -6.13929955e-17 -4.34425413e-18 -9.49134063e-17\n  -1.43974182e-11 -1.69544850e-17  2.12021944e-16  4.49128257e-17\n   2.24859372e-13  2.64795903e-19 -3.31134790e-18 -6.66570005e-12\n  -7.84956694e-18  9.81616569e-17 -7.72782009e-14  9.66392023e-13\n   1.13802825e-18]\n [-2.59434785e-17  3.61886247e-11 -1.02565289e-16 -3.40683594e-18\n   3.48129115e-16 -7.00656561e-17  1.71232820e-12  2.01644827e-18\n  -2.52164099e-17  6.90675479e-11  2.29417730e-12 -2.34430360e-10\n   4.71822837e-11 -2.38853162e-06 -2.81274792e-12  3.51744250e-11\n   4.98491936e-17  1.36502382e-16 -8.72335991e-17  6.76954020e-12\n   7.97184923e-18 -9.96908299e-17 -6.55084263e-17  8.45491533e-17\n   2.24858756e-13  2.64794851e-19 -3.31134462e-18  9.16790685e-17\n  -2.29773022e-11 -2.70582027e-17  3.38372582e-16  4.62449046e-12\n   5.44582531e-18 -6.81020148e-17 -1.33090078e-13  1.66433947e-12\n   1.95993522e-18]\n [-1.36581716e-17  1.90517713e-11  6.09985961e-17  1.00991996e-16\n  -7.00656497e-17  1.77327534e-16  9.01470276e-13  1.06157653e-18\n  -1.32754019e-17 -4.10764988e-11 -6.80080732e-11  4.71822837e-11\n  -1.19412500e-10 -1.25745952e-06 -1.48079200e-12  1.85178397e-11\n   5.35283366e-17 -1.19405591e-16  6.75759237e-17 -4.02604453e-12\n  -4.74109285e-18  5.92890799e-17  5.57929569e-17 -5.09920064e-17\n  -6.66569855e-12 -7.84956627e-18  9.81616607e-17 -1.41627581e-16\n   4.62449002e-12  5.44582538e-18 -6.81020167e-17 -1.17040167e-11\n  -1.37827170e-17  1.72357834e-16 -7.00664281e-14  8.76206571e-13\n   1.03182538e-18]\n [-8.79214924e-12  1.22641842e-05 -2.02016031e-12  2.05953088e-12\n   3.54696896e-12  1.86733023e-12  5.80301621e-07  6.83366649e-13\n  -8.54574672e-12  1.36037835e-06 -1.38689007e-06 -2.38853162e-06\n  -1.25745952e-06 -8.09463655e-01 -9.53228849e-07  1.19204742e-05\n   2.67733056e-12  4.37978147e-12 -1.97111439e-12  1.33335155e-07\n   1.57016256e-13 -1.96354432e-12 -4.49485828e-13 -4.05943097e-12\n  -1.35933651e-07 -1.60076277e-13  2.00181117e-12  2.08345745e-12\n  -2.34107889e-07 -2.75686853e-13  3.44756279e-12 -1.23247986e-07\n  -1.45137541e-13  1.81499726e-12 -4.51037355e-08  5.64038357e-07\n   6.64214938e-13]\n [-1.03536878e-17  1.44423719e-11 -2.37895279e-18  2.42531501e-18\n   4.17693183e-18  2.19897945e-18  6.83366720e-13  8.04736429e-19\n  -1.00635206e-17  1.60198989e-12 -1.63320972e-12 -2.81274792e-12\n  -1.48079200e-12 -9.53228849e-07 -1.12252788e-12  1.40376171e-11\n   3.15283981e-18  5.15765741e-18 -2.32119551e-18  1.57016183e-13\n   1.84903230e-19 -2.31228066e-18 -5.29317134e-19 -4.78041000e-18\n  -1.60076292e-13 -1.88506765e-19  2.35734485e-18  2.45349192e-18\n  -2.75686817e-13 -3.24650468e-19  4.05987014e-18 -1.45137560e-13\n  -1.70914789e-19  2.13735098e-18 -5.31144264e-14  6.64214934e-13\n   7.82183382e-19]\n [ 1.29476576e-16 -1.80607065e-10  2.97496585e-17 -3.03294429e-17\n  -5.22340185e-17 -2.74990251e-17 -8.54574552e-12 -1.00635185e-17\n   1.25847954e-16 -2.00334564e-11  2.04238813e-11  3.51744250e-11\n   1.85178397e-11  1.19204742e-05  1.40376171e-11 -1.75545420e-10\n  -3.94273935e-17 -6.44983386e-17  2.90273750e-17 -1.96354464e-12\n  -2.31228123e-18  2.89159127e-17  6.61930190e-18  5.97807601e-17\n   2.00181073e-12  2.35734487e-18 -2.94794363e-17 -3.06817928e-17\n   3.44756251e-12  4.05986924e-18 -5.07701316e-17  1.81499815e-12\n   2.13735139e-18 -2.67283531e-17  6.64214943e-13 -8.30624447e-12\n  -9.78148435e-18]\n [ 2.90803430e-23 -4.05642292e-17  1.36599391e-22 -7.61338053e-23\n  -7.40260624e-23 -7.94895663e-23 -1.91936834e-18 -2.26025875e-24\n   2.82653398e-23 -9.19861505e-17  5.12685556e-17  4.98491936e-17\n   5.35283366e-17  2.67733056e-12  3.15283981e-18 -3.94273935e-17\n  -3.78968763e-22  2.63073616e-22 -1.70641009e-22 -9.01586967e-18\n  -1.06171385e-23  1.32771155e-22  1.96965245e-22  3.35859942e-23\n   5.02500290e-18  5.91747077e-24 -7.40001221e-23  1.19446580e-22\n   4.88588778e-18  5.75364770e-24 -7.19514760e-23  5.24649104e-18\n   6.17829689e-24 -7.72618262e-23  1.49182179e-19 -1.86557704e-18\n  -2.19691392e-24]\n [ 4.75718830e-23 -6.63580682e-17  2.39880555e-22 -7.55254968e-23\n  -2.02705951e-22  1.77317227e-22 -3.13985142e-18 -3.69750623e-24\n   4.62386562e-23 -1.61535717e-16  5.08589277e-17  1.36502382e-16\n  -1.19405591e-16  4.37978147e-12  5.15765741e-18 -6.44983386e-17\n   2.63073616e-22 -5.66233088e-22  4.23916874e-23 -1.58326566e-17\n  -1.86446282e-23  2.33157794e-22  1.06811286e-23  4.58857794e-23\n   4.98485380e-18  5.87019375e-24 -7.34088666e-23 -2.84645865e-22\n   1.33790502e-17  1.57552488e-23 -1.97025034e-22 -1.17033361e-17\n  -1.37819157e-23  1.72347811e-22  2.44043819e-19 -3.05185268e-18\n  -3.59388347e-24]\n [-2.14096420e-23  2.98643567e-17  3.92745976e-22 -1.08019522e-22\n   1.29541842e-22 -1.00350227e-22  1.41308441e-18  1.66405645e-24\n  -2.08096258e-23 -2.64475438e-16  7.27404272e-17 -8.72335991e-17\n   6.75759237e-17 -1.97111439e-12 -2.32119551e-18  2.90273750e-17\n  -1.70641009e-22  4.23916874e-23 -4.68159842e-22 -2.59221187e-17\n  -3.05260368e-23  3.81739115e-22  1.04669512e-22  1.32341564e-22\n   7.12953223e-18  8.39577716e-24 -1.04992217e-22  1.80996787e-22\n  -8.55005164e-18 -1.00685921e-23  1.25911356e-22  6.62333935e-18\n   7.79968222e-24 -9.75378426e-23 -1.09831419e-19  1.37348139e-18\n   1.61741991e-24]\n [ 1.44824460e-18 -2.02015967e-12  4.11803292e-17 -6.19083310e-18\n  -1.00527684e-17  5.97867495e-18 -9.55873510e-14 -1.12564209e-19\n   1.40765548e-18 -2.77308642e-11  4.16891166e-12  6.76954020e-12\n  -4.02604453e-12  1.33335155e-07  1.57016183e-13 -1.96354464e-12\n  -9.01586967e-18 -1.58326566e-17 -2.59221187e-17 -2.71799462e-12\n  -3.20072644e-18  4.00262346e-17  6.67109856e-18  4.58106858e-18\n   4.08608844e-13  4.81180144e-19 -6.01733129e-18 -9.12844470e-18\n   6.63505279e-13  7.81347509e-19 -9.77103093e-18 -3.94606037e-13\n  -4.64690271e-19  5.81111945e-18  7.42949301e-15 -9.29085300e-14\n  -1.09409581e-19]\n [ 1.70546042e-24 -2.37895143e-18  4.84942007e-23 -7.29036094e-24\n  -1.18381950e-23  7.04052253e-24 -1.12564194e-19 -1.32556210e-25\n   1.65766320e-24 -3.26560250e-17  4.90933483e-18  7.97184923e-18\n  -4.74109285e-18  1.57016256e-13  1.84903230e-19 -2.31228123e-18\n  -1.06171385e-23 -1.86446282e-23 -3.05260368e-23 -3.20072644e-18\n  -3.76919388e-24  4.71351211e-23  7.85592318e-24  5.39469308e-24\n   4.81180251e-19  5.66640625e-25 -7.08604468e-24 -1.07497104e-23\n   7.81347511e-19  9.20119356e-25 -1.15064242e-23 -4.64690331e-19\n  -5.47222014e-25  6.84320808e-24  8.74902220e-21 -1.09409534e-19\n  -1.28841329e-25]\n [-2.13273862e-23  2.97496571e-17 -6.06437413e-22  9.11685860e-23\n   1.48040895e-22 -8.80442591e-23  1.40765607e-18  1.65766370e-24\n  -2.07296724e-23  4.08375383e-16 -6.13929955e-17 -9.96908299e-17\n   5.92890799e-17 -1.96354432e-12 -2.31228066e-18  2.89159127e-17\n   1.32771155e-22  2.33157794e-22  3.81739115e-22  4.00262346e-17\n   4.71351211e-23 -5.89441669e-22 -9.82411457e-23 -6.74625769e-23\n  -6.01733106e-18 -7.08604405e-24  8.86135388e-23  1.34428971e-22\n  -9.77103030e-18 -1.15064236e-23  1.43891960e-22  5.81112091e-18\n   6.84320852e-24 -8.55767878e-23 -1.09409452e-19  1.36820562e-18\n   1.61120733e-24]\n [-4.88219613e-24  6.81015753e-18 -1.01073784e-22  6.45124269e-24\n   9.72800155e-23 -8.28525240e-23  3.22236787e-19  3.79466512e-25\n  -4.74537001e-24  6.80631346e-17 -4.34425413e-18 -6.55084263e-17\n   5.57929569e-17 -4.49485828e-13 -5.29317134e-19  6.61930190e-18\n   1.96965245e-22  1.06811286e-23  1.04669512e-22  6.67109856e-18\n   7.85592318e-24 -9.82411457e-23 -4.30997706e-22 -7.22254992e-23\n  -4.25795962e-19 -5.01419594e-25  6.27044477e-24 -1.76264297e-22\n  -6.42069853e-18 -7.56105458e-24  9.45536967e-23  5.46845314e-18\n   6.43968324e-24 -8.05305425e-23 -2.50456465e-20  3.13204509e-19\n   3.68833143e-25]\n [-4.40923562e-23  6.15044497e-17 -6.94077628e-23  1.40946418e-22\n  -1.25555481e-22  7.57231333e-23  2.91019379e-18  3.42706027e-24\n  -4.28566184e-23  4.67392379e-17 -9.49134063e-17  8.45491533e-17\n  -5.09920064e-17 -4.05943097e-12 -4.78041000e-18  5.97807601e-17\n   3.35859942e-23  4.58857794e-23  1.32341564e-22  4.58106858e-18\n   5.39469308e-24 -6.74625769e-23 -7.22254992e-23 -1.44555206e-22\n  -9.30277968e-18 -1.09550100e-23  1.36996341e-22 -5.19145130e-23\n   8.28694424e-18  9.75875453e-24 -1.22036731e-22 -4.99789726e-18\n  -5.88555320e-24  7.36009530e-23 -2.26193778e-19  2.82863275e-18\n   3.33101490e-24]\n [-1.47646935e-18  2.05953085e-12 -6.19083308e-18  2.13801681e-17\n  -3.33914408e-19  9.89856537e-18  9.74503366e-14  1.14758110e-19\n  -1.43509027e-18  4.16891123e-12 -1.43974182e-11  2.24858756e-13\n  -6.66569855e-12 -1.35933651e-07 -1.60076292e-13  2.00181073e-12\n   5.02500290e-18  4.98485380e-18  7.12953223e-18  4.08608844e-13\n   4.81180251e-19 -6.01733106e-18 -4.25795962e-19 -9.30277968e-18\n  -1.41113922e-12 -1.66176591e-18  2.07809785e-17  4.40205507e-18\n   2.20391600e-14  2.59533181e-20 -3.24555279e-19 -6.53327586e-13\n  -7.69362316e-19  9.62115251e-18 -7.57429111e-15  9.47192140e-14\n   1.11541901e-19]\n [-1.73869950e-24  2.42531474e-18 -7.29036007e-24  2.51774134e-23\n  -3.93218913e-25  