{'theta_hat': '[-1.65474067e-11  2.30819940e-05 -4.12751931e-12  3.60648213e-12\n  4.80730531e-13 -6.02000666e-12  1.09216609e-06  1.28614105e-12\n -1.60836571e-11  2.77947531e-06 -2.42860847e-06 -3.23721840e-07\n  4.05387703e-06 -1.52346349e+00 -1.79403931e-06  2.24351086e-05\n -3.42603007e-12 -2.61632076e-12 -3.76497431e-12  2.72425559e-07\n  3.20809907e-13 -4.01184354e-12 -2.30689727e-12  3.17356911e-12\n -2.38035936e-07 -2.80312483e-13  3.50540843e-12  1.22581251e-12\n -3.17292307e-08 -3.73645533e-14  4.67257786e-13  3.97334018e-07\n  4.67902820e-13 -5.85129294e-12 -8.48882050e-08  1.06155752e-06\n  1.25009626e-12]', 'theta_bar': '[ 3.91836168e-13  7.65201989e-06  1.14752902e-20 -5.91312789e-20\n  3.65817101e-20  2.93398008e-21 -2.58620689e-08 -3.04553212e-14\n  3.80854761e-13  2.24096581e-13 -1.15475219e-12  7.14390230e-13\n  5.72965735e-14 -5.05050505e-01 -5.94750337e-07  7.43756793e-06\n -1.73171508e-27  1.07132975e-27  8.59243553e-29 -7.57394990e-16\n -8.91912721e-22  1.11536896e-20 -5.52047898e-27 -4.42761519e-28\n  3.90279756e-15  4.59595700e-21 -5.74740912e-20  2.73915484e-28\n -2.41447512e-15 -2.84329974e-21  3.55564879e-20 -1.93649258e-16\n -2.28042495e-22  2.85175363e-21  2.01011979e-09 -2.51372705e-08\n -2.96017960e-14]', 'grad_op_sum': '[[ 3.61303262e-22 -5.03982278e-16  9.01220483e-23 -7.87454963e-23\n  -1.04964791e-23  1.31443439e-22 -2.38468285e-17 -2.80821620e-23\n   3.51177550e-22 -6.06882705e-17  5.30272916e-17  7.06828318e-18\n  -8.85141109e-17  3.32639631e-11  3.91718331e-17 -4.89857900e-16\n   7.48054277e-23  5.71258831e-23  8.22060834e-23 -5.94825791e-18\n  -7.00470277e-24  8.75963334e-23  5.03697965e-23 -6.92930855e-23\n   5.19737995e-18  6.12046444e-24 -7.65386092e-23 -2.67649225e-23\n   6.92789797e-19  8.15833877e-25 -1.02023093e-23 -8.67556342e-18\n  -1.02163933e-23  1.27759670e-22  1.85348592e-18 -2.31785077e-17\n  -2.72951444e-23]\n [-5.03982278e-16  7.03005378e-10 -1.25711334e-16  1.09842171e-16\n   1.46415491e-17 -1.83350583e-16  3.32639647e-11  3.91718356e-17\n  -4.89857912e-16  8.46541286e-11 -7.39678216e-11 -9.85955521e-12\n   1.23468421e-10 -4.63999350e-05 -5.46408288e-11  6.83303269e-10\n  -1.04346165e-16 -7.96849510e-17 -1.14669347e-16  8.29723085e-12\n   9.77086683e-18 -1.22188212e-16 -7.02608790e-17  9.66569936e-17\n  -7.24983043e-12 -8.53744190e-18  1.06763782e-16  3.73344169e-17\n  -9.66373174e-13 -1.13800748e-18  1.42312114e-17  1.21015520e-11\n   1.42508571e-17 -1.78212090e-16 -2.58542934e-12  3.23317234e-11\n   3.80740239e-17]\n [ 9.01220483e-23 -1.25711334e-16  2.24796852e-23 -1.96419634e-23\n  -2.61819999e-24  3.27867284e-23 -5.94825805e-18 -7.00470278e-24\n   8.75963310e-23 -1.51378408e-17  1.32269167e-17  1.76308444e-18\n  -2.20786077e-17  8.29723062e-12  9.77086621e-18 -1.22188206e-16\n   1.86591683e-23  1.42492530e-23  2.05051584e-23 -1.48370979e-18\n  -1.74722519e-24  2.18496809e-23  1.25640417e-23 -1.72841916e-23\n   1.29641378e-18  1.52666430e-24 -1.90914862e-23 -6.67613579e-24\n   1.72806731e-19  2.03498357e-25 -2.54482345e-24 -2.16399803e-18\n  -2.54833650e-24  3.18678639e-23  4.62326154e-19 -5.78155476e-18\n  -6.80839223e-24]\n [-7.87454963e-23  1.09842171e-16 -1.96419634e-23  1.71624612e-23\n   2.28769165e-24 -2.86478975e-23  5.19738001e-18  6.12046450e-24\n  -7.65386128e-23  1.32269162e-17 -1.15572175e-17 -1.54052157e-18\n   1.92915158e-17 -7.24983015e-12 -8.53744144e-18  1.06763784e-16\n  -1.63037292e-23 -1.24504993e-23 -1.79166908e-23  1.29641376e-18\n   1.52666431e-24 -1.90914876e-23 -1.09780205e-23  1.51023226e-23\n  -1.13276105e-18 -1.33394591e-24  1.66814735e-23  5.83337414e-24\n  -1.50992482e-19 -1.77809753e-25  2.22357780e-24  1.89082585e-18\n   2.22664738e-24 -2.78450258e-23 -4.03964437e-19  5.05172050e-18\n   5.94893520e-24]\n [-1.04964791e-23  1.46415491e-17 -2.61819999e-24  2.28769165e-24\n   3.04940711e-25 -3.81865721e-24  6.92791247e-19  8.15834946e-25\n  -1.02023098e-23  1.76309829e-18 -1.54053372e-18 -2.05345743e-19\n   2.57148665e-18 -9.66375149e-13 -1.13800890e-18  1.42312117e-17\n  -2.17322591e-24 -1.65960483e-24 -2.38822764e-24  1.72807089e-19\n   2.03498623e-25 -2.54482364e-24 -1.46332893e-24  2.01308292e-24\n  -1.50992797e-19 -1.77809984e-25  2.22357780e-24  7.77566879e-25\n  -2.01267312e-20 -2.37013726e-26  2.96394575e-25  2.52039989e-19\n   2.96803738e-25 -3.71163742e-24 -5.38469432e-20  6.73375382e-19\n   7.92970734e-25]\n [ 1.31443439e-22 -1.83350583e-16  3.27867284e-23 -2.86478975e-23\n  -3.81865721e-24  4.78196003e-23 -8.67556281e-18 -1.02163925e-23\n   1.27759668e-22 -2.20786132e-17  1.92915212e-17  2.57146709e-18\n  -3.22017550e-17  1.21015506e-11  1.42508551e-17 -1.78212083e-16\n   2.72144862e-23  2.07826037e-23  2.99068716e-23 -2.16399783e-18\n  -2.54833630e-24  3.18678642e-23  1.83247149e-23 -2.52090761e-23\n   1.89082570e-18  2.22664719e-24 -2.78450240e-23 -9.73717599e-24\n   2.52039444e-19  2.96803327e-25 -3.71163718e-24 -3.15620147e-18\n  -3.71676098e-24  4.64794319e-23  6.74304907e-19 -8.43242528e-18\n  -9.93007264e-24]\n [-2.38468285e-17  3.32639647e-11 -5.94825805e-18  5.19738001e-18\n   6.92791247e-19 -8.67556281e-18  1.57394436e-12  1.85348590e-18\n  -2.31785088e-17  4.00556246e-12 -3.49992061e-12 -4.66522600e-13\n   5.84213056e-12 -2.19549644e-06 -2.58542916e-12  3.23317240e-11\n  -4.93732661e-18 -3.77043687e-18 -5.42578654e-18  3.92598411e-13\n   4.62326150e-19 -5.78155517e-18 -3.32451995e-18  4.57349961e-18\n  -3.43038775e-13 -4.03964429e-19  5.05172049e-18  1.76654513e-18\n  -4.57256860e-14 -5.38468722e-20  6.73375380e-19  5.72606713e-13\n   6.74304953e-19 -8.43242580e-18 -1.22334243e-13  1.52983368e-12\n   1.80154097e-18]\n [-2.80821620e-23  3.91718356e-17 -7.00470278e-24  6.12046450e-24\n   8.15834946e-25 -1.02163925e-23  1.85348590e-18  2.18267563e-24\n  -2.72951448e-23  4.71697332e-18 -4.12152657e-18 -5.49379689e-19\n   6.87972645e-18 -2.58542919e-12 -3.04461620e-18  3.80740236e-17\n  -5.81422412e-24 -4.44008808e-24 -6.38943734e-24  4.62326140e-19\n   5.44437925e-25 -6.80839253e-24 -3.91497375e-24  5.38577937e-24\n  -4.03964429e-19 -4.75710828e-25  5.94893502e-24  2.08029367e-24\n  -5.38468300e-20 -6.34103855e-26  7.92970709e-25  6.74304949e-19\n   7.94065379e-25 -9.93007298e-24 -1.44061506e-19  1.80154092e-18\n   2.12150497e-24]\n [ 3.51177550e-22 -4.89857912e-16  8.75963310e-23 -7.65386128e-23\n  -1.02023098e-23  1.27759668e-22 -2.31785088e-17 -2.72951448e-23\n   3.41335616e-22 -5.89874501e-17  5.15411742e-17  6.87019087e-18\n  -8.60334569e-17  3.23317232e-11  3.80740221e-17 -4.76129377e-16\n   7.27089666e-23  5.55249005e-23  7.99022151e-23 -5.78155489e-18\n  -6.80839233e-24  8.51414006e-23  4.89581567e-23 -6.73511107e-23\n   5.05172067e-18  5.94893524e-24 -7.43935749e-23 -2.60148216e-23\n   6.73374002e-19  7.92969708e-25 -9.91638431e-24 -8.43242624e-18\n  -9.93007355e-24  1.24179139e-22  1.80154101e-18 -2.25289180e-17\n  -2.65301838e-23]\n [-6.06882705e-17  8.46541286e-11 -1.51378408e-17  1.32269162e-17\n   1.76309829e-18 -2.20786132e-17  4.00556246e-12  4.71697332e-18\n  -5.89874501e-17  1.01938359e-11 -8.90701789e-12 -1.18726269e-12\n   1.48677548e-11 -5.58736276e-06 -6.57971032e-12  8.22816505e-11\n  -1.25651011e-17 -9.59546014e-18 -1.38081926e-17  9.99131542e-13\n   1.17658306e-18 -1.47135953e-17 -8.46063725e-18  1.16391906e-17\n  -8.73006234e-13 -1.02805715e-18  1.28562244e-17  4.49571600e-18\n  -1.16368212e-13 -1.37035981e-19  1.71368646e-18  1.45723827e-12\n   1.71605215e-18 -2.14598489e-17 -3.11330859e-13  3.89330431e-12\n   4.58477761e-18]\n [ 5.30272916e-17 -7.39678216e-11  1.32269167e-17 -1.15572175e-17\n  -1.54053372e-18  1.92915212e-17 -3.49992061e-12 -4.12152657e-18\n   5.15411742e-17 -8.90701789e-12  7.78264121e-12  1.03738868e-12\n  -1.29909250e-11  4.88204247e-06  5.74912113e-12 -7.18948331e-11\n   1.09789466e-17  8.38417801e-18  1.20651165e-17 -8.73006253e-13\n  -1.02805719e-18  1.28562258e-17  7.39260939e-18 -1.01699183e-17\n   7.62802363e-13  8.98280438e-19 -1.12333200e-17 -3.92819966e-18\n   1.01678480e-13  1.19737255e-19 -1.49735939e-18 -1.27328391e-12\n  -1.49942645e-18  1.87508667e-17  2.72030033e-13 -3.40183336e-12\n  -4.00601858e-18]\n [ 7.06828318e-18 -9.85955521e-12  1.76308444e-18 -1.54052157e-18\n  -2.05345743e-19  2.57146709e-18 -4.66522600e-13 -5.49379689e-19\n   6.87019087e-18 -1.18726269e-12  1.03738868e-12  1.38278926e-13\n  -1.73162788e-12  6.50752804e-07  7.66330222e-13 -9.58323580e-12\n   1.46344083e-18  1.11757064e-18  1.60822206e-18 -1.16367539e-13\n  -1.37035084e-19  1.71367313e-18  9.85399311e-19 -1.35560124e-18\n   1.01677890e-13  1.19736466e-19 -1.49734758e-18 -5.23610140e-19\n   1.35532529e-14  1.59604008e-20 -1.99590812e-19 -1.69722628e-13\n  -1.99866341e-19  2.49940043e-18  3.62602963e-14 -4.53448041e-13\n  -5.33983028e-19]\n [-8.85141109e-17  1.23468421e-10 -2.20786077e-17  1.92915158e-17\n   2.57148665e-18 -3.22017550e-17  5.84213056e-12  6.87972645e-18\n  -8.60334569e-17  1.48677548e-11 -1.29909250e-11 -1.73162788e-12\n   2.16846861e-11 -8.14919329e-06 -9.59653661e-12  1.20008151e-10\n  -1.83262556e-17 -1.39950211e-17 -2.01393100e-17  1.45723777e-12\n   1.71605159e-18 -2.14598438e-17 -1.23398768e-17  1.69758109e-17\n  -1.27328345e-12 -1.49942590e-18  1.87508602e-17  6.55702167e-18\n  -1.69723552e-13 -1.99867585e-19  2.49941928e-18  2.12538846e-12\n   2.50286965e-18 -3.12992846e-17 -4.54077434e-13  5.67840156e-12\n   6.68691842e-18]\n [ 3.32639631e-11 -4.63999350e-05  8.29723062e-12 -7.24983015e-12\n  -9.66375149e-13  1.21015506e-11 -2.19549644e-06 -2.58542919e-12\n   3.23317232e-11 -5.58736276e-06  4.88204247e-06  6.50752804e-07\n  -8.14919329e-06  3.06250000e+00  3.60641751e-06 -4.50995516e-05\n   6.88708143e-12  5.25938586e-12  7.56843464e-12 -5.47635885e-07\n  -6.44899172e-13  8.06469663e-12  4.63737593e-12 -6.37957882e-12\n   4.78505103e-07  5.63490354e-13 -7.04664956e-12 -2.46415543e-12\n   6.37828015e-08  7.51110516e-14 -9.39291938e-13 -7.98729632e-07\n  -9.40588600e-13  1.17623985e-11  1.70644148e-07 -2.13396641e-06\n  -2.51297115e-12]\n [ 3.91718331e-17 -5.46408288e-11  9.77086621e-18 -8.53744144e-18\n  -1.13800890e-18  1.42508551e-17 -2.58542916e-12 -3.04461620e-18\n   3.80740221e-17 -6.57971032e-12  5.74912113e-12  7.66330222e-13\n  -9.59653661e-12  3.60641751e-06  4.24693787e-12 -5.31094897e-11\n   8.11026646e-18  6.19348286e-18  8.91263190e-18 -6.44899149e-13\n  -7.59436952e-19  9.49703286e-18  5.46100041e-18 -7.51262849e-18\n   5.63490345e-13  6.63569463e-19 -8.29817481e-18 -2.90180352e-18\n   7.51109917e-14  8.84512038e-20 -1.10611556e-18 -9.40588580e-13\n  -1.10764251e-18  1.38514677e-17  2.00951524e-13 -2.51297105e-12\n  -2.95928920e-18]\n [-4.89857900e-16  6.83303269e-10 -1.22188206e-16  1.06763784e-16\n   1.42312117e-17 -1.78212083e-16  3.23317240e-11  3.80740236e-17\n  -4.76129377e-16  8.22816505e-11 -7.18948331e-11 -9.58323580e-12\n   1.20008151e-10 -4.50995516e-05 -5.31094897e-11  6.64153323e-10\n  -1.01421807e-16 -7.74517368e-17 -1.11455676e-16  8.06469643e-12\n   9.49703296e-18 -1.18763821e-16 -6.82917796e-17  9.39481286e-17\n  -7.04664998e-12 -8.29817544e-18  1.03771669e-16  3.62880995e-17\n  -9.39290039e-13 -1.10611420e-18  1.38323739e-17  1.17623994e-11\n   1.38514691e-17 -1.73217599e-16 -2.51297128e-12  3.14256092e-11\n   3.70069786e-17]\n [ 7.48054277e-23 -1.04346165e-16  1.86591683e-23 -1.63037292e-23\n  -2.17322591e-24  2.72144862e-23 -4.93732661e-18 -5.81422412e-24\n   7.27089666e-23 -1.25651011e-17  1.09789466e-17  1.46344083e-18\n  -1.83262556e-17  6.88708143e-12  8.11026646e-18 -1.01421807e-16\n   1.54879643e-23  1.18275326e-23  1.70202206e-23 -1.23154708e-18\n  -1.45027693e-24  1.81362359e-23  1.04287300e-23 -1.43466706e-23\n   1.07608281e-18  1.26720129e-24 -1.58468079e-23 -5.54149847e-24\n   1.43437501e-19  1.68912956e-25 -2.11232002e-24 -1.79621747e-18\n  -2.11523601e-24  2.64517866e-23  3.83751882e-19 -4.79895525e-18\n  -5.65127737e-24]\n [ 5.71258831e-23 -7.96849510e-17  1.42492530e-23 -1.24504993e-23\n  -1.65960483e-24  2.07826037e-23 -3.77043687e-18 -4.44008808e-24\n   5.55249005e-23 -9.59546014e-18  8.38417801e-18  1.11757064e-18\n  -1.39950211e-17  5.25938586e-12  6.19348286e-18 -7.74517368e-17\n   1.18275326e-23  9.03220886e-24  1.29976549e-23 -9.40482753e-19\n  -1.10751791e-24  1.38499107e-23  7.96399981e-24 -1.09559728e-23\n   8.21760971e-19  9.67710433e-25 -1.21015670e-23 -4.23181852e-24\n   1.09537425e-19  1.28992001e-25 -1.61309347e-24 -1.37169872e-18\n  -1.61532029e-24  2.02001608e-23  2.93055810e-19 -3.66476825e-18\n  -4.31565223e-24]\n [ 8.22060834e-23 -1.14669347e-16  2.05051584e-23 -1.79166908e-23\n  -2.38822764e-24  2.99068716e-23 -5.42578654e-18 -6.38943734e-24\n   7.99022151e-23 -1.38081926e-17  1.20651165e-17  1.60822206e-18\n  -2.01393100e-17  7.56843464e-12  8.91263190e-18 -1.11455676e-16\n   1.70202206e-23  1.29976549e-23  1.87040662e-23 -1.35338658e-18\n  -1.59375583e-24  1.99304912e-23  1.14604658e-23 -1.57660164e-23\n   1.18254191e-18  1.39256814e-24 -1.74145654e-23 -6.08973038e-24\n   1.57628070e-19  1.85623864e-25 -2.32129621e-24 -1.97392098e-18\n  -2.32450068e-24  2.90687165e-23  4.21717250e-19 -5.27372581e-18\n  -6.21036993e-24]\n [-5.94825791e-18  8.29723085e-12 -1.48370979e-18  1.29641376e-18\n   1.72807089e-19 -2.16399783e-18  3.92598411e-13  4.62326140e-19\n  -5.78155489e-18  9.99131542e-13 -8.73006253e-13 -1.16367539e-13\n   1.45723777e-12 -5.47635885e-07 -6.44899149e-13  8.06469643e-12\n  -1.23154708e-18 -9.40482753e-19 -1.35338658e-18  9.79281837e-14\n   1.15320793e-19 -1.44212809e-18 -8.29255012e-19  1.14079552e-18\n  -8.55662255e-14 -1.00763278e-19  1.26008103e-18  4.40639980e-19\n  -1.14056330e-14 -1.34313493e-20  1.67964072e-19  1.42828738e-13\n   1.68195941e-19 -2.10335070e-18 -3.05145661e-14  3.81595619e-13\n   4.49369202e-19]\n [-7.00470277e-24  9.77086683e-18 -1.74722519e-24  1.52666431e-24\n   2.03498623e-25 -2.54833630e-24  4.62326150e-19  5.44437925e-25\n  -6.80839233e-24  1.17658306e-18 -1.02805719e-18 -1.37035084e-19\n   1.71605159e-18 -6.44899172e-13 -7.59436952e-19  9.49703296e-18\n  -1.45027693e-24 -1.10751791e-24 -1.59375583e-24  1.15320793e-19\n   1.35802430e-25 -1.69825834e-24 -9.76535477e-25  1.34340738e-24\n  -1.00763280e-19 -1.18659416e-25  1.48387868e-24  5.18900178e-25\n  -1.34313391e-20 -1.58168343e-26  1.97795459e-25  1.68195944e-19\n   1.98068509e-25 -2.47691790e-24 -3.59341288e-20  4.49369199e-19\n   5.29179760e-25]\n [ 8.75963334e-23 -1.22188212e-16  2.18496809e-23 -1.90914876e-23\n  -2.54482364e-24  3.18678642e-23 -5.78155517e-18 -6.80839253e-24\n   8.51414006e-23 -1.47135953e-17  1.28562258e-17  1.71367313e-18\n  -2.14598438e-17  8.06469663e-12  9.49703286e-18 -1.18763821e-16\n   1.81362359e-23  1.38499107e-23  1.99304912e-23 -1.44212809e-18\n  -1.69825834e-24  2.12373328e-23  1.22119282e-23 -1.67997936e-23\n   1.26008114e-18  1.48387878e-24 -1.85564379e-23 -6.48903378e-24\n   1.67963737e-19  1.97795215e-25 -2.47350352e-24 -2.10335091e-18\n  -2.47691811e-24  3.09747512e-23  4.49369235e-19 -5.61952383e-18\n  -6.61758367e-24]\n [ 5.03697965e-23 -7.02608790e-17  1.25640417e-23 -1.09780205e-23\n  -1.46332893e-24  1.83247149e-23 -3.32451995e-18 -3.91497375e-24\n   4.89581567e-23 -8.46063725e-18  7.39260939e-18  9.85399311e-19\n  -1.23398768e-17  4.63737593e-12  5.46100041e-18 -6.82917796e-17\n   1.04287300e-23  7.96399981e-24  1.14604658e-23 -8.29255012e-19\n  -9.76535477e-25  1.22119282e-23  7.02212426e-24 -9.66024662e-24\n   7.24574057e-19  8.53262566e-25 -1.06703553e-23 -3.73133553e-24\n   9.65828011e-20  1.13736550e-25 -1.42231831e-24 -1.20947251e-18\n  -1.42428177e-24  1.78111555e-23  2.58397082e-19 -3.23134840e-18\n  -3.80525451e-24]\n [-6.92930855e-23  9.66569936e-17 -1.72841916e-23  1.51023226e-23\n   2.01308292e-24 -2.52090761e-23  4.57349961e-18  5.38577937e-24\n  -6.73511107e-23  1.16391906e-17 -1.01699183e-17 -1.35560124e-18\n   1.69758109e-17 -6.37957882e-12 -7.51262849e-18  9.39481286e-17\n  -1.43466706e-23 -1.09559728e-23 -1.57660164e-23  1.14079552e-18\n   1.34340738e-24 -1.67997936e-23 -9.66024662e-24  1.32894779e-23\n  -9.96787273e-19 -1.17382241e-24  1.46790714e-23  5.13315062e-24\n  -1.32867726e-19 -1.56465918e-25  1.95666513e-24  1.66385588e-18\n   1.95936624e-24 -2.45025791e-23 -3.55473564e-19  4.44532471e-18\n   5.23484002e-24]\n [ 5.19737995e-18 -7.24983043e-12  1.29641378e-18 -1.13276105e-18\n  -1.50992797e-19  1.89082570e-18 -3.43038775e-13 -4.03964429e-19\n   5.05172067e-18 -8.73006234e-13  7.62802363e-13  1.01677890e-13\n  -1.27328345e-12  4.78505103e-07  5.63490345e-13 -7.04664998e-12\n   1.07608281e-18  8.21760971e-19  1.18254191e-18 -8.55662255e-14\n  -1.00763280e-19  1.26008114e-18  7.24574057e-19 -9.96787273e-19\n   7.47647784e-14  8.80434319e-20 -1.10101478e-18 -3.85015819e-19\n   9.96584359e-15  1.17358438e-20 -1.46761138e-19 -1.24798761e-13\n  -1.46963737e-19  1.83783436e-18  2.66625618e-14 -3.33424920e-13\n  -3.92643109e-19]\n [ 6.12046444e-24 -8.53744190e-18  1.52666430e-24 -1.33394591e-24\n  -1.77809984e-25  2.22664719e-24 -4.03964429e-19 -4.75710828e-25\n   5.94893524e-24 -1.02805715e-18  8.98280438e-19  1.19736466e-19\n  -1.49942590e-18  5.63490354e-13  6.63569463e-19 -8.29817544e-18\n   1.26720129e-24  9.67710433e-25  1.39256814e-24 -1.00763278e-19\n  -1.18659416e-25  1.48387878e-24  8.53262566e-25 -1.17382241e-24\n   8.80434319e-20  1.03680450e-25 -1.29656132e-24 -4.53396837e-25\n   1.17358346e-20  1.38201969e-26 -1.72826758e-25 -1.46963737e-19\n  -1.73065340e-25  2.16424428e-24  3.13979857e-20 -3.92643099e-19\n  -4.62378777e-25]\n [-7.65386092e-23  1.06763782e-16 -1.90914862e-23  1.66814735e-23\n   2.22357780e-24 -2.78450240e-23  5.05172049e-18  5.94893502e-24\n  -7.43935749e-23  1.28562244e-17 -1.12333200e-17 -1.49734758e-18\n   1.87508602e-17 -7.04664956e-12 -8.29817481e-18  1.03771669e-16\n  -1.58468079e-23 -1.21015670e-23 -1.74145654e-23  1.26008103e-18\n   1.48387868e-24 -1.85564379e-23 -1.06703553e-23  1.46790714e-23\n  -1.10101478e-18 -1.29656132e-24  1.62139657e-23  5.66989053e-24\n  -1.46760833e-19 -1.72826534e-25  2.16126077e-24  1.83783439e-18\n   2.16424432e-24 -2.70646532e-23 -3.92643105e-19  4.91014318e-18\n   5.78221292e-24]\n [-2.67649225e-23  3.73344169e-17 -6.67613579e-24  5.83337414e-24\n   7.77566879e-25 -9.73717599e-24  1.76654513e-18  2.08029367e-24\n  -2.60148216e-23  4.49571600e-18 -3.92819966e-18 -5.23610140e-19\n   6.55702167e-18 -2.46415543e-12 -2.90180352e-18  3.62880995e-17\n  -5.54149847e-24 -4.23181852e-24 -6.08973038e-24  4.40639980e-19\n   5.18900178e-25 -6.48903378e-24 -3.73133553e-24  5.13315062e-24\n  -3.85015819e-19 -4.53396837e-25  5.66989053e-24  1.98271411e-24\n  -5.13210568e-20 -6.04360181e-26  7.55775127e-25  6.42675577e-19\n   7.56818449e-25 -9.46428673e-24 -1.37304066e-19  1.71703671e-18\n   2.02199233e-24]\n [ 6.92789797e-19 -9.66373174e-13  1.72806731e-19 -1.50992482e-19\n  -2.01267312e-20  2.52039444e-19 -4.57256860e-14 -5.38468300e-20\n   6.73374002e-19 -1.16368212e-13  1.01678480e-13  1.35532529e-14\n  -1.69723552e-13  6.37828015e-08  7.51109917e-14 -9.39290039e-13\n   1.43437501e-19  1.09537425e-19  1.57628070e-19 -1.14056330e-14\n  -1.34313391e-20  1.67963737e-19  9.65828011e-20 -1.32867726e-19\n   9.96584359e-15  1.17358346e-20 -1.46760833e-19 -5.13210568e-20\n   1.32840678e-15  1.56434067e-21 -1.95626681e-20 -1.66351718e-14\n  -1.95896738e-20  2.44975912e-19  3.55401201e-15 -4.44441979e-14\n  -5.23377437e-20]\n [ 8.15833877e-25 -1.13800748e-18  2.03498357e-25 -1.77809753e-25\n  -2.37013726e-26  2.96803327e-25 -5.38468722e-20 -6.34103855e-26\n   7.92969708e-25 -1.37035981e-19  1.19737255e-19  1.59604008e-20\n  -1.99867585e-19  7.51110516e-14  8.84512038e-20 -1.10611420e-18\n   1.68912956e-25  1.28992001e-25  1.85623864e-25 -1.34313493e-20\n  -1.58168343e-26  1.97795215e-25  1.13736550e-25 -1.56465918e-25\n   1.17358438e-20  1.38201969e-26 -1.72826534e-25 -6.04360181e-26\n   1.56434067e-21  1.84217798e-27 -2.30371282e-26 -1.95896890e-20\n  -2.30689302e-26  2.88485264e-25  4.18522821e-21 -5.23377833e-20\n  -6.16332755e-26]\n [-1.02023093e-23  1.42312114e-17 -2.54482345e-24  2.22357780e-24\n   2.96394575e-25 -3.71163718e-24  6.73375380e-19  7.92970709e-25\n  -9.91638431e-24  1.71368646e-18 -1.49735939e-18 -1.99590812e-19\n   2.49941928e-18 -9.39291938e-13 -1.10611556e-18  1.38323739e-17\n  -2.11232002e-24 -1.61309347e-24 -2.32129621e-24  1.67964072e-19\n   1.97795459e-25 -2.47350352e-24 -1.42231831e-24  1.95666513e-24\n  -1.46761138e-19 -1.72826758e-25  2.16126077e-24  7.55775127e-25\n  -1.95626681e-20 -2.30371282e-26  2.88087949e-25  2.44976426e-19\n   2.88485645e-25 -3.60761668e-24 -5.23378521e-20  6.54503656e-19\n   7.70747280e-25]\n [-8.67556342e-18  1.21015520e-11 -2.16399803e-18  1.89082585e-18\n   2.52039989e-19 -3.15620147e-18  5.72606713e-13  6.74304949e-19\n  -8.43242624e-18  1.45723827e-12 -1.27328391e-12 -1.69722628e-13\n   2.12538846e-12 -7.98729632e-07 -9.40588580e-13  1.17623994e-11\n  -1.79621747e-18 -1.37169872e-18 -1.97392098e-18  1.42828738e-13\n   1.68195944e-19 -2.10335091e-18 -1.20947251e-18  1.66385588e-18\n  -1.24798761e-13 -1.46963737e-19  1.83783439e-18  6.42675577e-19\n  -1.66351718e-14 -1.95896890e-20  2.44976426e-19  2.08316416e-13\n   2.45314608e-19 -3.06774734e-18 -4.45056448e-14  5.56559088e-13\n   6.55407191e-19]\n [-1.02163933e-23  1.42508571e-17 -2.54833650e-24  2.22664738e-24\n   2.96803738e-25 -3.71676098e-24  6.74304953e-19  7.94065379e-25\n  -9.93007355e-24  1.71605215e-18 -1.49942645e-18 -1.99866341e-19\n   2.50286965e-18 -9.40588600e-13 -1.10764251e-18  1.38514691e-17\n  -2.11523601e-24 -1.61532029e-24 -2.32450068e-24  1.68195941e-19\n   1.98068509e-25 -2.47691811e-24 -1.42428177e-24  1.95936624e-24\n  -1.46963737e-19 -1.73065340e-25  2.16424432e-24  7.56818449e-25\n  -1.95896738e-20 -2.30689302e-26  2.88485645e-25  2.45314608e-19\n   2.88883890e-25 -3.61259688e-24 -5.24101028e-20  6.55407177e-19\n   7.71811271e-25]\n [ 1.27759670e-22 -1.78212090e-16  3.18678639e-23 -2.78450258e-23\n  -3.71163742e-24  4.64794319e-23 -8.43242580e-18 -9.93007298e-24\n   1.24179139e-22 -2.14598489e-17  1.87508667e-17  2.49940043e-18\n  -3.12992846e-17  1.17623985e-11  1.38514677e-17 -1.73217599e-16\n   2.64517866e-23  2.02001608e-23  2.90687165e-23 -2.10335070e-18\n  -2.47691790e-24  3.09747512e-23  1.78111555e-23 -2.45025791e-23\n   1.83783436e-18  2.16424428e-24 -2.70646532e-23 -9.46428673e-24\n   2.44975912e-19  2.88485264e-25 -3.60761668e-24 -3.06774734e-18\n  -3.61259688e-24  4.51768225e-23  6.55407173e-19 -8.19610232e-18\n  -9.65177736e-24]\n [ 1.85348592e-18 -2.58542934e-12  4.62326154e-19 -4.03964437e-19\n  -5.38469432e-20  6.74304907e-19 -1.22334243e-13 -1.44061506e-19\n   1.80154101e-18 -3.11330859e-13  2.72030033e-13  3.62602963e-14\n  -4.54077434e-13  1.70644148e-07  2.00951524e-13 -2.51297128e-12\n   3.83751882e-19  2.93055810e-19  4.21717250e-19 -3.05145661e-14\n  -3.59341288e-20  4.49369235e-19  2.58397082e-19 -3.55473564e-19\n   2.66625618e-14  3.13979857e-20 -3.92643105e-19 -1.37304066e-19\n   3.55401201e-15  4.18522821e-21 -5.23378521e-20 -4.45056448e-14\n  -5.24101028e-20  6.55407173e-19  9.50838371e-15 -1.18905757e-13\n  -1.40024105e-19]\n [-2.31785077e-17  3.23317234e-11 -5.78155476e-18  5.05172050e-18\n   6.73375382e-19 -8.43242528e-18  1.52983368e-12  1.80154092e-18\n  -2.25289180e-17  3.89330431e-12 -3.40183336e-12 -4.53448041e-13\n   5.67840156e-12 -2.13396641e-06 -2.51297105e-12  3.14256092e-11\n  -4.79895525e-18 -3.66476825e-18 -5.27372581e-18  3.81595619e-13\n   4.49369199e-19 -5.61952383e-18 -3.23134840e-18  4.44532471e-18\n  -3.33424920e-13 -3.92643099e-19  4.91014318e-18  1.71703671e-18\n  -4.44441979e-14 -5.23377833e-20  6.54503656e-19  5.56559088e-13\n   6.55407177e-19 -8.19610232e-18 -1.18905757e-13  1.48695923e-12\n   1.75105177e-18]\n [-2.72951444e-23  3.80740239e-17 -6.80839223e-24  5.94893520e-24\n   7.92970734e-25 -9.93007264e-24  1.80154097e-18  2.12150497e-24\n  -2.65301838e-23  4.58477761e-18 -4.00601858e-18 -5.33983028e-19\n   6.68691842e-18 -2.51297115e-12 -2.95928920e-18  3.70069786e-17\n  -5.65127737e-24 -4.31565223e-24 -6.21036993e-24  4.49369202e-19\n   5.29179760e-25 -6.61758367e-24 -3.80525451e-24  5.23484002e-24\n  -3.92643109e-19 -4.62378777e-25  5.78221292e-24  2.02199233e-24\n  -5.23377437e-20 -6.16332755e-26  7.70747280e-25  6.55407191e-19\n   7.71811271e-25 -9.65177736e-24 -1.40024105e-19  1.75105177e-18\n   2.06204866e-24]]', 'hess_sum': '[[-9.54977480e-23  1.33209892e-16 -2.38205286e-23  2.08135912e-23\n   2.77439621e-24 -3.47423880e-23  6.30306612e-18  7.42252894e-24\n  -9.28213860e-23  1.60407868e-17 -1.40158943e-17 -1.86826273e-18\n   2.33955488e-17 -8.79215438e-12 -1.03536891e-17  1.29476627e-16\n  -1.97721778e-23 -1.50991824e-23 -2.17282326e-23  1.57220884e-18\n   1.85144196e-24 -2.31529577e-23 -1.33134845e-23  1.83151720e-23\n  -1.37374365e-18 -1.61772870e-24  2.02302851e-23  7.07440743e-24\n  -1.83116098e-19 -2.15638722e-25  2.69663845e-24  2.29307543e-18\n   2.70033998e-24 -3.37687166e-23 -4.89903400e-19  6.12642150e-18\n   7.21450549e-24]\n [ 1.33209892e-16 -1.85814616e-10  3.32273597e-17 -2.90328911e-17\n  -3.86996629e-18  4.84622505e-17 -8.79215373e-12 -1.03536886e-17\n   1.29476615e-16 -2.23753288e-11  1.95507784e-11  2.60602141e-12\n  -3.26345024e-11  1.22641842e-05  1.44423720e-11 -1.80607064e-10\n   2.75802202e-17  2.10618959e-17  3.03087917e-17 -2.19308016e-12\n  -2.58258325e-18  3.22961301e-17  1.85709744e-17 -2.55478567e-17\n   1.91623578e-12  2.25657049e-18 -2.82192283e-17 -9.86803194e-18\n   2.55426254e-13  3.00792042e-19 -3.76151491e-18 -3.19861702e-12\n  -3.76670941e-18  4.71040685e-17  6.83366875e-13 -8.54574836e-12\n  -1.00635219e-17]\n [-2.38205286e-23  3.32273597e-17 -2.10140461e-22 -8.59181756e-23\n  -5.72693649e-23 -5.77817983e-23  1.57220868e-18  1.85144197e-24\n  -2.31529613e-23  1.41508696e-16  5.78573301e-17  3.85652326e-17\n   3.89103165e-17 -2.19308025e-12 -2.58258339e-18  3.22961409e-17\n   2.12266043e-23 -1.13782166e-23 -1.73199831e-22  1.38697384e-17\n   1.63330872e-23 -2.04251124e-22  9.67254887e-23 -8.96081433e-23\n   5.67079232e-18  6.67795773e-24 -8.35102620e-23 -1.10128285e-22\n   3.77990703e-18  4.45123995e-24 -5.56643583e-23  3.81372952e-18\n   4.49106972e-24 -5.61624360e-23 -1.22199368e-19  1.52814695e-18\n   1.79955400e-24]\n [ 2.08135912e-23 -2.90328911e-17 -8.59181756e-23 -1.11412334e-22\n  -4.73993552e-23  4.80239755e-23 -1.37374453e-18 -1.61772880e-24\n   2.02302842e-23  5.78573403e-17  7.50251080e-17  3.19187428e-17\n  -3.23393670e-17  1.91623637e-12  2.25657064e-18 -2.82192303e-17\n   3.36698427e-23  7.98704205e-23 -9.00343274e-23  5.67079145e-18\n   6.67795771e-24 -8.35102693e-23  7.93095215e-23 -7.43011437e-23\n   7.35346373e-18  8.65948162e-24 -1.08289939e-22 -2.77521208e-24\n   3.12846421e-18  3.68409765e-24 -4.60709732e-23 -3.16969132e-18\n  -3.73264616e-24  4.66780797e-23  1.06773738e-19 -1.33524364e-18\n  -1.57239068e-24]\n [ 2.77439621e-24 -3.86996629e-18 -5.72693649e-23 -4.73993552e-23\n  -2.58772337e-22  2.34326025e-23 -1.83116228e-19 -2.15638488e-25\n   2.69663386e-24  3.85652389e-17  3.19187410e-17  1.74257407e-16\n  -1.57794941e-17  2.55427121e-13  3.00792197e-19 -3.76151433e-18\n   8.67953715e-23 -1.78632254e-23 -1.07239027e-22  3.77990681e-18\n   4.45123971e-24 -5.56643652e-23  6.26711935e-23 -5.34936589e-24\n   3.12846424e-18  3.68409751e-24 -4.60709633e-23 -1.14665461e-22\n   1.70795566e-17  2.01129833e-23 -2.51520121e-22 -1.54660456e-18\n  -1.82129080e-24  2.27758898e-23  1.42326338e-20 -1.77984584e-19\n  -2.09595140e-25]\n [-3.47423880e-23  4.84622505e-17 -5.77817983e-23  4.80239755e-23\n   2.34326025e-23 -2.47957263e-22  2.29307509e-18  2.70033803e-24\n  -3.37687046e-23  3.89103147e-17 -3.23393690e-17 -1.57794934e-17\n   1.66974568e-16 -3.19861701e-12 -3.76670977e-18  4.71040728e-17\n  -5.96244514e-23 -9.16262694e-23 -6.52240399e-23  3.81372845e-18\n   4.49106903e-24 -5.61624349e-23  5.64160001e-24  5.84736026e-23\n  -3.16969057e-18 -3.73264582e-24  4.66780801e-23 -4.39845037e-23\n  -1.54660456e-18 -1.82129085e-24  2.27758937e-23  1.63657388e-17\n   1.92723875e-23 -2.41008151e-22 -1.78228512e-19  2.22881141e-18\n   2.62465918e-24]\n [ 6.30306612e-18 -8.79215373e-12  1.57220868e-18 -1.37374453e-18\n  -1.83116228e-19  2.29307509e-18 -4.16016390e-13 -4.89903392e-19\n   6.12642045e-18 -1.05872715e-12  9.25080422e-13  1.23309511e-13\n  -1.54415848e-12  5.80301949e-07  6.83366907e-13 -8.54575043e-12\n   1.30500796e-18  9.96579835e-19  1.43411189e-18 -1.03769271e-13\n  -1.22199262e-19  1.52814646e-18  8.78720458e-19 -1.20884309e-18\n   9.06701719e-14  1.06773730e-19 -1.33524430e-18 -4.66927394e-19\n   1.20860629e-14  1.42326331e-20 -1.77984702e-19 -1.51348085e-13\n  -1.78228481e-19  2.22881100e-18  3.23347326e-14 -4.04357512e-13\n  -4.76173691e-19]\n [ 7.42252894e-24 -1.03536886e-17  1.85144197e-24 -1.61772880e-24\n  -2.15638488e-25  2.70033803e-24 -4.89903392e-19 -5.76913160e-25\n   7.21450494e-24 -1.24676313e-18  1.08937990e-18  1.45210188e-19\n  -1.81841029e-18  6.83366922e-13  8.04736872e-19 -1.00635209e-17\n   1.53678496e-24  1.17357825e-24  1.68881975e-24 -1.22199275e-19\n  -1.43902636e-25  1.79955438e-24  1.03478585e-24 -1.42354056e-24\n   1.06773758e-19  1.25737376e-25 -1.57239142e-24 -5.49855962e-25\n   1.42325868e-20  1.67604143e-26 -2.09595839e-25 -1.78228367e-19\n  -2.09882749e-25  2.62466130e-24  3.80775645e-20 -4.76173736e-19\n  -5.60744939e-25]\n [-9.28213860e-23  1.29476615e-16 -2.31529613e-23  2.02302842e-23\n   2.69663386e-24 -3.37687046e-23  6.12642045e-18  7.21450494e-24\n  -9.02200545e-23  1.55912148e-17 -1.36230937e-17 -1.81590377e-18\n   2.27398743e-17 -8.54575031e-12 -1.00635222e-17  1.25847981e-16\n  -1.92180460e-23 -1.46760236e-23 -2.11192901e-23  1.52814645e-18\n   1.79955386e-24 -2.25040869e-23 -1.29403724e-23  1.78018869e-23\n  -1.33524420e-18 -1.57239087e-24  1.96633235e-23  6.87614443e-24\n  -1.77984091e-19 -2.09595142e-25  2.62107774e-24  2.22881057e-18\n   2.62466094e-24 -3.28223282e-23 -4.76173870e-19  5.95472380e-18\n   7.01231597e-24]\n [ 1.60407868e-17 -2.23753288e-11  1.41508696e-16  5.78573403e-17\n   3.85652389e-17  3.89103147e-17 -1.05872715e-12 -1.24676313e-18\n   1.55912148e-17 -9.52920371e-11 -3.89611521e-11 -2.59698536e-11\n  -2.62022310e-11  1.47682190e-06  1.73911385e-12 -2.17482410e-11\n  -1.42940010e-17  7.66212039e-18  1.16632883e-16 -9.33989153e-12\n  -1.09987100e-17  1.37542836e-16 -6.51349794e-17  6.03421704e-17\n  -3.81871417e-12 -4.49693988e-18  5.62358576e-17  7.41604615e-17\n  -2.54539187e-12 -2.99746825e-18  3.74844261e-17 -2.56816822e-12\n  -3.02428967e-18  3.78198338e-17  8.22891561e-14 -1.02905573e-12\n  -1.21182215e-18]\n [-1.40158943e-17  1.95507784e-11  5.78573301e-17  7.50251080e-17\n   3.19187410e-17 -3.23393690e-17  9.25080422e-13  1.08937990e-18\n  -1.36230937e-17 -3.89611521e-11 -5.05219399e-11 -2.14940863e-11\n   2.17773443e-11 -1.29039537e-06 -1.51957674e-12  1.90028619e-11\n  -2.26732803e-17 -5.37847670e-17  6.06291568e-17 -3.81871368e-12\n  -4.49693933e-18  5.62358515e-17 -5.34070554e-17  5.00344225e-17\n  -4.95182564e-12 -5.83129849e-18  7.29224895e-17  1.86882677e-18\n  -2.10670828e-12 -2.48087173e-18  3.10241928e-17  2.13447123e-12\n   2.51356562e-18 -3.14330421e-17 -7.19015379e-14  8.99154799e-13\n   1.05884937e-18]\n [-1.86826273e-18  2.60602141e-12  3.85652326e-17  3.19187428e-17\n   1.74257407e-16 -1.57794934e-17  1.23309511e-13  1.45210188e-19\n  -1.81590377e-18 -2.59698536e-11 -2.14940863e-11 -1.17345009e-10\n   1.06258955e-11 -1.72003519e-07 -2.02552621e-13  2.53299046e-12\n  -5.84480243e-17  1.20291363e-17  7.22148294e-17 -2.54539158e-12\n  -2.99746812e-18  3.74844202e-17 -4.22028030e-17  3.60225852e-18\n  -2.10670828e-12 -2.48087240e-18  3.10241943e-17  7.72157879e-17\n  -1.15013815e-11 -1.35440922e-17  1.69373746e-16  1.04148212e-12\n   1.22645539e-18 -1.53372618e-17 -9.58418107e-15  1.19854070e-13\n   1.41140408e-19]\n [ 2.33955488e-17 -3.26345024e-11  3.89103165e-17 -3.23393670e-17\n  -1.57794941e-17  1.66974568e-16 -1.54415848e-12 -1.81841029e-18\n   2.27398743e-17 -2.62022310e-11  2.17773443e-11  1.06258955e-11\n  -1.12440770e-10  2.15395168e-06  2.53650491e-12 -3.17199182e-11\n   4.01511259e-17  6.17011898e-17  4.39219324e-17 -2.56816846e-12\n  -3.02428987e-18  3.78198348e-17 -3.79906112e-18 -3.93761558e-17\n   2.13447071e-12  2.51356499e-18 -3.14330340e-17  2.96192075e-17\n   1.04148184e-12  1.22645492e-18 -1.53372649e-17 -1.10206963e-11\n  -1.29780354e-17  1.62295019e-16  1.20019117e-13 -1.50088329e-12\n  -1.76744857e-18]\n [-8.79215438e-12  1.22641842e-05 -2.19308025e-12  1.91623637e-12\n   2.55427121e-13 -3.19861701e-12  5.80301949e-07  6.83366922e-13\n  -8.54575031e-12  1.47682190e-06 -1.29039537e-06 -1.72003519e-07\n   2.15395168e-06 -8.09463655e-01 -9.53228853e-07  1.19204741e-05\n  -1.82035642e-12 -1.39013271e-12 -2.00044856e-12  1.44748180e-07\n   1.70456330e-13 -2.13161817e-12 -1.22572647e-12  1.68621631e-12\n  -1.26475915e-07 -1.48938754e-13  1.86253275e-12  6.51312310e-13\n  -1.68587345e-08 -1.98529553e-14  2.48268618e-13  2.11115975e-07\n   2.48611397e-13 -3.10897494e-12 -4.51037605e-08  5.64038559e-07\n   6.64215211e-13]\n [-1.03536891e-17  1.44423720e-11 -2.58258339e-18  2.25657064e-18\n   3.00792197e-19 -3.76670977e-18  6.83366907e-13  8.04736872e-19\n  -1.00635222e-17  1.73911385e-12 -1.51957674e-12 -2.02552621e-13\n   2.53650491e-12 -9.53228853e-07 -1.12252789e-12  1.40376206e-11\n  -2.14366308e-18 -1.63702808e-18 -2.35573924e-18  1.70456277e-13\n   2.00730295e-19 -2.51020473e-18 -1.44342251e-18  1.98569799e-18\n  -1.48938779e-13 -1.75391138e-19  2.19332934e-18  7.66989102e-19\n  -1.98529432e-14 -2.33789366e-20  2.92362380e-19  2.48611306e-13\n   2.92766089e-19 -3.66114662e-18 -5.31144419e-14  6.64215214e-13\n   7.82183411e-19]\n [ 1.29476627e-16 -1.80607064e-10  3.22961409e-17 -2.82192303e-17\n  -3.76151433e-18  4.71040728e-17 -8.54575043e-12 -1.00635209e-17\n   1.25847981e-16 -2.17482410e-11  1.90028619e-11  2.53299046e-12\n  -3.17199182e-11  1.19204741e-05  1.40376206e-11 -1.75545460e-10\n   2.68072749e-17  2.04716284e-17  2.94593755e-17 -2.13161792e-12\n  -2.51020576e-18  3.13910238e-17  1.80505149e-17 -2.48318676e-17\n   1.86253316e-12  2.19332935e-18 -2.74283754e-17 -9.59147458e-18\n   2.48267866e-13  2.92362070e-19 -3.65609990e-18 -3.10897481e-12\n  -3.66114660e-18  4.57839561e-17  6.64215209e-13 -8.30624919e-12\n  -9.78148675e-18]\n [-1.97721778e-23  2.75802202e-17  2.12266043e-23  3.36698427e-23\n   8.67953715e-23 -5.96244514e-23  1.30500796e-18  1.53678496e-24\n  -1.92180460e-23 -1.42940010e-17 -2.26732803e-17 -5.84480243e-17\n   4.01511259e-17 -1.82035642e-12 -2.14366308e-18  2.68072749e-17\n  -5.60211115e-23 -4.63386566e-23  1.50036705e-23 -1.40100344e-18\n  -1.64983023e-24  2.06317214e-23 -5.51132109e-23  2.63774346e-23\n  -2.22228529e-18 -2.61697581e-24  3.27262277e-23  5.34065364e-23\n  -5.72868946e-18 -6.74613798e-24  8.43628776e-23  3.93534773e-18\n   4.63428798e-24 -5.79534493e-23 -1.01431263e-19  1.26843478e-18\n   1.49371532e-24]\n [-1.50991824e-23  2.10618959e-17 -1.13782166e-23  7.98704205e-23\n  -1.78632254e-23 -9.16262694e-23  9.96579835e-19  1.17357825e-24\n  -1.46760236e-23  7.66212039e-18 -5.37847670e-17  1.20291363e-17\n   6.17011898e-17 -1.39013271e-12 -1.63702808e-18  2.04716284e-17\n  -4.63386566e-23 -1.96633847e-22 -3.77134507e-23  7.50986997e-19\n   8.84366631e-25 -1.10593199e-23 -1.08535315e-22  4.97582048e-23\n  -5.27162777e-18 -6.20789956e-24  7.76320075e-23 -4.33293750e-23\n   1.17901253e-18  1.38841246e-24 -1.73625888e-23  6.04754111e-18\n   7.12161878e-24 -8.90584085e-23 -7.74588143e-20  9.68650817e-19\n   1.14068848e-24]\n [-2.17282326e-23  3.03087917e-17 -1.73199831e-22 -9.00343274e-23\n  -1.07239027e-22 -6.52240399e-23  1.43411189e-18  1.68881975e-24\n  -2.11192901e-23  1.16632883e-16  6.06291568e-17  7.22148294e-17\n   4.39219324e-17 -2.00044856e-12 -2.35573924e-18  2.94593755e-17\n   1.50036705e-23 -3.77134507e-23 -1.88739431e-22  1.14315802e-17\n   1.34618915e-23 -1.68345831e-22  6.48626371e-23 -6.05044518e-23\n   5.94246812e-18  6.99788446e-24 -8.75110602e-23 -7.56965617e-23\n   7.07801812e-18  8.33511448e-24 -1.04233610e-22  4.30493411e-18\n   5.06951613e-24 -6.33961197e-23 -1.11465905e-19  1.39391994e-18\n   1.64148808e-24]\n [ 1.57220884e-18 -2.19308016e-12  1.38697384e-17  5.67079145e-18\n   3.77990681e-18  3.81372845e-18 -1.03769271e-13 -1.22199275e-19\n   1.52814645e-18 -9.33989153e-12 -3.81871368e-12 -2.54539158e-12\n  -2.56816846e-12  1.44748180e-07  1.70456277e-13 -2.13161792e-12\n  -1.40100344e-18  7.50986997e-19  1.14315802e-17 -9.15434086e-13\n  -1.07802036e-18  1.34810345e-17 -6.38410020e-18  5.91433896e-18\n  -3.74285041e-13 -4.40760210e-19  5.51186554e-18  7.26871458e-18\n  -2.49482329e-13 -2.93791838e-19  3.67397302e-18 -2.51714669e-13\n  -2.96420792e-19  3.70684753e-18  8.06543037e-15 -1.00861131e-13\n  -1.18774590e-19]\n [ 1.85144196e-24 -2.58258325e-18  1.63330872e-23  6.67795771e-24\n   4.45123971e-24  4.49106903e-24 -1.22199262e-19 -1.43902636e-25\n   1.79955386e-24 -1.09987100e-17 -4.49693933e-18 -2.99746812e-18\n  -3.02428987e-18  1.70456330e-13  2.00730295e-19 -2.51020576e-18\n  -1.64983023e-24  8.84366631e-25  1.34618915e-23 -1.07802036e-18\n  -1.26948314e-24  1.58753423e-23 -7.51795274e-24  6.96475944e-24\n  -4.40760212e-19 -5.19041777e-25  6.49080355e-24  8.55968047e-24\n  -2.93791807e-19 -3.45970919e-25  4.32649206e-24 -2.96420708e-19\n  -3.49066718e-25  4.36520471e-24  9.49789693e-21 -1.18774640e-19\n  -1.39869711e-25]\n [-2.31529577e-23  3.22961301e-17 -2.04251124e-22 -8.35102693e-23\n  -5.56643652e-23 -5.61624349e-23  1.52814646e-18  1.79955438e-24\n  -2.25040869e-23  1.37542836e-16  5.62358515e-17  3.74844202e-17\n   3.78198348e-17 -2.13161817e-12 -2.51020473e-18  3.13910238e-17\n   2.06317214e-23 -1.10593199e-23 -1.68345831e-22  1.34810345e-17\n   1.58753423e-23 -1.98526872e-22  9.40147042e-23 -8.70968336e-23\n   5.51186565e-18  6.49080522e-24 -8.11698391e-23 -1.07041877e-22\n   3.67397287e-18  4.32649156e-24 -5.41043430e-23  3.70684729e-18\n   4.36520453e-24 -5.45884511e-23 -1.18774604e-19  1.48531853e-18\n   1.74912070e-24]\n [-1.33134845e-23  1.85709744e-17  9.67254887e-23  7.93095215e-23\n   6.26711935e-23  5.64160001e-24  8.78720458e-19  1.03478585e-24\n  -1.29403724e-23 -6.51349794e-17 -5.34070554e-17 -4.22028030e-17\n  -3.79906112e-18 -1.22572647e-12 -1.44342251e-18  1.80505149e-17\n  -5.51132109e-23 -1.08535315e-22  6.48626371e-23 -6.38410020e-18\n  -7.51795274e-24  9.40147042e-23 -1.38820516e-22  6.19080902e-23\n  -5.23460585e-18 -6.16430352e-24  7.70868223e-23  6.53237216e-23\n  -4.13643896e-18 -4.87109552e-24  6.09148024e-23 -3.72357484e-19\n  -4.38490589e-25  5.48347940e-24 -6.82981990e-20  8.54094248e-19\n   1.00578608e-24]\n [ 1.83151720e-23 -2.55478567e-17 -8.96081433e-23 -7.43011437e-23\n  -5.34936589e-24  5.84736026e-23 -1.20884309e-18 -1.42354056e-24\n   1.78018869e-23  6.03421704e-17  5.00344225e-17  3.60225852e-18\n  -3.93761558e-17  1.68621631e-12  1.98569799e-18 -2.48318676e-17\n   2.63774346e-23  4.97582048e-23 -6.05044518e-23  5.91433896e-18\n   6.96475944e-24 -8.70968336e-23  6.19080902e-23 -8.21565048e-23\n   4.90404215e-18  5.77502912e-24 -7.22188115e-23 -2.06855712e-23\n   3.53070088e-19  4.15777337e-25 -5.19944765e-24 -3.85938859e-18\n  -4.54483837e-24  5.68348444e-23  9.39568443e-20 -1.17496495e-18\n  -1.38364477e-24]\n [-1.37374365e-18  1.91623578e-12  5.67079232e-18  7.35346373e-18\n   3.12846424e-18 -3.16969057e-18  9.06701719e-14  1.06773758e-19\n  -1.33524420e-18 -3.81871417e-12 -4.95182564e-12 -2.10670828e-12\n   2.13447071e-12 -1.26475915e-07 -1.48938779e-13  1.86253316e-12\n  -2.22228529e-18 -5.27162777e-18  5.94246812e-18 -3.74285041e-13\n  -4.40760212e-19  5.51186565e-18 -5.23460585e-18  4.90404215e-18\n  -4.85345186e-13 -5.71545298e-19  7.14737919e-18  1.83170447e-19\n  -2.06485632e-13 -2.43158715e-19  3.04078751e-18  2.09206686e-13\n   2.46363009e-19 -3.08085847e-18 -7.04730619e-15  8.81290946e-14\n   1.03781318e-19]\n [-1.61772870e-24  2.25657049e-18  6.67795773e-24  8.65948162e-24\n   3.68409751e-24 -