{'theta_hat': '[-6.73247662e-12  9.39114488e-06  4.43670087e-12  2.53335559e-11\n  5.64569396e-12 -1.73006315e-11  2.28422787e-07  1.40271248e-11\n -2.72869091e-11 -2.98767280e-06 -1.70596241e-05 -3.80180941e-06\n  1.16502515e-05 -3.18627745e-01 -1.95664408e-05  3.80625287e-05\n  1.01827921e-11  9.49596809e-13 -1.34986005e-11 -4.81251451e-07\n  1.14382177e-11 -1.37874720e-11  7.25090228e-12 -1.81620153e-11\n -2.15008366e-06  2.79240944e-11 -2.12949609e-11 -4.19903712e-12\n -4.86261464e-07  6.66739189e-12 -5.42828957e-12  1.39006290e-06\n -1.41757328e-11  7.02497649e-12 -1.20613304e-06  2.04747737e-06\n -1.32931007e-11]', 'theta_bar': '[ 1.22480033e-11  4.94891873e-06  7.18598142e-12  2.02745290e-11\n  4.41668045e-12 -1.11456955e-11 -1.06348933e-06  1.50006558e-11\n -1.25999145e-11 -4.83904087e-06 -1.36528748e-05 -2.97419219e-06\n  7.50551343e-06 -1.54859711e-01 -1.11271556e-05  2.13116670e-05\n  1.25653574e-11  2.73728517e-12 -6.90766507e-12 -6.32387874e-07\n  9.32828488e-12 -8.20243779e-12  7.72297705e-12 -1.94892874e-11\n -1.78421943e-06  2.63188258e-11 -2.31423624e-11 -4.24562022e-12\n -3.88681091e-07  5.73339329e-12 -5.04141969e-12  9.80854691e-07\n -1.44684809e-11  1.27222543e-11 -1.32121978e-06  1.12279929e-06\n -1.72298038e-11]', 'grad_op_sum': '[[ 5.10796974e-22 -7.12511104e-16  2.20565877e-22  2.52185124e-22\n   6.81724004e-23 -4.03746442e-23 -3.70027238e-17  1.65979021e-22\n   1.80537951e-22 -1.48529179e-16 -1.69821451e-16 -4.59073586e-17\n   2.71882126e-17  5.16151245e-11 -2.31524162e-16 -2.51832666e-16\n   2.82084881e-22  1.11439286e-22 -6.60492677e-23 -1.74277053e-17\n   1.62327379e-22 -6.12987647e-23  1.95947087e-22 -3.94260831e-22\n  -2.39255082e-17  4.35709002e-22 -4.54279380e-22 -1.09392195e-22\n  -6.23030694e-18  1.02937695e-22 -9.99988996e-23  6.44494419e-18\n  -2.33257355e-22  3.23881425e-22 -1.52244811e-17 -8.16171019e-18\n  -2.48806298e-22]\n [-7.12511104e-16  9.93882305e-10 -3.07667473e-16 -3.51773057e-16\n  -9.50936961e-17  5.63185160e-17  5.16151273e-11 -2.31524171e-16\n  -2.51832681e-16  2.07183440e-10  2.36883961e-10  6.40361844e-11\n  -3.79247872e-11 -7.19979760e-05  3.22953101e-10  3.51281794e-10\n  -3.93480341e-16 -1.55446734e-16  9.21320896e-17  2.43099157e-11\n  -2.26430509e-16  8.55056078e-17 -2.73326688e-16  5.49954606e-16\n   3.33736955e-11 -6.07770631e-16  6.33674505e-16  1.52591226e-16\n   8.69065668e-12 -1.43587824e-16  1.39488504e-16 -8.99004890e-12\n   3.25370765e-16 -4.51782388e-16  2.12366323e-11  1.13847877e-11\n   3.47060003e-16]\n [ 2.20565877e-22 -3.07667473e-16  1.36301145e-22  2.69118390e-22\n   6.60259571e-23 -1.17136692e-22 -1.74277064e-17  1.62327394e-22\n  -6.12987783e-23 -9.17852414e-17 -1.81224361e-16 -4.44619069e-17\n   7.88798466e-17  2.43099159e-11 -2.26430520e-16  8.55056325e-17\n   1.99525140e-22  6.16415355e-23 -1.08858113e-22 -1.15003389e-17\n   1.46006984e-22 -1.08071815e-22  1.39590516e-22 -3.00841516e-22\n  -2.41153643e-17  3.76373024e-22 -3.48697005e-22 -7.87742707e-23\n  -5.86808445e-18  8.93120392e-23 -8.08986946e-23  1.10297135e-17\n  -1.97167338e-22  2.02997955e-22 -1.44394070e-17  7.32166237e-18\n  -2.00092529e-22]\n [ 2.52185124e-22 -3.51773057e-16  2.69118390e-22  7.49735584e-22\n   1.76435090e-22 -4.08997438e-22 -2.39255076e-17  4.35709019e-22\n  -4.54279372e-22 -1.81224382e-16 -5.04872098e-16 -1.18811420e-16\n   2.75418956e-16  3.33736928e-11 -6.07770628e-16  6.33674496e-16\n   4.42545791e-22  1.07781769e-22 -3.46105981e-22 -2.41153617e-17\n   3.76373005e-22 -3.48696971e-22  3.11282912e-22 -7.04270928e-22\n  -6.56013952e-17  9.49635826e-22 -8.19514150e-22 -1.77076624e-22\n  -1.54764846e-17  2.25886888e-22 -1.96556966e-22  3.53627284e-17\n  -4.91513743e-22  4.06304966e-22 -3.82090476e-17  3.82940426e-17\n  -4.84404957e-22]\n [ 6.81724004e-23 -9.50936961e-17  6.60259571e-23  1.76435090e-22\n   4.17032880e-23 -9.42354104e-23 -6.23030622e-18  1.02937694e-22\n  -9.99989029e-23 -4.44618951e-17 -1.18811425e-16 -2.80830024e-17\n   6.34581422e-17  8.69065517e-12 -1.43587817e-16  1.39488510e-16\n   1.06904555e-22  2.69220291e-23 -8.04054378e-23 -5.86808420e-18\n   8.93120303e-23 -8.08986913e-23  7.51445910e-23 -1.68996440e-22\n  -1.54764867e-17  2.25886875e-22 -1.96556978e-22 -4.27038269e-23\n  -3.66330514e-18  5.37164343e-23 -4.69577477e-23  8.20898597e-18\n  -1.17075240e-22  9.94945674e-23 -9.04087732e-18  8.57574546e-18\n  -1.15774034e-22]\n [-4.03746442e-23  5.63185160e-17 -1.17136692e-22 -4.08997438e-22\n  -9.42354104e-23  2.45295823e-22  6.44494407e-18 -2.33257348e-22\n   3.23881420e-22  7.88798572e-17  2.75418974e-16  6.34581297e-17\n  -1.65182274e-16 -8.99004812e-12  3.25370743e-16 -4.51782381e-16\n  -2.11018666e-22 -4.16415921e-23  2.00301665e-22  1.10297119e-17\n  -1.97167316e-22  2.02997940e-22 -1.48992095e-22  3.48287135e-22\n   3.53627272e-17 -4.91513711e-22  4.06304976e-22  8.52290898e-23\n   8.20898421e-18 -1.17075239e-22  9.94945631e-23 -2.05347025e-17\n   2.52631616e-22 -1.78929807e-22  2.03025790e-17 -2.56917289e-17\n   2.44660045e-22]\n [-3.70027238e-17  5.16151273e-11 -1.74277064e-17 -2.39255076e-17\n  -6.23030622e-18  6.44494407e-18  2.73170262e-12 -1.52244805e-17\n  -8.16171201e-18  1.17358260e-11  1.61114375e-11  4.19549285e-12\n  -4.34002112e-12 -3.81045371e-06  2.12366307e-11  1.13847891e-11\n  -2.31785405e-17 -8.55017931e-18  7.62112925e-18  1.40282423e-12\n  -1.44394052e-17  7.32166027e-18 -1.61357584e-17  3.31716364e-17\n   2.21986277e-12 -3.82090449e-17  3.82940419e-17  9.03799308e-18\n   5.63527602e-13 -9.04087709e-18  8.57574479e-18 -7.58043331e-13\n   2.03025789e-17 -2.56917287e-17  1.38057810e-12  2.08310435e-13\n   2.12951872e-17]\n [ 1.65979021e-22 -2.31524171e-16  1.62327394e-22  4.35709019e-22\n   1.02937694e-22 -2.33257348e-22 -1.52244805e-17  2.54097905e-22\n  -2.48806284e-22 -1.09311305e-16 -2.93406541e-16 -6.93182635e-17\n   1.57075541e-16  2.12366303e-11 -3.54441236e-16  3.47059986e-16\n   2.63259942e-22  6.60653738e-23 -1.98843076e-22 -1.44394052e-17\n   2.20358260e-22 -2.00092501e-22  1.85062214e-22 -4.16462232e-22\n  -3.82090470e-17  5.57182927e-22 -4.84404940e-22 -1.05180046e-22\n  -9.04087595e-18  1.32503297e-22 -1.15774023e-22  2.03025793e-17\n  -2.88740473e-22  2.44660031e-22 -2.23133584e-17  2.12951869e-17\n  -2.85427155e-22]\n [ 1.80537951e-22 -2.51832681e-16 -6.12987783e-23 -4.54279372e-22\n  -9.99989029e-23  3.23881420e-22 -8.16171201e-18 -2.48806284e-22\n   5.36112188e-22  4.12785556e-17  3.05911873e-16  6.73392375e-17\n  -2.18101875e-16  1.13847898e-11  3.47059967e-16 -7.47823282e-16\n  -1.63890167e-22 -6.47113355e-24  2.49128287e-22  7.32166042e-18\n  -2.00092499e-22  2.55097711e-22 -1.17211043e-22  3.03583325e-22\n   3.82940415e-17 -4.84404904e-22  3.56778631e-22  6.83000794e-23\n   8.57574283e-18 -1.15774029e-22  9.25819344e-23 -2.56917298e-17\n   2.44660033e-22 -9.96840391e-23  2.12951866e-17 -3.96698417e-17\n   2.26313724e-22]\n [-1.48529179e-16  2.07183440e-10 -9.17852414e-17 -1.81224382e-16\n  -4.44618951e-17  7.88798572e-17  1.17358260e-11 -1.09311305e-16\n   4.12785556e-17  6.18082156e-11  1.22036523e-10  2.99406586e-11\n  -5.31176948e-11 -1.63703092e-05  1.52478365e-10 -5.75794347e-11\n  -1.34360294e-16 -4.15094356e-17  7.33050683e-17  7.74433222e-12\n  -9.83211399e-17  7.27755741e-17 -9.40002983e-17  2.02586767e-16\n   1.62392918e-11 -2.53449694e-16  2.34812667e-16  5.30466190e-17\n   3.95156949e-12 -6.01427508e-17  5.44772039e-17 -7.42741051e-12\n   1.32772539e-16 -1.36698897e-16  9.72350017e-12 -4.93040554e-12\n   1.34742366e-16]\n [-1.69821451e-16  2.36883961e-10 -1.81224361e-16 -5.04872098e-16\n  -1.18811425e-16  2.75418974e-16  1.61114375e-11 -2.93406541e-16\n   3.05911873e-16  1.22036523e-10  3.39980976e-10  8.00076343e-11\n  -1.85467192e-10 -2.24738456e-05  4.09272863e-10 -4.26716607e-10\n  -2.98010408e-16 -7.25802544e-17  2.33067847e-16  1.62392882e-11\n  -2.53449655e-16  2.34812621e-16 -2.09617964e-16  4.74256166e-16\n   4.41759929e-11 -6.39484945e-16  5.51860972e-16  1.19243428e-16\n   1.04218678e-11 -1.52112273e-16  1.32361496e-16 -2.38132695e-11\n   3.30985446e-16 -2.73605820e-16  2.57299803e-11 -2.57872194e-11\n   3.26198386e-16]\n [-4.59073586e-17  6.40361844e-11 -4.44619069e-17 -1.18811420e-16\n  -2.80830024e-17  6.34581297e-17  4.19549285e-12 -6.93182635e-17\n   6.73392375e-17  2.99406586e-11  8.00076343e-11  1.89110994e-11\n  -4.27327159e-11 -5.85229366e-06  9.66920642e-11 -9.39315294e-11\n  -7.19895620e-17 -1.81293083e-17  5.41450295e-17  3.95157006e-12\n  -6.01427410e-17  5.44771858e-17 -5.06023918e-17  1.13802251e-16\n   1.04218691e-11 -1.52112275e-16  1.32361525e-16  2.87567705e-17\n   2.46687044e-12 -3.61726595e-17  3.16213596e-17 -5.52793190e-12\n   7.88384953e-17 -6.69996819e-17  6.08812864e-12 -5.77490589e-12\n   7.79622652e-17]\n [ 2.71882126e-17 -3.79247872e-11  7.88798466e-17  2.75418956e-16\n   6.34581422e-17 -1.65182274e-16 -4.34002112e-12  1.57075541e-16\n  -2.18101875e-16 -5.31176948e-11 -1.85467192e-10 -4.27327159e-11\n   1.11233788e-10  6.05389252e-06 -2.19104717e-10  3.04230432e-10\n   1.42099986e-16  2.80414421e-17 -1.34883190e-16 -7.42740840e-12\n   1.32772503e-16 -1.36698863e-16  1.00331289e-16 -2.34536595e-16\n  -2.38132671e-11  3.30985408e-16 -2.73605817e-16 -5.73932764e-17\n  -5.52793139e-12  7.88384842e-17 -6.69996520e-17  1.38280737e-11\n  -1.70122167e-16  1.20491332e-16 -1.36717602e-11  1.73008193e-11\n  -1.64754106e-16]\n [ 5.16151245e-11 -7.19979760e-05  2.43099159e-11  3.33736928e-11\n   8.69065517e-12 -8.99004812e-12 -3.81045371e-06  2.12366303e-11\n   1.13847898e-11 -1.63703092e-05 -2.24738456e-05 -5.85229366e-06\n   6.05389252e-06  5.31520429e+00 -2.96229795e-05 -1.58806671e-05\n   3.23317551e-11  1.19266497e-11 -1.06307113e-11 -1.95680012e-06\n   2.01415295e-11 -1.02129817e-11  2.25077755e-11 -4.62711266e-11\n  -3.09648688e-06  5.32978061e-11 -5.34163717e-11 -1.26070999e-11\n  -7.86064756e-07  1.26111216e-11 -1.19623089e-11  1.05739443e-06\n  -2.83200726e-11  3.58374043e-11 -1.92576865e-06 -2.90573318e-07\n  -2.97046630e-11]\n [-2.31524162e-16  3.22953101e-10 -2.26430520e-16 -6.07770628e-16\n  -1.43587817e-16  3.25370743e-16  2.12366307e-11 -3.54441236e-16\n   3.47059967e-16  1.52478365e-10  4.09272863e-10  9.66920642e-11\n  -2.19104717e-10 -2.96229795e-05  4.94410174e-10 -4.84114089e-10\n  -3.67221358e-16 -9.21546043e-17  2.77366263e-16  2.01415299e-11\n  -3.07377795e-16  2.79109087e-16 -2.58143328e-16  5.80923273e-16\n   5.32978099e-11 -7.77214611e-16  6.75696573e-16  1.46715672e-16\n   1.26111203e-11 -1.84828883e-16  1.61493214e-16 -2.83200736e-11\n   4.02764160e-16 -3.41276335e-16  3.11249096e-11 -2.97046629e-11\n   3.98142412e-16]\n [-2.51832666e-16  3.51281794e-10  8.55056325e-17  6.33674496e-16\n   1.39488510e-16 -4.51782381e-16  1.13847891e-11  3.47059986e-16\n  -7.47823282e-16 -5.75794347e-11 -4.26716607e-10 -9.39315294e-11\n   3.04230432e-10 -1.58806671e-05 -4.84114089e-10  1.04313924e-09\n   2.28610404e-16  9.02655212e-18 -3.47509181e-16 -1.02129830e-11\n   2.79109098e-16 -3.55835936e-16  1.63497693e-16 -4.23468440e-16\n  -5.34163746e-11  6.75696561e-16 -4.97670587e-16 -9.52717878e-17\n  -1.19623070e-11  1.61493232e-16 -1.29142565e-16  3.58374077e-11\n  -3.41276357e-16  1.39049223e-16 -2.97046641e-11  5.53354894e-11\n  -3.15685074e-16]\n [ 2.82084881e-22 -3.93480341e-16  1.99525140e-22  4.42545791e-22\n   1.06904555e-22 -2.11018666e-22 -2.31785405e-17  2.63259942e-22\n  -1.63890167e-22 -1.34360294e-16 -2.98010408e-16 -7.19895620e-17\n   1.42099986e-16  3.23317551e-11 -3.67221358e-16  2.28610404e-16\n   3.02889830e-22  8.71353987e-23 -1.88542192e-22 -1.71482940e-17\n   2.33335929e-22 -1.88313213e-22  2.12277897e-22 -4.64928409e-22\n  -3.93040525e-17  5.96910162e-22 -5.39600613e-22 -1.20107761e-22\n  -9.45573351e-18  1.41765260e-22 -1.26619150e-22  1.91690158e-17\n  -3.11371110e-22  2.98383023e-22 -2.32955830e-17  1.60224796e-17\n  -3.12786007e-22]\n [ 1.11439286e-22 -1.55446734e-16  6.16415355e-23  1.07781769e-22\n   2.69220291e-23 -4.16415921e-23 -8.55017931e-18  6.60653738e-23\n  -6.47113355e-24 -4.15094356e-17 -7.25802544e-17 -1.81293083e-17\n   2.80414421e-17  1.19266497e-11 -9.21546043e-17  9.02655212e-18\n   8.71353987e-23  2.87651173e-23 -4.08658321e-23 -5.11114547e-18\n   6.04134750e-23 -4.02460064e-23  6.08545055e-23 -1.29021835e-22\n  -9.75903961e-18  1.57043943e-22 -1.49340695e-22 -3.42515985e-23\n  -2.40573186e-18  3.72314607e-23 -3.42375987e-23  4.12181810e-18\n  -8.26495887e-23  9.14542605e-23 -5.91163662e-18  1.79106908e-18\n  -8.47941176e-23]\n [-6.60492677e-23  9.21320896e-17 -1.08858113e-22 -3.46105981e-22\n  -8.04054378e-23  2.00301665e-22  7.62112925e-18 -1.98843076e-22\n   2.49128287e-22  7.33050683e-17  2.33067847e-16  5.41450295e-17\n  -1.34883190e-16 -1.06307113e-11  2.77366263e-16 -3.47509181e-16\n  -1.88542192e-22 -4.08658321e-23  1.65731315e-22  1.00309685e-17\n  -1.69523142e-22  1.67592187e-22 -1.32910906e-22  3.06509794e-22\n   3.00641848e-17 -4.24637387e-22  3.57197115e-22  7.58530829e-23\n   7.02337596e-18 -1.01090290e-22  8.67314462e-23 -1.69691749e-17\n   2.18868856e-22 -1.65428424e-22  1.73582155e-17 -2.01661287e-17\n   2.13465852e-22]\n [-1.74277053e-17  2.43099157e-11 -1.15003389e-17 -2.41153617e-17\n  -5.86808420e-18  1.10297119e-17  1.40282423e-12 -1.44394052e-17\n   7.32166042e-18  7.74433222e-12  1.62392882e-11  3.95157006e-12\n  -7.42740840e-12 -1.95680012e-06  2.01415299e-11 -1.02129830e-11\n  -1.71482940e-17 -5.11114547e-18  1.00309685e-17  9.79421529e-13\n  -1.28874918e-17  9.99135243e-18 -1.20079650e-17  2.60946888e-17\n   2.15074631e-12 -3.30883649e-17  3.02663533e-17  6.78549166e-18\n   5.20210873e-13 -7.85524967e-18  7.06333927e-18 -1.01825737e-12\n   1.72952506e-17 -1.71633110e-17  1.28088256e-12 -7.71526710e-13\n   1.74589518e-17]\n [ 1.62327379e-22 -2.26430509e-16  1.46006984e-22  3.76373005e-22\n   8.93120303e-23 -1.97167316e-22 -1.44394052e-17  2.20358260e-22\n  -2.00092499e-22 -9.83211399e-17 -2.53449655e-16 -6.01427410e-17\n   1.32772503e-16  2.01415295e-11 -3.07377795e-16  2.79109098e-16\n   2.33335929e-22  6.04134750e-23 -1.69523142e-22 -1.28874918e-17\n   1.91938880e-22 -1.70352288e-22  1.63919401e-22 -3.66748763e-22\n  -3.30883667e-17  4.86477871e-22 -4.26384494e-22 -9.30733181e-23\n  -7.85524870e-18  1.15657994e-22 -1.01515135e-22  1.72952510e-17\n  -2.52441256e-22  2.19670921e-22 -1.93802107e-17  1.74589515e-17\n  -2.50377326e-22]\n [-6.12987647e-23  8.55056078e-17 -1.08071815e-22 -3.48696971e-22\n  -8.08986913e-23  2.02997940e-22  7.32166027e-18 -2.00092501e-22\n   2.55097711e-22  7.27755741e-17  2.34812621e-16  5.44771858e-17\n  -1.36698863e-16 -1.02129817e-11  2.79109087e-16 -3.55835936e-16\n  -1.88313213e-22 -4.02460064e-23  1.67592187e-22  9.99135243e-18\n  -1.70352288e-22  1.69536214e-22 -1.32782431e-22  3.06866692e-22\n   3.02663532e-17 -4.26384468e-22  3.57671755e-22  7.58073766e-23\n   7.06333849e-18 -1.01515142e-22  8.69635165e-23 -1.71633119e-17\n   2.19670926e-22 -1.64361678e-22  1.74589514e-17 -2.05761900e-17\n   2.14006579e-22]\n [ 1.95947087e-22 -2.73326688e-16  1.39590516e-22  3.11282912e-22\n   7.51445910e-23 -1.48992095e-22 -1.61357584e-17  1.85062214e-22\n  -1.17211043e-22 -9.40002983e-17 -2.09617964e-16 -5.06023918e-17\n   1.00331289e-16  2.25077755e-11 -2.58143328e-16  1.63497693e-16\n   2.12277897e-22  6.08545055e-23 -1.32910906e-22 -1.20079650e-17\n   1.63919401e-22 -1.32782431e-22  1.48785595e-22 -3.26114519e-22\n  -2.76353555e-17  4.19187482e-22 -3.78515111e-22 -8.41939471e-23\n  -6.64514333e-18  9.95602190e-23 -8.88664264e-23  1.35149095e-17\n  -2.18622038e-22  2.08794932e-22 -1.63721631e-17  1.13920406e-17\n  -2.19513281e-22]\n [-3.94260831e-22  5.49954606e-16 -3.00841516e-22 -7.04270928e-22\n  -1.68996440e-22  3.48287135e-22  3.31716364e-17 -4.16462232e-22\n   3.03583325e-22  2.02586767e-16  4.74256166e-16  1.13802251e-16\n  -2.34536595e-16 -4.62711266e-11  5.80923273e-16 -4.23468440e-16\n  -4.64928409e-22 -1.29021835e-22  3.06509794e-22  2.60946888e-17\n  -3.66748763e-22  3.06866692e-22 -3.26114519e-22  7.19700698e-22\n   6.23102185e-17 -9.35008541e-22  8.35807700e-22  1.84747384e-22\n   1.49164819e-17 -2.22147816e-22  1.97155480e-22 -3.12049331e-17\n   4.86803293e-22 -4.50829837e-22  3.67684186e-17 -2.81980205e-17\n   4.86753288e-22]\n [-2.39255082e-17  3.33736955e-11 -2.41153643e-17 -6.56013952e-17\n  -1.54764867e-17  3.53627272e-17  2.21986277e-12 -3.82090470e-17\n   3.82940415e-17  1.62392918e-11  4.41759929e-11  1.04218691e-11\n  -2.38132671e-11 -3.09648688e-06  5.32978099e-11 -5.34163746e-11\n  -3.93040525e-17 -9.75903961e-18  3.00641848e-17  2.15074631e-12\n  -3.30883667e-17  3.02663532e-17 -2.76353555e-17  6.23102185e-17\n   5.74819814e-12 -8.36001516e-17  7.24867106e-17  1.57116132e-17\n   1.35865516e-12 -1.98826362e-17  1.73465235e-17 -3.07042668e-12\n   4.33036729e-17 -3.63686683e-17  3.35362339e-12 -3.25884907e-12\n   4.27599716e-17]\n [ 4.35709002e-22 -6.07770631e-16  3.76373024e-22  9.49635826e-22\n   2.25886875e-22 -4.91513711e-22 -3.82090449e-17  5.57182927e-22\n  -4.84404904e-22 -2.53449694e-16 -6.39484945e-16 -1.52112275e-16\n   3.30985408e-16  5.32978061e-11 -7.77214611e-16  6.75696561e-16\n   5.96910162e-22  1.57043943e-22 -4.24637387e-22 -3.30883649e-17\n   4.86477871e-22 -4.26384468e-22  4.19187482e-22 -9.35008541e-22\n  -8.36001516e-17  1.23457909e-21 -1.08678105e-21 -2.37893011e-22\n  -1.98826327e-17  2.93473527e-22 -2.58214355e-22  4.33036715e-17\n  -6.41108655e-22  5.65744187e-22 -4.90442373e-17  4.27599686e-17\n  -6.37001879e-22]\n [-4.54279380e-22  6.33674505e-16 -3.48697005e-22 -8.19514150e-22\n  -1.96556978e-22  4.06304976e-22  3.82940419e-17 -4.84404940e-22\n   3.56778631e-22  2.34812667e-16  5.51860972e-16  1.32361525e-16\n  -2.73605817e-16 -5.34163717e-11  6.75696573e-16 -4.97670587e-16\n  -5.39600613e-22 -1.49340695e-22  3.57197115e-22  3.02663533e-17\n  -4.26384494e-22  3.57671755e-22 -3.78515111e-22  8.35807700e-22\n   7.24867106e-17 -1.08678105e-21  9.70689498e-22  2.14452516e-22\n   1.73465228e-17 -2.58214386e-22  2.29059321e-22 -3.63686703e-17\n   5.65744235e-22 -5.22625181e-22  4.27599708e-17 -3.30343069e-17\n   5.65496685e-22]\n [-1.09392195e-22  1.52591226e-16 -7.87742707e-23 -1.77076624e-22\n  -4.27038269e-23  8.52290898e-23  9.03799308e-18 -1.05180046e-22\n   6.83000794e-23  5.30466190e-17  1.19243428e-16  2.87567705e-17\n  -5.73932764e-17 -1.26070999e-11  1.46715672e-16 -9.52717878e-17\n  -1.20107761e-22 -3.42515985e-23  7.58530829e-23  6.78549166e-18\n  -9.30733181e-23  7.58073766e-23 -8.41939471e-23  1.84747384e-22\n   1.57116132e-17 -2.37893011e-22  2.14452516e-22  4.76519674e-23\n   3.77517167e-18 -5.65046218e-23  5.03876108e-23 -7.71464119e-18\n   1.24034688e-22 -1.17863533e-22  9.30192799e-18 -6.58295805e-18\n   1.24454316e-22]\n [-6.23030694e-18  8.69065668e-12 -5.86808445e-18 -1.54764846e-17\n  -3.66330514e-18  8.20898421e-18  5.63527602e-13 -9.04087595e-18\n   8.57574283e-18  3.95156949e-12  1.04218678e-11  2.46687044e-12\n  -5.52793139e-12 -7.86064756e-07  1.26111203e-11 -1.19623070e-11\n  -9.45573351e-18 -2.40573186e-18  7.02337596e-18  5.20210873e-13\n  -7.85524870e-18  7.06333849e-18 -6.64514333e-18  1.49164819e-17\n   1.35865516e-12 -1.98826327e-17  1.73465228e-17  3.77517167e-18\n   3.21939005e-13 -4.72772837e-18  4.13894322e-18 -7.16870222e-13\n   1.03095013e-17 -8.83747886e-18  7.94439570e-13 -7.39876405e-13\n   1.02059074e-17]\n [ 1.02937695e-22 -1.43587824e-16  8.93120392e-23  2.25886888e-22\n   5.37164343e-23 -1.17075239e-22 -9.04087709e-18  1.32503297e-22\n  -1.15774029e-22 -6.01427508e-17 -1.52112273e-16 -3.61726595e-17\n   7.88384842e-17  1.26111216e-11 -1.84828883e-16  1.61493232e-16\n   1.41765260e-22  3.72314607e-23 -1.01090290e-22 -7.85524967e-18\n   1.15657994e-22 -1.01515142e-22  9.95602190e-23 -2.22147816e-22\n  -1.98826362e-17  2.93473527e-22 -2.58214386e-22 -5.65046218e-23\n  -4.72772837e-18  6.97631341e-23 -6.13647135e-23  1.03095028e-17\n  -1.52386387e-22  1.34262806e-22 -1.16620832e-17  1.02059085e-17\n  -1.51379912e-22]\n [-9.99988996e-23  1.39488504e-16 -8.08986946e-23 -1.96556966e-22\n  -4.69577477e-23  9.94945631e-23  8.57574479e-18 -1.15774023e-22\n   9.25819344e-23  5.44772039e-17  1.32361496e-16  3.16213596e-17\n  -6.69996520e-17 -1.19623089e-11  1.61493214e-16 -1.29142565e-16\n  -1.26619150e-22 -3.42375987e-23  8.67314462e-23  7.06333927e-18\n  -1.01515135e-22  8.69635165e-23 -8.88664264e-23  1.97155480e-22\n   1.73465235e-17 -2.58214355e-22  2.29059321e-22  5.03876108e-23\n   4.13894322e-18 -6.13647135e-23  5.42263274e-23 -8.83747934e-18\n   1.34262802e-22 -1.21412336e-22  1.02059077e-17 -8.36565645e-18\n   1.33826152e-22]\n [ 6.44494419e-18 -8.99004890e-12  1.10297135e-17  3.53627284e-17\n   8.20898597e-18 -2.05347025e-17 -7.58043331e-13  2.03025793e-17\n  -2.56917298e-17 -7.42741051e-12 -2.38132695e-11 -5.52793190e-12\n   1.38280737e-11  1.05739443e-06 -2.83200736e-11  3.58374077e-11\n   1.91690158e-17  4.12181810e-18 -1.69691749e-17 -1.01825737e-12\n   1.72952510e-17 -1.71633119e-17  1.35149095e-17 -3.12049331e-17\n  -3.07042668e-12  4.33036715e-17 -3.63686703e-17 -7.71464119e-18\n  -7.16870222e-13  1.03095028e-17 -8.83747934e-18  1.73767673e-12\n  -2.23141129e-17  1.67689431e-17 -1.77185275e-12  2.07542967e-12\n  -2.17492882e-17]\n [-2.33257355e-22  3.25370765e-16 -1.97167338e-22 -4.91513743e-22\n  -1.17075240e-22  2.52631616e-22  2.03025789e-17 -2.88740473e-22\n   2.44660033e-22  1.32772539e-16  3.30985446e-16  7.88384953e-17\n  -1.70122167e-16 -2.83200726e-11  4.02764160e-16 -3.41276357e-16\n  -3.11371110e-22 -8.26495887e-23  2.18868856e-22  1.72952506e-17\n  -2.52441256e-22  2.19670926e-22 -2.18622038e-22  4.86803293e-22\n   4.33036729e-17 -6.41108655e-22  5.65744235e-22  1.24034688e-22\n   1.03095013e-17 -1.52386387e-22  1.34262802e-22 -2.23141129e-17\n   3.33060542e-22 -2.96221457e-22  2.54274989e-17 -2.17492874e-17\n   3.31261034e-22]\n [ 3.23881425e-22 -4.51782388e-16  2.02997955e-22  4.06304966e-22\n   9.94945674e-23 -1.78929807e-22 -2.56917287e-17  2.44660031e-22\n  -9.96840391e-23 -1.36698897e-16 -2.73605820e-16 -6.69996819e-17\n   1.20491332e-16  3.58374043e-11 -3.41276335e-16  1.39049223e-16\n   2.98383023e-22  9.14542605e-23 -1.65428424e-22 -1.71633110e-17\n   2.19670921e-22 -1.64361678e-22  2.08794932e-22 -4.50829837e-22\n  -3.63686683e-17  5.65744187e-22 -5.22625181e-22 -1.17863533e-22\n  -8.83747886e-18  1.34262806e-22 -1.21412336e-22  1.67689431e-17\n  -2.96221457e-22  3.02470203e-22 -2.17492867e-17  1.15045302e-17\n  -3.00253673e-22]\n [-1.52244811e-17  2.12366323e-11 -1.44394070e-17 -3.82090476e-17\n  -9.04087732e-18  2.03025790e-17  1.38057810e-12 -2.23133584e-17\n   2.12951866e-17  9.72350017e-12  2.57299803e-11  6.08812864e-12\n  -1.36717602e-11 -1.92576865e-06  3.11249096e-11 -2.97046641e-11\n  -2.32955830e-17 -5.91163662e-18  1.73582155e-17  1.28088256e-12\n  -1.93802107e-17  1.74589514e-17 -1.63721631e-17  3.67684186e-17\n   3.35362339e-12 -4.90442373e-17  4.27599708e-17  9.30192799e-18\n   7.94439570e-13 -1.16620832e-17  1.02059077e-17 -1.77185275e-12\n   2.54274989e-17 -2.17492867e-17  1.96047310e-12 -1.83440516e-12\n   2.51651217e-17]\n [-8.16171019e-18  1.13847877e-11  7.32166237e-18  3.82940426e-17\n   8.57574546e-18 -2.56917289e-17  2.08310435e-13  2.12951869e-17\n  -3.96698417e-17 -4.93040554e-12 -2.57872194e-11 -5.77490589e-12\n   1.73008193e-11 -2.90573318e-07 -2.97046629e-11  5.53354894e-11\n   1.60224796e-17  1.79106908e-18 -2.01661287e-17 -7.71526710e-13\n   1.74589515e-17 -2.05761900e-17  1.13920406e-17 -2.81980205e-17\n  -3.25884907e-12  4.27599686e-17 -3.30343069e-17 -6.58295805e-18\n  -7.39876405e-13  1.02059085e-17 -8.36565645e-18  2.07542967e-12\n  -2.17492874e-17  1.15045302e-17 -1.83440516e-12  2.99541203e-12\n  -2.04999721e-17]\n [-2.48806298e-22  3.47060003e-16 -2.00092529e-22 -4.84404957e-22\n  -1.15774034e-22  2.44660045e-22  2.12951872e-17 -2.85427155e-22\n   2.26313724e-22  1.34742366e-16  3.26198386e-16  7.79622652e-17\n  -1.64754106e-16 -2.97046630e-11  3.98142412e-16 -3.15685074e-16\n  -3.12786007e-22 -8.47941176e-23  2.13465852e-22  1.74589518e-17\n  -2.50377326e-22  2.14006579e-22 -2.19513281e-22  4.86753288e-22\n   4.27599716e-17 -6.37001879e-22  5.65496685e-22  1.24454316e-22\n   1.02059074e-17 -1.51379912e-22  1.33826152e-22 -2.17492882e-17\n   3.31261034e-22 -3.00253673e-22  2.51651217e-17 -2.04999721e-17\n   3.30284491e-22]]', 'hess_sum': '[[-1.31710148e-22  1.83722570e-16 -2.19448461e-23 -9.22450348e-25\n   2.83091756e-24 -1.54305639e-23  9.48986732e-18 -3.95855980e-23\n  -5.14867406e-23  1.47776986e-17  6.21143123e-19 -1.90631561e-18\n   1.03909609e-17 -1.32374235e-11  5.52179738e-17  7.18188956e-17\n  -3.16540889e-23 -1.10157894e-23 -4.01863030e-23  1.40714359e-18\n   4.28631679e-24 -2.52939636e-23 -7.37440933e-24  3.42163896e-23\n   5.39091652e-19 -2.98337448e-23  4.50408785e-23  1.91711458e-24\n  -1.88089639e-19 -1.42271254e-25  2.63213831e-24  5.93577627e-19\n   2.77694552e-23 -5.58121918e-23  3.64695157e-18  2.48884968e-18\n   6.08719204e-23]\n [ 1.83722570e-16 -2.56274813e-10  3.06109119e-17  1.28664801e-18\n  -3.94874804e-18  2.15242083e-17 -1.32374206e-11  5.52179744e-17\n   7.18188975e-17 -2.06134079e-11 -8.66399984e-13  2.65906320e-12\n  -1.44944205e-11  1.84648942e-05 -7.70236112e-11 -1.00180265e-10\n   4.41542729e-17  1.53659863e-17  5.60560353e-17 -1.96282454e-12\n  -5.97905734e-18  3.52826735e-17  1.02865803e-17 -4.77284238e-17\n  -7.51975251e-13  4.16150439e-17 -6.28274557e-17 -2.67413021e-18\n   2.62358837e-13  1.98526444e-19 -3.67160019e-18 -8.27988363e-13\n  -3.87355921e-17  7.78524972e-17 -5.08713537e-12 -3.47169677e-12\n  -8.49102980e-17]\n [-2.19448461e-23  3.06109119e-17 -5.44744940e-22 -1.67205999e-22\n  -3.13056972e-23 -1.69940342e-22  1.40714248e-18  4.28631056e-24\n  -2.52939620e-23  3.66831587e-16  1.12596579e-16  2.10812917e-17\n   1.14437992e-16 -1.96282502e-12 -5.97906221e-18  3.52826914e-17\n  -1.03490196e-22 -3.10731111e-23 -4.75929068e-23  4.33159385e-17\n  -4.18024564e-22  1.77683168e-22  1.47285748e-22 -2.89171312e-23\n   1.28243660e-17 -9.88436308e-23  9.27573415e-24 -2.14227770e-22\n   1.49502645e-18  3.81552576e-23 -8.53005869e-23  1.36840185e-17\n  -1.41104507e-22  7.18609677e-23 -3.36474291e-19  1.71656240e-18\n  -9.79728379e-25]\n [-9.22450348e-25  1.28664801e-18 -1.67205999e-22 -2.08401804e-22\n  -9.83254093e-24  8.95415297e-23  5.39090757e-19 -2.98337508e-23\n   4.50408598e-23  1.12596596e-16  1.40337829e-16  6.62123566e-18\n  -6.02972908e-17 -7.51974064e-13  4.16150613e-17 -6.28274626e-17\n  -4.88774838e-23  1.16263600e-22  2.33249384e-23  1.28243634e-17\n  -9.88436149e-23  9.27572322e-24  9.16165263e-23  1.71837660e-23\n   1.58888285e-17 -1.17244749e-22  2.41868718e-24 -8.12755915e-24\n  -1.77528264e-19  5.24504267e-23 -8.89516088e-23 -6.82336005e-18\n   5.01622164e-23 -7.12124595e-25  2.58986874e-18 -3.51864910e-18\n   3.06348045e-23]\n [ 2.83091756e-24 -3.94874804e-18 -3.13056972e-23 -9.83254093e-24\n  -4.31897597e-22 -9.18572012e-24 -1.88089730e-19 -1.42274869e-25\n   2.63212025e-24  2.10813053e-17  6.62123705e-18  2.90840018e-16\n   6.18569868e-18  2.62360110e-13  1.98523146e-19 -3.67158508e-18\n   1.35680617e-22 -9.96521883e-23 -2.10114456e-22  1.49502686e-18\n   3.81552703e-23 -8.53005874e-23 -5.73052500e-23 -2.64719667e-23\n  -1.77528346e-19  5.24504318e-23 -8.89516100e-23 -4.44392989e-23\n   3.23150985e-17 -2.04624849e-22 -5.39062982e-23  1.32390512e-18\n  -4.41638641e-23  6.00080709e-23  7.77657782e-21 -1.72307541e-19\n  -2.93334739e-25]\n [-1.54305639e-23  2.15242083e-17 -1.69940342e-22  8.95415297e-23\n  -9.18572012e-24 -3.80988424e-22  5.93576573e-19  2.77694481e-23\n  -5.58121714e-23  1.14437978e-16 -6.02972895e-17  6.18570303e-18\n   2.56557839e-16 -8.27988599e-13 -3.87355964e-17  7.78524905e-17\n  -3.57049782e-23 -1.83170453e-22 -1.05494850e-22  1.36840180e-17\n  -1.41104511e-22  7.18609536e-23  6.57289295e-25  4.14716345e-24\n  -6.82335925e-18  5.01622172e-23 -7.12121967e-25 -8.68092766e-23\n   1.32390482e-18 -4.41638679e-23  6.00080607e-23  2.80728801e-17\n  -1.53418400e-22 -8.91597196e-23 -2.38438502e-18  4.16870399e-18\n  -2.59904805e-23]\n [ 9.48986732e-18 -1.32374206e-11  1.40714248e-18  5.39090757e-19\n  -1.88089730e-19  5.93576573e-19 -6.96464313e-13  3.64695284e-18\n   2.48884970e-18 -9.47571231e-13 -3.63022492e-13  1.26657572e-13\n  -3.99715544e-13  9.71498967e-07 -5.08713886e-12 -3.47169823e-12\n   2.35065175e-18  6.37230110e-19  3.05847566e-18 -8.92429444e-14\n  -3.36476286e-19  1.71656222e-18  3.56064723e-19 -2.60819777e-18\n  -7.76650659e-14  2.58986814e-18 -3.51864961e-18 -1.30705940e-20\n   1.25237080e-14  7.77685738e-21 -1.72308148e-19 -1.78718596e-15\n  -2.38438605e-18  4.16870379e-18 -3.31720921e-13 -8.42402839e-14\n  -5.19818993e-18]\n [-3.95855980e-23  5.52179744e-17  4.28631056e-24 -2.98337508e-23\n  -1.42274869e-25  2.77694481e-23  3.64695284e-18 -6.15992115e-23\n   6.08719347e-23 -2.88642075e-18  2.00900496e-17  9.58131524e-20\n  -1.86999573e-17 -5.08713832e-12  8.59248506e-17 -8.49102952e-17\n  -1.38873927e-23  6.47431676e-24 -2.22720016e-23 -3.36475982e-19\n   3.01686183e-24 -9.79735045e-25  8.74443328e-24  1.92182012e-23\n   2.58986760e-18 -3.65021223e-23  3.06347901e-23 -7.24464284e-24\n   7.77654866e-21  1.12004936e-25 -2.93336901e-25 -2.38438563e-18\n   3.23329164e-23 -2.59904586e-23  5.40822399e-18 -5.19818823e-18\n   6.90931788e-23]\n [-5.14867406e-23  7.18188975e-17 -2.52939620e-23  4.50408598e-23\n   2.63212025e-24 -5.58121714e-23  2.48884970e-18  6.08719347e-23\n  -1.37401468e-22  1.70329748e-17 -3.03305248e-17 -1.77247283e-18\n   3.75839630e-17 -3.47169874e-12 -8.49102941e-17  1.91661395e-16\n  -5.65543653e-24 -1.93370058e-23 -5.03446494e-26  1.71656143e-18\n  -9.79740181e-25 -2.00602370e-23 -1.97195230e-23 -3.48549087e-25\n  -3.51864905e-18  3.06347788e-23 -8.65671758e-24  1.27629234e-23\n  -1.72306922e-19 -2.93343079e-25  2.69470878e-24  4.16870273e-18\n  -2.59904537e-23 -7.66079882e-24 -5.19818930e-18  1.01068310e-17\n  -5.42349438e-23]\n [ 1.47776986e-17 -2.06134079e-11  3.66831587e-16  1.12596596e-16\n   2.10813053e-17  1.14437978e-16 -9.47571231e-13 -2.88642075e-18\n   1.70329748e-17 -2.47024619e-10 -7.58225844e-11 -1.41961614e-11\n  -7.70626346e-11  1.32176730e-06  4.02630836e-12 -2.37593889e-11\n   6.96903428e-17  2.09247407e-17  3.20491631e-17 -2.91689803e-11\n   2.81498067e-16 -1.19651984e-16 -9.91822826e-17  1.94728307e-17\n  -8.63593296e-12  6.65613381e-17 -6.24626877e-18  1.44261138e-16\n  -1.00675276e-12 -2.56937630e-17  5.74414710e-17 -9.21482951e-12\n   9.50198882e-17 -4.83912290e-17  2.26582265e-13 -1.15593477e-12\n   6.59757754e-19]\n [ 6.21143123e-19 -8.66399984e-13  1.12596579e-16  1.40337829e-16\n   6.62123705e-18 -6.02972895e-17 -3.63022492e-13  2.00900496e-17\n  -3.03305248e-17 -7.58225844e-11 -9.45035410e-11 -4.45873825e-12\n   4.06042098e-11  5.06377870e-07 -2.80235854e-11  4.23080504e-11\n   3.29141022e-17 -7.82919449e-17 -1.57069998e-17 -8.63593154e-12\n   6.65613197e-17 -6.24626192e-18 -6.16946054e-17 -1.15715333e-17\n  -1.06995421e-11  7.89526204e-17 -1.62873658e-18  5.47309734e-18\n   1.19547602e-13 -3.53201241e-17  5.99000229e-17  4.59485255e-12\n  -3.37792427e-17  4.79526093e-19 -1.74401703e-12  2.36945989e-12\n  -2.06294693e-17]\n [-1.90631561e-18  2.65906320e-12  2.10812917e-17  6.62123566e-18\n   2.90840018e-16  6.18570303e-18  1.26657572e-13  9.58131524e-20\n  -1.77247283e-18 -1.41961614e-11 -4.45873825e-12 -1.95851776e-10\n  -4.16547875e-12 -1.76671480e-07 -1.33696829e-13  2.47244574e-12\n  -9.13673703e-17  6.71058463e-17  1.41491200e-16 -1.00675257e-12\n  -2.56937684e-17  5.74414606e-17  3.85893749e-17  1.78262329e-17\n   1.19548470e-13 -3.53201468e-17  5.99000452e-17  2.99254827e-17\n  -2.17610003e-11  1.37794426e-16  3.63005328e-17 -8.91520914e-13\n   2.97399800e-17 -4.04094428e-17 -5.23742514e-15  1.16032097e-13\n   1.97524561e-19]\n [ 1.03909609e-17 -1.44944205e-11  1.14437992e-16 -6.02972908e-17\n   6.18569868e-18  2.56557839e-16 -3.99715544e-13 -1.86999573e-17\n   3.75839630e-17 -7.70626346e-11  4.06042098e-11 -4.16547875e-12\n  -1.72766185e-10  5.57570010e-07  2.60845682e-11 -5.24259235e-11\n   2.40437579e-17  1.23347117e-16  7.10403001e-17 -9.21482972e-12\n   9.50199053e-17 -4.83912265e-17 -4.42626686e-19 -2.79271989e-18\n   4.59485141e-12 -3.37792412e-17  4.79536340e-19  5.84574413e-17\n  -8.91520887e-13  2.97399688e-17 -4.04094332e-17 -1.89042923e-11\n   1.03312043e-16  6.00401875e-17  1.60564608e-12 -2.80720796e-12\n   1.75019950e-17]\n [-1.32374235e-11  1.84648942e-05 -1.96282502e-12 -7.51974064e-13\n   2.62360110e-13 -8.27988599e-13  9.71498967e-07 -5.08713832e-12\n  -3.47169874e-12  1.32176730e-06  5.06377870e-07 -1.76671480e-07\n   5.57570010e-07 -1.35514482e+00  7.09605224e-06  4.84267260e-06\n  -3.27892291e-12 -8.88875362e-13 -4.26628482e-12  1.24485001e-07\n   4.69356123e-13 -2.39444325e-12 -4.96674765e-13  3.63817247e-12\n   1.08334509e-07 -3.61260285e-12  4.90816158e-12  1.82269908e-14\n  -1.74688529e-08 -1.08534037e-14  2.40354921e-13  2.49361176e-09\n   3.32597812e-12 -5.81492921e-12  4.62717871e-07  1.17506913e-07\n   7.25095784e-12]\n [ 5.52179738e-17 -7.70236112e-11 -5.97906221e-18  4.16150613e-17\n   1.98523146e-19 -3.87355964e-17 -5.08713886e-12  8.59248506e-17\n  -8.49102941e-17  4.02630836e-12 -2.80235854e-11 -1.33696829e-13\n   2.60845682e-11  7.09605224e-06 -1.19856630e-10  1.18441498e-10\n   1.93714920e-17 -9.03102570e-18  3.10673631e-17  4.69356834e-13\n  -4.20831133e-18  1.36670442e-18 -1.21975843e-17 -2.68073995e-17\n  -3.61260287e-12  5.09167285e-17 -4.27324165e-17  1.01055586e-17\n  -1.08530238e-14 -1.56131360e-19  4.09096015e-19  3.32597814e-12\n  -4.51011345e-17  3.62540924e-17 -7.54393784e-12  7.25095924e-12\n  -9.63781312e-17]\n [ 7.18188956e-17 -1.00180265e-10  3.52826914e-17 -6.28274626e-17\n  -3.67158508e-18  7.78524905e-17 -3.47169823e-12 -8.49102952e-17\n   1.91661395e-16 -2.37593889e-11  4.23080504e-11  2.47244574e-12\n  -5.24259235e-11  4.84267260e-06  1.18441498e-10 -2.67348666e-10\n   7.88881938e-18  2.69732338e-17  7.01706526e-20 -2.39444290e-12\n   1.36669536e-18  2.79820284e-17  2.75067409e-17  4.86142128e-19\n   4.90816211e-12 -4.27324050e-17  1.20752082e-17 -1.78029594e-17\n   2.40353784e-13  4.09100417e-19 -3.75874050e-18 -5.81492906e-12\n   3.62540776e-17  1.06861636e-17  7.25095822e-12 -1.40980280e-11\n   7.56523878e-17]\n [-3.16540889e-23  4.41542729e-17 -1.03490196e-22 -4.88774838e-23\n   1.35680617e-22 -3.57049782e-23  2.35065175e-18 -1.38873927e-23\n  -5.65543653e-24  6.96903428e-17  3.29141022e-17 -9.13673703e-17\n   2.40437579e-17 -3.27892291e-12  1.93714920e-17  7.88881938e-18\n  -1.60821219e-22  2.56008363e-23  1.25915964e-22  9.57444685e-18\n  -1.63547528e-22  1.62989708e-22 -1.03940048e-23  1.05971964e-22\n   5.04212698e-18 -1.09773547e-22  1.26949889e-22  1.02569986e-23\n  -1.00307383e-17  5.67128971e-23  2.85628038e-23  1.83036249e-18\n   3.56847061e-23 -8.52563345e-23  1.25594302e-18  7.48846854e-20\n   1.90996588e-23]\n [-1.10157894e-23  1.53659863e-17 -3.10731111e-23  1.16263600e-22\n  -9.96521883e-23 -1.83170453e-22  6.37230110e-19  6.47431676e-24\n  -1.93370058e-23  2.09247407e-17 -7.82919449e-17  6.71058463e-17\n   1.23347117e-16 -8.88875362e-13 -9.03102570e-18  2.69732338e-17\n   2.56008363e-23 -4.04904352e-22 -1.70437596e-22  2.48419699e-18\n  -2.46820189e-23  1.14214234e-23 -2.01331497e-22  7.12661807e-24\n  -8.47433741e-18  4.10349172e-23  3.60910086e-23 -3.37201939e-23\n   8.37668608e-18 -1.04783699e-22  7.59954099e-23  1.41037049e-17\n  -1.11713982e-22  1.54347329e-23 -5.43939366e-19  1.37883167e-18\n  -4.90983588e-24]\n [-4.01863030e-23  5.60560353e-17 -4.75929068e-23  2.33249384e-23\n  -2.10114456e-22 -1.05494850e-22  3.05847566e-18 -2.22720016e-23\n  -5.03446494e-26  3.20491631e-17 -1.57069998e-17  1.41491200e-16\n   7.10403001e-17 -4.26628482e-12  3.10673631e-17  7.01706526e-20\n   1.25915964e-22 -1.70437596e-22 -4.65545271e-22  3.77795922e-19\n   1.76515092e-22 -3.11719827e-22 -2.52389359e-24 -1.65280346e-22\n  -4.03348784e-18  1.54152121e-22 -2.16905002e-22 -7.52300355e-23\n   1.61313651e-17 -1.25209797e-22  1.31935641e-23  7.84888651e-18\n  -4.72069359e-23 -1.74290074e-23  1.99715773e-18 -4.60210827e-19\n   2.89915630e-23]\n [ 1.40714359e-18 -1.96282454e-12  4.33159385e-17  1.28243634e-17\n   1.49502686e-18  1.36840180e-17 -8.92429444e-14 -3.36475982e-19\n   1.71656143e-18 -2.91689803e-11 -8.63593154e-12 -1.00675257e-12\n  -9.21482972e-12  1.24485001e-07  4.69356834e-13 -2.39444290e-12\n   9.57444685e-18  2.48419699e-18  3.77795922e-19 -3.50678750e-12\n   3.71467584e-17 -2.01303270e-17 -1.08335553e-17  5.73348654e-19\n  -1.00382094e-12  8.84545463e-18 -2.65358052e-18  1.64297805e-17\n  -4.84060537e-14 -3.25984528e-18  6.28204969e-18 -1.12032975e-12\n   1.25164261e-17 -7.55959481e-18  2.69223431e-14 -1.17442209e-13\n   1.25810544e-19]\n [ 4.28631679e-24 -5.97905734e-18 -4.18024564e-22 -9.88436149e-23\n   3.81552703e-23 -1.41104511e-22 -3.36476286e-19  3.01686183e-24\n  -9.79740181e-25  2.81498067e-16  6.65613197e-17 -2.56937684e-17\n   9.50199053e-17  4.69356123e-13 -4.20831133e-18  1.36669536e-18\n  -1.63547528e-22 -2.46820189e-23  1.76515092e-22  3.71467584e-17\n  -5.65119083e-22  5.11672878e-22  5.81154688e-23  8.57491264e-23\n   8.84545477e-18 -1.37498988e-22  1.26938418e-22 -1.26574234e-22\n  -3.25984695e-18  4.34059655e-23 -3.41449762e-23  1.25164260e-17\n  -1.89350009e-22  1.70555286e-22 -2.68657592e-19  1.25811832e-19\n  -3.74773569e-24]\n [-2.52939636e-23  3.52826735e-17  1.77683168e-22  9.27572322e-24\n  -8.53005874e-23  7.18609536e-23  1.71656222e-18 -9.79735045e-25\n  -2.00602370e-23 -1.19651984e-16 -6.24626192e-18  5.74414606e-17\n  -4.83912265e-17 -2.39444325e-12  1.36670442e-18  2.79820284e-17\n   1.62989708e-22  1.14214234e-23 -3.11719827e-22 -2.01303270e-17\n   5.11672878e-22 -6.34485807e-22  3.63026763e-23 -1.56372582e-22\n  -2.65358029e-18  1.26938427e-22 -1.87080418e-22  1.17824945e-23\n   6.28204913e-18 -3.41449541e-23 -2.02760768e-23 -7.55959515e-18\n   1.70555291e-22 -2.00720757e-22  1.25809883e-19  1.27025199e-18\n   4.92153107e-24]\n [-7.37440933e-24  1.02865803e-17  1.47285748e-22  9.16165263e-23\n  -5.73052500e-23  6.57289295e-25  3.56064723e-19  8.74443328e-24\n  -1.97195230e-23 -9.91822826e-17 -6.16946054e-17  3.85893749e-17\n  -4.42626686e-19 -4.96674765e-13 -1.21975843e-17  2.75067409e-17\n  -1.03940048e-23 -2.01331497e-22 -2.52389359e-24 -1.08335553e-17\n   5.81154688e-23  3.63026763e-23 -2.52123942e-22  6.32651679e-23\n  -6.31766072e-18  9.81171353e-24  6.30389878e-23  1.38500219e-22\n   6.42184831e-18 -1.60615244e-22  1.97861914e-22  6.62764623e-20\n  -6.90874194e-24  1.11728151e-23 -7.46770520e-19  1.45067968e-18\n  -7.79439506e-24]\n [ 3.42163896e-23 -4.77284238e-17 -2.89171312e-23  1.71837660e-23\n  -2.64719667e-23  4.14716345e-24 -2.60819777e-18  1.92182012e-23\n  -3.48549087e-25  1.94728307e-17 -1.15715333e-17  1.78262329e-17\n  -2.79271989e-18  3.63817247e-12 -2.68073995e-17  4.86142128e-19\n   1.05971964e-22  7.12661807e-24 -1.65280346e-22  5.73348654e-19\n   8.57491264e-23 -1.56372582e-22  6.32651679e-23 -1.74665946e-22\n  -3.14690493e-18  1.24533672e-22 -1.76644279e-22 -2.76756697e-23\n   2.21192192e-18 -2.70039465e-23  1.89109364e-23  9.21500761e-19\n  -7.50672098e-23  1.18845764e-22 -1.72257729e-18  4.22327569e-19\n  -2.49451424e-23]\n [ 5.39091652e-19 -7.51975251e-13  1.28243660e-17  1.58888285e-17\n  -1.77528346e-19 -6.82335925e-18 -7.76650659e-14  2.58986760e-18\n  -3.51864905e-18 -8.63593296e-12 -1.06995421e-11  1.19548470e-13\n   4.59485141e-12  1.08334509e-07 -3.61260287e-12  4.90816211e-12\n   5.04212698e-18 -8.47433741e-18 -4.03348784e-18 -1.00382094e-12\n   8.84545477e-18 -2.65358029e-18 -6.31766072e-18 -3.14690493e-18\n  -1.23648290e-12  1.05084049e-17 -2.59531303e-18  6.54192818e-19\n   8.44516013e-14 -4.53474228e-18  6.81441229e-18  5.30740504e-13\n  -4.49654782e-18  1.08962102e-18 -2.25567155e-13  2.80275450e-13\n  -2.73054777e-18]\n [-2.98337448e-23  4.16150439e-17 -9.88436308e-23 -1.17244749e-22\n   5.24504318e-23  