{'theta_hat': '[-1.98115585e-11  2.76351680e-05  1.01290045e-11 -4.82268788e-12\n  1.89241208e-12  6.57559644e-12  1.37938857e-06 -1.21396190e-11\n  4.13713714e-11 -6.82087674e-06  3.24760366e-06 -1.27435238e-06\n -4.42801021e-06 -1.92411087e+00  1.69335697e-05 -5.77089757e-05\n -8.95360278e-12  4.61767905e-13  2.10635804e-13 -7.00801519e-07\n  6.62987855e-12 -2.14160725e-11  4.71661364e-12  4.93004818e-12\n  2.98533356e-07 -6.51024905e-12  1.22902467e-11 -6.35544615e-14\n -1.33673421e-07  9.76961637e-13 -3.83781619e-12 -4.43138222e-07\n  5.43134989e-12 -1.46067307e-11  7.19280547e-07 -2.80187835e-06\n  3.28544588e-11]', 'theta_bar': '[ 5.14586761e-13  1.00491696e-05 -2.82645033e-22  3.08601695e-20\n  1.60946302e-20  3.03321324e-20 -4.27597723e-08 -3.46246357e-13\n -6.61601328e-13 -5.51966708e-15  6.02656485e-13  3.14305875e-13\n  5.92344655e-13 -8.35039278e-01 -6.76171334e-06 -1.29201596e-05\n -1.69504433e-29 -8.84023329e-30 -1.66604081e-29  2.34864891e-17\n  1.90181361e-22  3.63395119e-22  9.65207511e-28  1.81904164e-27\n -2.56433693e-15 -2.07646650e-20 -3.96767497e-20  9.48692083e-28\n -1.33738898e-15 -1.08294797e-20 -2.06927752e-20 -2.52045936e-15\n -2.04093672e-20 -3.89978523e-20  3.28910202e-08  5.24043551e-08\n  1.99720092e-13]', 'grad_op_sum': '[[ 3.77848860e-22 -5.27061857e-16 -1.96562258e-22  1.20370855e-22\n  -3.46339001e-23 -1.36608324e-22 -2.53020689e-17  3.27528206e-22\n  -8.48968709e-22  1.32365126e-16 -8.10578559e-17  2.33225049e-17\n   9.19921156e-17  3.52938886e-11 -4.56869507e-16  1.18422747e-15\n   1.76018326e-22 -8.29134730e-24 -1.03353007e-23  1.31367740e-17\n  -1.72839234e-22  4.43177608e-22 -9.65136400e-23 -1.17554888e-22\n  -7.84445948e-18  1.24955136e-22 -2.83323831e-22 -1.78665738e-23\n   2.33030069e-18 -2.89625130e-23  7.71560287e-23  9.06258141e-18\n  -1.26545688e-22  3.12013479e-22 -2.12021105e-17  5.63939916e-17\n  -7.79418660e-22]\n [-5.27061857e-16  7.35199256e-10  2.74184944e-16 -1.67905459e-16\n   4.83108713e-17  1.90555125e-16  3.52938881e-11 -4.56869513e-16\n   1.18422754e-15 -1.84636283e-10  1.13067707e-10 -3.25325918e-11\n  -1.28319919e-10 -4.92314901e-05  6.37287859e-10 -1.65188041e-09\n  -2.45528188e-16  1.15656109e-17  1.44167242e-17 -1.83245028e-11\n   2.41093668e-16 -6.18189011e-16  1.34626999e-16  1.63977463e-16\n   1.09422466e-11 -1.74300079e-16  3.95208773e-16  2.49221069e-17\n  -3.25053939e-12  4.03998464e-17 -1.07625043e-16 -1.26414064e-11\n   1.76518742e-16 -4.35228001e-16  2.95748510e-11 -7.86640508e-11\n   1.08721208e-15]\n [-1.96562258e-22  2.74184944e-16  1.02340864e-22 -6.33445145e-23\n   1.79797497e-23  7.13518560e-23  1.31367732e-17 -1.72839237e-22\n   4.43177607e-22 -6.89163907e-17  4.26562601e-17 -1.21075824e-17\n  -4.80483766e-17 -1.83245020e-11  2.41093669e-16 -6.18188978e-16\n  -9.17015245e-23  4.30009319e-24  5.53810497e-24 -6.82807813e-18\n   9.10995517e-23 -2.31435080e-22  5.03754098e-23  6.17552595e-23\n   4.13578809e-18 -6.50236257e-23  1.48639850e-22  9.78223892e-24\n  -1.20665215e-18  1.53308119e-23 -4.02389091e-23 -4.73010300e-18\n   6.64178231e-23 -1.63168546e-22  1.12209797e-17 -2.94125249e-17\n   4.09371570e-22]\n [ 1.20370855e-22 -1.67905459e-16 -6.33445145e-23  4.44432402e-23\n  -1.07200930e-23 -4.59237135e-23 -7.84445937e-18  1.24955142e-22\n  -2.83323824e-22  4.26562292e-17 -2.99281201e-17  7.21892162e-18\n   3.09250516e-17  1.09422466e-11 -1.74300086e-16  3.95208744e-16\n   5.72021719e-23 -2.53065451e-24 -4.64923092e-24  4.13578834e-18\n  -6.50236280e-23  1.48639847e-22 -3.21544309e-23 -4.25017653e-23\n  -2.96085835e-18  3.99766096e-23 -1.00763701e-22 -9.78867349e-24\n   6.95303628e-19 -1.14447560e-23  2.54300096e-23  3.01825821e-18\n  -4.52435313e-23  1.06576877e-22 -8.36141410e-18  1.86001707e-17\n  -2.81113541e-22]\n [-3.46339001e-23  4.83108713e-17  1.79797497e-23 -1.07200930e-23\n   3.19065634e-24  1.23980986e-23  2.33030108e-18 -2.89625137e-23\n   7.71560289e-23 -1.21075727e-17  7.21892169e-18 -2.14859136e-18\n  -8.34888600e-18 -3.25053998e-12  4.03998468e-17 -1.07625037e-16\n  -1.60760118e-23  7.65677921e-25  8.77647904e-25 -1.20665242e-18\n   1.53308119e-23 -4.02389093e-23  8.77417289e-24  1.05156287e-23\n   6.95303786e-19 -1.14447557e-23  2.54300103e-23  1.42720871e-24\n  -2.16014326e-19  2.54077876e-24 -7.02848805e-24 -8.23943070e-19\n   1.13460206e-23 -2.82305996e-23  1.86084706e-18 -5.13650501e-18\n   6.97564117e-23]\n [-1.36608324e-22  1.90555125e-16  7.13518560e-23 -4.59237135e-23\n   1.23980986e-23  5.03380281e-23  9.06258123e-18 -1.26545688e-22\n   3.12013477e-22 -4.80483769e-17  3.09250741e-17 -8.34889252e-18\n  -3.38976538e-17 -1.26414063e-11  1.76518741e-16 -4.35227974e-16\n  -6.40830272e-23  2.95400881e-24  4.27173415e-24 -4.73010319e-18\n   6.64178225e-23 -1.63168545e-22  3.54491438e-23  4.44937179e-23\n   3.01825815e-18 -4.52435294e-23  1.06576879e-22  8.07533454e-24\n  -8.23942905e-19  1.13460204e-23 -2.82305993e-23 -3.32825166e-18\n   4.76959891e-23 -1.15637463e-22  8.29928438e-18 -2.06391741e-17\n   2.94734876e-22]\n [-2.53020689e-17  3.52938881e-11  1.31367732e-17 -7.84445937e-18\n   2.33030108e-18  9.06258123e-18  1.70196599e-12 -2.12021094e-17\n   5.63939859e-17 -8.84630988e-12  5.28246702e-12 -1.56922722e-12\n  -6.10274690e-12 -2.37407455e-06  2.95748491e-11 -7.86640388e-11\n  -1.17468278e-17  5.59139417e-19  6.44023391e-19 -8.81426106e-13\n   1.12209789e-17 -2.94125220e-17  6.41300016e-18  7.69289182e-18\n   5.08930135e-13 -8.36141334e-18  1.86001692e-17  1.05126719e-18\n  -1.57712091e-13  1.86084691e-18 -5.13650449e-18 -6.02213795e-13\n   8.29928393e-18 -2.06391721e-17  1.36283335e-12 -3.75384812e-12\n   5.10300487e-17]\n [ 3.27528206e-22 -4.56869513e-16 -1.72839237e-22  1.24955142e-22\n  -2.89625137e-23 -1.26545688e-22 -2.12021094e-17  3.53612903e-22\n  -7.79418660e-22  1.16390033e-16 -8.41449096e-17  1.95033861e-17\n   8.52159295e-17  2.95748501e-11 -4.93255087e-16  1.08721203e-15\n   1.56391593e-22 -6.81279642e-24 -1.35462960e-23  1.12209800e-17\n  -1.83506471e-22  4.09371570e-22 -8.84217251e-23 -1.18982845e-22\n  -8.36141370e-18  1.08888171e-22 -2.81113545e-22 -2.93398959e-23\n   1.86084655e-18 -3.26056558e-23  6.97564117e-23  8.29928424e-18\n  -1.26362342e-22  2.94734879e-22 -2.38124159e-17  5.10300544e-17\n  -7.86573884e-22]\n [-8.48968709e-22  1.18422754e-15  4.43177607e-22 -2.83323824e-22\n   7.71560289e-23  3.12013477e-22  5.63939859e-17 -7.79418660e-22\n   1.93466605e-21 -2.98436031e-16  1.90790545e-16 -5.19569506e-17\n  -2.10110035e-16 -7.86640441e-11  1.08721207e-15 -2.69866801e-15\n  -3.97867710e-22  1.83957110e-23  2.60855490e-23 -2.94125238e-17\n   4.09371564e-22 -1.01149289e-21  2.19823763e-22  2.74792322e-22\n   1.86001689e-17 -2.81113527e-22  6.58759995e-22  4.87910670e-23\n  -5.13650358e-18  6.97564102e-23 -1.75153023e-22 -2.06391724e-17\n   2.94734875e-22 -7.16199962e-22  5.10300513e-17 -1.28048603e-16\n   1.82049906e-21]\n [ 1.32365126e-16 -1.84636283e-10 -6.89163907e-17  4.26562292e-17\n  -1.21075727e-17 -4.80483769e-17 -8.84630988e-12  1.16390033e-16\n  -2.98436031e-16  4.64083332e-11 -2.87247479e-11  8.15325221e-12\n   3.23558017e-11  1.23397291e-05 -1.62352604e-10  4.16288779e-10\n   6.17518541e-17 -2.89568497e-18 -3.72936284e-18  4.59803134e-12\n  -6.13464859e-17  1.55848503e-16 -3.39228271e-17 -4.15860240e-17\n  -2.78504187e-12  4.37869432e-17 -1.00094153e-16 -6.58736502e-18\n   8.12560176e-13 -1.03237768e-17  2.70969023e-17  3.18525382e-12\n  -4.47257968e-17  1.09877784e-16 -7.55621366e-12  1.98064095e-11\n  -2.75671029e-16]\n [-8.10578559e-17  1.13067707e-10  4.26562601e-17 -2.99281201e-17\n   7.21892169e-18  3.09250741e-17  5.28246702e-12 -8.41449096e-17\n   1.90790545e-16 -2.87247479e-11  2.01536245e-11 -4.86122926e-12\n  -2.08249604e-11 -7.36852014e-06  1.17373841e-10 -2.66133961e-10\n  -3.85200001e-17  1.70414538e-18  3.13079616e-18 -2.78504410e-12\n   4.37869723e-17 -1.00094220e-16  2.16528258e-17  2.86207294e-17\n   1.99384479e-12 -2.69202895e-17  6.78543738e-17  6.59170066e-18\n  -4.68218193e-13  7.70690926e-18 -1.71245939e-17 -2.03249808e-12\n   3.04670375e-17 -7.17689741e-17  5.63058396e-12 -1.25253736e-11\n   1.89302128e-16]\n [ 2.33225049e-17 -3.25325918e-11 -1.21075824e-17  7.21892162e-18\n  -2.14859136e-18 -8.34889252e-18 -1.56922722e-12  1.95033861e-17\n  -5.19569506e-17  8.15325221e-12 -4.86122926e-12  1.44686370e-12\n   5.62214856e-12  2.18891707e-06 -2.72052979e-11  7.24748129e-11\n   1.08256032e-17 -5.15608326e-19 -5.91008950e-19  8.12561013e-13\n  -1.03237844e-17  2.70969236e-17 -5.90853721e-18 -7.08123518e-18\n  -4.68218278e-13  7.70691056e-18 -1.71245952e-17 -9.61083626e-19\n   1.45464278e-13 -1.71096298e-18  4.73299123e-18  5.54844126e-13\n  -7.64042196e-18  1.90105152e-17 -1.25309629e-12  3.45892786e-12\n  -4.69740394e-17]\n [ 9.19921156e-17 -1.28319919e-10 -4.80483766e-17  3.09250516e-17\n  -8.34888600e-18 -3.38976538e-17 -6.10274690e-12  8.52159295e-17\n  -2.10110035e-16  3.23558017e-11 -2.08249604e-11  5.62214856e-12\n   2.28266974e-11  8.51272956e-06 -1.18867808e-10  2.93082740e-10\n   4.31535434e-17 -1.98923107e-18 -2.87658782e-18  3.18525394e-12\n  -4.47257947e-17  1.09877782e-16 -2.38714716e-17 -2.99620920e-17\n  -2.03249654e-12  3.04670160e-17 -7.17689238e-17 -5.43793396e-18\n   5.54843583e-13 -7.64041573e-18  1.90105000e-17  2.24124637e-12\n  -3.21185031e-17  7.78703261e-17 -5.58874219e-12  1.38984304e-11\n  -1.98474614e-16]\n [ 3.52938886e-11 -4.92314901e-05 -1.83245020e-11  1.09422466e-11\n  -3.25053998e-12 -1.26414063e-11 -2.37407455e-06  2.95748501e-11\n  -7.86640441e-11  1.23397291e-05 -7.36852014e-06  2.18891707e-06\n   8.51272956e-06  3.31159965e+00 -4.12539957e-05  1.09728570e-04\n   1.63856654e-11 -7.79944293e-13 -8.98349084e-13  1.22950241e-06\n  -1.56521582e-11  4.10275651e-11 -8.94550223e-12 -1.07308248e-11\n  -7.09907311e-07  1.16633463e-11 -2.59454002e-11 -1.46641403e-12\n   2.19992799e-07 -2.59569781e-12  7.16491677e-12  8.40028804e-07\n  -1.15766820e-11  2.87896080e-11 -1.90101803e-06  5.23624760e-06\n  -7.11818815e-11]\n [-4.56869507e-16  6.37287859e-10  2.41093669e-16 -1.74300086e-16\n   4.03998468e-17  1.76518741e-16  2.95748491e-11 -4.93255087e-16\n   1.08721207e-15 -1.62352604e-10  1.17373841e-10 -2.72052979e-11\n  -1.18867808e-10 -4.12539957e-05  6.88042145e-10 -1.51655343e-09\n  -2.18150831e-16  9.50317831e-18  1.88957455e-17 -1.56521592e-11\n   2.55973409e-16 -5.71032921e-16  1.23339576e-16  1.65969322e-16\n   1.16633466e-11 -1.51888247e-16  3.92125640e-16  4.09262582e-17\n  -2.59569720e-12  4.54816707e-17 -9.73033068e-17 -1.15766821e-11\n   1.76262990e-16 -4.11126055e-16  3.32159692e-11 -7.11818872e-11\n   1.09719291e-15]\n [ 1.18422747e-15 -1.65188041e-09 -6.18188978e-16  3.95208744e-16\n  -1.07625037e-16 -4.35227974e-16 -7.86640388e-11  1.08721203e-15\n  -2.69866801e-15  4.16288779e-10 -2.66133961e-10  7.24748129e-11\n   2.93082740e-10  1.09728570e-04 -1.51655343e-09  3.76437525e-09\n   5.54986147e-16 -2.56601994e-17 -3.63867637e-17  4.10275648e-11\n  -5.71032887e-16  1.41093264e-15 -3.06632432e-16 -3.83308141e-16\n  -2.59453980e-11  3.92125598e-16 -9.18905110e-16 -6.80587184e-17\n   7.16491502e-12 -9.73033007e-17  2.44321162e-16  2.87896065e-11\n  -4.11126032e-16  9.99028189e-16 -7.11818800e-11  1.78615150e-10\n  -2.53941634e-15]\n [ 1.76018326e-22 -2.45528188e-16 -9.17015245e-23  5.72021719e-23\n  -1.60760118e-23 -6.40830272e-23 -1.17468278e-17  1.56391593e-22\n  -3.97867710e-22  6.17518541e-17 -3.85200001e-17  1.08256032e-17\n   4.31535434e-17  1.63856654e-11 -2.18150831e-16  5.54986147e-16\n   8.22057218e-23 -3.84198087e-24 -5.06569319e-24  6.11057657e-18\n  -8.23595428e-23  2.07831259e-22 -4.52208122e-23 -5.56971065e-23\n  -3.73975552e-18  5.82409241e-23 -1.33928549e-22 -9.08116478e-24\n   1.07684673e-18 -1.39024706e-23  3.60999993e-23  4.24602119e-18\n  -5.98627552e-23  1.46677864e-22 -1.01742515e-17  2.63882294e-17\n  -3.69159352e-22]\n [-8.29134730e-24  1.15656109e-17  4.30009319e-24 -2.53065451e-24\n   7.65677921e-25  2.95400881e-24  5.59139417e-19 -6.81279642e-24\n   1.83957110e-23 -2.89568497e-18  1.70414538e-18 -5.15608326e-19\n  -1.98923107e-18 -7.79944293e-13  9.50317831e-18 -2.56601994e-17\n  -3.84198087e-24  1.83951972e-25  2.02157017e-25 -2.89160525e-19\n   3.61180350e-24 -9.58947848e-24  2.09228152e-24  2.48782693e-24\n   1.63748639e-19 -2.73887655e-24  6.02636589e-24  3.17661540e-25\n  -5.19895778e-20  5.95261088e-25 -1.67763358e-24 -1.96482803e-19\n   2.68734006e-24 -6.71632239e-24  4.36067335e-19 -1.22595751e-18\n   1.65073412e-23]\n [-1.03353007e-23  1.44167242e-17  5.53810497e-24 -4.64923092e-24\n   8.77647904e-25  4.27173415e-24  6.44023391e-19 -1.35462960e-23\n   2.60855490e-23 -3.72936284e-18  3.13079616e-18 -5.91008950e-19\n  -2.87658782e-18 -8.98349084e-13  1.88957455e-17 -3.63867637e-17\n  -5.06569319e-24  2.02157017e-25  5.84613067e-25 -3.48386685e-19\n   6.94460817e-24 -1.37817048e-23  2.95330310e-24  4.33979701e-24\n   3.17346582e-19 -3.45568425e-24  1.00875557e-23  1.40039416e-24\n  -5.32690550e-20  1.28582712e-24 -2.29971179e-24 -2.77085246e-19\n   4.55847984e-24 -1.01320707e-23  9.37564670e-19 -1.68380775e-18\n   2.86217603e-23]\n [ 1.31367740e-17 -1.83245028e-11 -6.82807813e-18  4.13578834e-18\n  -1.20665242e-18 -4.73010319e-18 -8.81426106e-13  1.12209800e-17\n  -2.94125238e-17  4.59803134e-12 -2.78504410e-12  8.12561013e-13\n   3.18525394e-12  1.22950241e-06 -1.56521592e-11  4.10275648e-11\n   6.11057657e-18 -2.89160525e-19 -3.48386685e-19  4.57126465e-13\n  -5.92879033e-18  1.53479249e-17 -3.34415725e-18 -4.04630908e-18\n  -2.69005049e-13  4.34297952e-18 -9.76565739e-18 -5.88125606e-19\n   8.13977681e-14 -9.89055261e-19  2.67564432e-18  3.14022934e-13\n  -4.35988214e-18  1.07899498e-17 -7.24176606e-13  1.95554481e-12\n  -2.68335699e-17]\n [-1.72839234e-22  2.41093668e-16  9.10995517e-23 -6.50236280e-23\n   1.53308119e-23  6.64178225e-23  1.12209789e-17 -1.83506471e-22\n   4.09371564e-22 -6.13464859e-17  4.37869723e-17 -1.03237844e-17\n  -4.47257947e-17 -1.56521582e-11  2.55973409e-16 -5.71032887e-16\n  -8.23595428e-23  3.61180350e-24  6.94460817e-24 -5.92879033e-18\n   9.53407327e-23 -2.14907995e-22  4.64492318e-23  6.20289444e-23\n   4.34297942e-18 -5.74356352e-23  1.46767143e-22  1.48672353e-23\n  -9.89054971e-19  1.68729268e-23 -3.66832037e-23 -4.35988193e-18\n   6.59415599e-23 -1.54455105e-22  1.23244992e-17 -2.68335705e-17\n   4.10150053e-22]\n [ 4.43177608e-22 -6.18189011e-16 -2.31435080e-22  1.48639847e-22\n  -4.02389093e-23 -1.63168545e-22 -2.94125220e-17  4.09371570e-22\n  -1.01149289e-21  1.55848503e-16 -1.00094220e-16  2.70969236e-17\n   1.09877782e-16  4.10275651e-11 -5.71032921e-16  1.41093264e-15\n   2.07831259e-22 -9.58947848e-24 -1.37817048e-23  1.53479249e-17\n  -2.14907995e-22  5.28922781e-22 -1.14922934e-22 -1.44059567e-22\n  -9.76565660e-18  1.46767136e-22 -3.45159316e-22 -2.59667742e-23\n   2.67564369e-18 -3.66832036e-23  9.15363256e-23  1.07899492e-17\n  -1.54455106e-22  3.74740590e-22 -2.68335694e-17  6.69207712e-17\n  -9.54314862e-22]\n [-9.65136400e-23  1.34626999e-16  5.03754098e-23 -3.21544309e-23\n   8.77417289e-24  3.54491438e-23  6.41300016e-18 -8.84217251e-23\n   2.19823763e-22 -3.39228271e-17  2.16528258e-17 -5.90853721e-18\n  -2.38714716e-17 -8.94550223e-12  1.23339576e-16 -3.06632432e-16\n  -4.52208122e-23  2.09228152e-24  2.95330310e-24 -3.34415725e-18\n   4.64492318e-23 -1.14922934e-22  2.49776574e-23  3.11939250e-23\n   2.11038033e-18 -3.19564127e-23  7.47956736e-23  5.50992186e-24\n  -5.84357956e-19  7.91021402e-24 -1.99043472e-23 -2.34515218e-18\n   3.34621620e-23 -8.13555327e-23  5.78682914e-18 -1.45512952e-17\n   2.06665652e-22]\n [-1.17554888e-22  1.63977463e-16  6.17552595e-23 -4.25017653e-23\n   1.05156287e-23  4.44937179e-23  7.69289182e-18 -1.18982845e-22\n   2.74792322e-22 -4.15860240e-17  2.86207294e-17 -7.08123518e-18\n  -2.99620920e-17 -1.07308248e-11  1.65969322e-16 -3.83308141e-16\n  -5.56971065e-23  2.48782693e-24  4.33979701e-24 -4.04630908e-18\n   6.20289444e-23 -1.44059567e-22  3.11939250e-23  4.07601829e-23\n   2.82327967e-18 -3.90162781e-23  9.68525787e-23  8.95371017e-24\n  -6.85997757e-19  1.08489286e-23 -2.47093018e-23 -2.92824302e-18\n   4.34559149e-23 -1.03021766e-22  7.92810753e-18 -1.80711446e-17\n   2.69683565e-22]\n [-7.84445948e-18  1.09422466e-11  4.13578809e-18 -2.96085835e-18\n   6.95303786e-19  3.01825815e-18  5.08930135e-13 -8.36141370e-18\n   1.86001689e-17 -2.78504187e-12  1.99384479e-12 -4.68218278e-13\n  -2.03249654e-12 -7.09907311e-07  1.16633466e-11 -2.59453980e-11\n  -3.73975552e-18  1.63748639e-19  3.17346582e-19 -2.69005049e-13\n   4.34297942e-18 -9.76565660e-18  2.11038033e-18  2.82327967e-18\n   1.97845043e-13 -2.60703671e-18  6.67787641e-18  6.81283481e-19\n  -4.48142226e-14  7.69323184e-19 -1.66625296e-18 -1.98085880e-13\n   3.00066229e-18 -7.02150665e-18  5.61916122e-13 -1.21887543e-12\n   1.86672493e-17]\n [ 1.24955136e-22 -1.74300079e-16 -6.50236257e-23  3.99766096e-23\n  -1.14447557e-23 -4.52435294e-23 -8.36141334e-18  1.08888171e-22\n  -2.81113527e-22  4.37869432e-17 -2.69202895e-17  7.70691056e-18\n   3.04670160e-17  1.16633463e-11 -1.51888247e-16  3.92125598e-16\n   5.82409241e-23 -2.73887655e-24 -3.45568425e-24  4.34297952e-18\n  -5.74356352e-23  1.46767136e-22 -3.19564127e-23 -3.90162781e-23\n  -2.60703671e-18  4.13275641e-23 -9.39881696e-23 -6.02260418e-24\n   7.69323038e-19 -9.63972184e-24  2.55392920e-23  3.00066222e-18\n  -4.19861384e-23  1.03383231e-22 -7.05632582e-18  1.86672503e-17\n  -2.58668751e-22]\n [-2.83323831e-22  3.95208773e-16  1.48639850e-22 -1.00763701e-22\n   2.54300103e-23  1.06576879e-22  1.86001692e-17 -2.81113545e-22\n   6.58759995e-22 -1.00094153e-16  6.78543738e-17 -1.71245952e-17\n  -7.17689238e-17 -2.59454002e-11  3.92125640e-16 -9.18905110e-16\n  -1.33928549e-22  6.02636589e-24  1.00875557e-23 -9.76565739e-18\n   1.46767143e-22 -3.45159316e-22  7.47956736e-23  9.68525787e-23\n   6.67787641e-18 -9.39881696e-23  2.30548098e-22  2.04564671e-23\n  -1.66625265e-18  2.55392931e-23 -5.93197175e-23 -7.02150688e-18\n   1.03383236e-22 -2.46328702e-22  1.86672504e-17 -4.33799617e-17\n   6.40978636e-22]\n [-1.78665738e-23  2.49221069e-17  9.78223892e-24 -9.78867349e-24\n   1.42720871e-24  8.07533454e-24  1.05126719e-18 -2.93398959e-23\n   4.87910670e-23 -6.58736502e-18  6.59170066e-18 -9.61083626e-19\n  -5.43793396e-18 -1.46641403e-12  4.09262582e-17 -6.80587184e-17\n  -9.08116478e-24  3.17661540e-25  1.40039416e-24 -5.88125606e-19\n   1.48672353e-23 -2.59667742e-23  5.50992186e-24  8.95371017e-24\n   6.81283481e-19 -6.02260418e-24  2.04564671e-23  3.59787225e-24\n  -7.85666673e-20  2.86007429e-24 -4.21984228e-24 -5.16689126e-19\n   9.29657494e-24 -1.95777565e-23  2.08246507e-18 -3.09316312e-18\n   5.89057859e-23]\n [ 2.33030069e-18 -3.25053939e-12 -1.20665215e-18  6.95303628e-19\n  -2.16014326e-19 -8.23942905e-19 -1.57712091e-13  1.86084655e-18\n  -5.13650358e-18  8.12560176e-13 -4.68218193e-13  1.45464278e-13\n   5.54843583e-13  2.19992799e-07 -2.59569720e-12  7.16491502e-12\n   1.07684673e-18 -5.19895778e-20 -5.32690550e-20  8.13977681e-14\n  -9.89054971e-19  2.67564369e-18 -5.84357956e-19 -6.85997757e-19\n  -4.48142226e-14  7.69323038e-19 -1.66625265e-18 -7.85666673e-20\n   1.47348277e-14 -1.61499175e-19  4.69278538e-19  5.48788352e-14\n  -7.42391456e-19  1.86886447e-18 -1.18355405e-13  3.42898046e-13\n  -4.55361747e-18]\n [-2.89625130e-23  4.03998464e-17  1.53308119e-23 -1.14447560e-23\n   2.54077876e-24  1.13460204e-23  1.86084691e-18 -3.26056558e-23\n   6.97564102e-23 -1.03237768e-17  7.70690926e-18 -1.71096298e-18\n  -7.64041573e-18 -2.59569781e-12  4.54816707e-17 -9.73033007e-17\n  -1.39024706e-23  5.95261088e-25  1.28582712e-24 -9.89055261e-19\n   1.68729268e-23 -3.66832036e-23  7.91021402e-24  1.08489286e-23\n   7.69323184e-19 -9.63972184e-24  2.55392931e-23  2.86007429e-24\n  -1.61499175e-19  3.02705205e-24 -6.22352922e-24 -7.42391616e-19\n   1.14935422e-23 -2.65281282e-23  2.20986637e-18 -4.55361880e-18\n   7.16823130e-23]\n [ 7.71560287e-23 -1.07625043e-16 -4.02389091e-23  2.54300096e-23\n  -7.02848805e-24 -2.82305993e-23 -5.13650449e-18  6.97564117e-23\n  -1.75153023e-22  2.70969023e-17 -1.71245939e-17  4.73299123e-18\n   1.90105000e-17  7.16491677e-12 -9.73033068e-17  2.44321162e-16\n   3.60999993e-23 -1.67763358e-24 -2.29971179e-24  2.67564432e-18\n  -3.66832037e-23  9.15363256e-23 -1.99043472e-23 -2.47093018e-23\n  -1.66625296e-18  2.55392920e-23 -5.93197175e-23 -4.21984228e-24\n   4.69278538e-19 -6.22352922e-24  1.58737617e-23  1.86886484e-18\n  -2.65281284e-23  6.47140516e-23 -4.55361862e-18  1.16041024e-17\n  -1.63733518e-22]\n [ 9.06258141e-18 -1.26414064e-11 -4.73010300e-18  3.01825821e-18\n  -8.23943070e-19 -3.32825166e-18 -6.02213795e-13  8.29928424e-18\n  -2.06391724e-17  3.18525382e-12 -2.03249808e-12  5.54844126e-13\n   2.24124637e-12  8.40028804e-07 -1.15766821e-11  2.87896065e-11\n   4.24602119e-18 -1.96482803e-19 -2.77085246e-19  3.14022934e-13\n  -4.35988193e-18  1.07899492e-17 -2.34515218e-18 -2.92824302e-18\n  -1.98085880e-13  3.00066222e-18 -7.02150688e-18 -5.16689126e-19\n   5.48788352e-14 -7.42391616e-19  1.86886484e-18  2.20186502e-13\n  -3.14124992e-18  7.63803429e-18 -5.43109744e-13  1.36625231e-12\n  -1.94002746e-17]\n [-1.26545688e-22  1.76518742e-16  6.64178231e-23 -4.52435313e-23\n   1.13460206e-23  4.76959891e-23  8.29928393e-18 -1.26362342e-22\n   2.94734875e-22 -4.47257968e-17  3.04670375e-17 -7.64042196e-18\n  -3.21185031e-17 -1.15766820e-11  1.76262990e-16 -4.11126032e-16\n  -5.98627552e-23  2.68734006e-24  4.55847984e-24 -4.35988214e-18\n   6.59415599e-23 -1.54455106e-22  3.34621620e-23  4.34559149e-23\n   3.00066229e-18 -4.19861384e-23  1.03383236e-22  9.29657494e-24\n  -7.42391456e-19  1.14935422e-23 -2.65281284e-23 -3.14124992e-18\n   4.63680384e-23 -1.10301879e-22  8.40033576e-18 -1.94002760e-17\n   2.87570683e-22]\n [ 3.12013479e-22 -4.35228001e-16 -1.63168546e-22  1.06576877e-22\n  -2.82305996e-23 -1.15637463e-22 -2.06391721e-17  2.94734879e-22\n  -7.16199962e-22  1.09877784e-16 -7.17689741e-17  1.90105152e-17\n   7.78703261e-17  2.87896080e-11 -4.11126055e-16  9.99028189e-16\n   1.46677864e-22 -6.71632239e-24 -1.01320707e-23  1.07899498e-17\n  -1.54455105e-22  3.74740590e-22 -8.13555327e-23 -1.03021766e-22\n  -7.02150665e-18  1.03383231e-22 -2.46328702e-22 -1.95777565e-23\n   1.86886447e-18 -2.65281282e-23  6.47140516e-23  7.63803429e-18\n  -1.10301879e-22  2.66102599e-22 -1.94002751e-17  4.73155445e-17\n  -6.82255058e-22]\n [-2.12021105e-17  2.95748510e-11  1.12209797e-17 -8.36141410e-18\n   1.86084706e-18  8.29928438e-18  1.36283335e-12 -2.38124159e-17\n   5.10300513e-17 -7.55621366e-12  5.63058396e-12 -1.25309629e-12\n  -5.58874219e-12 -1.90101803e-06  3.32159692e-11 -7.11818800e-11\n  -1.01742515e-17  4.36067335e-19  9.37564670e-19 -7.24176606e-13\n   1.23244992e-17 -2.68335694e-17  5.78682914e-18  7.92810753e-18\n   5.61916122e-13 -7.05632582e-18  1.86672504e-17  2.08246507e-18\n  -1.18355405e-13  2.20986637e-18 -4.55361862e-18 -5.43109744e-13\n   8.40033576e-18 -1.94002751e-17  1.61332266e-12 -3.33174774e-12\n   5.23850832e-17]\n [ 5.63939916e-17 -7.86640508e-11 -2.94125249e-17  1.86001707e-17\n  -5.13650501e-18 -2.06391741e-17 -3.75384812e-12  5.10300544e-17\n  -1.28048603e-16  1.98064095e-11 -1.25253736e-11  3.45892786e-12\n   1.38984304e-11  5.23624760e-06 -7.11818872e-11  1.78615150e-10\n   2.63882294e-17 -1.22595751e-18 -1.68380775e-18  1.95554481e-12\n  -2.68335705e-17  6.69207712e-17 -1.45512952e-17 -1.80711446e-17\n  -1.21887543e-12  1.86672503e-17 -4.33799617e-17 -3.09316312e-18\n   3.42898046e-13 -4.55361880e-18  1.16041024e-17  1.36625231e-12\n  -1.94002760e-17  4.73155445e-17 -3.33174774e-12  8.48290667e-12\n  -1.19745052e-16]\n [-7.79418660e-22  1.08721208e-15  4.09371570e-22 -2.81113541e-22\n   6.97564117e-23  2.94734876e-22  5.10300487e-17 -7.86573884e-22\n   1.82049906e-21 -2.75671029e-16  1.89302128e-16 -4.69740394e-17\n  -1.98474614e-16 -7.11818815e-11  1.09719291e-15 -2.53941634e-15\n  -3.69159352e-22  1.65073412e-23  2.86217603e-23 -2.68335699e-17\n   4.10150053e-22 -9.54314862e-22  2.06665652e-22  2.69683565e-22\n   1.86672493e-17 -2.58668751e-22  6.40978636e-22  5.89057859e-23\n  -4.55361747e-18  7.16823130e-23 -1.63733518e-22 -1.94002746e-17\n   2.87570683e-22 -6.82255058e-22  5.23850832e-17 -1.19745052e-16\n   1.78438922e-21]]', 'hess_sum': '[[-1.60618354e-22  2.24046760e-16  7.92606152e-23 -1.50921829e-23\n   1.65754906e-23  4.38422036e-23  1.20336026e-17 -1.72470204e-23\n   2.84738242e-22 -5.33741473e-17  1.01631036e-17 -1.11619560e-17\n  -2.95233717e-17 -1.67856867e-11  2.40579363e-17 -3.97181635e-16\n  -6.81471881e-23  4.17965253e-24 -3.63448916e-24 -5.87525402e-18\n   1.45226020e-23 -1.44263038e-22  3.26941542e-23  2.00750681e-23\n   6.01696132e-19 -5.21119519e-23  5.82741787e-23 -1.66472354e-23\n  -1.26901945e-18 -8.13808588e-25 -2.77653279e-23 -3.07603550e-18\n   2.46213101e-23 -9.01529201e-23 -4.96576203e-19 -2.02160972e-17\n   1.37149377e-22]\n [ 2.24046760e-16 -3.12523079e-10 -1.10560716e-16  2.10521895e-17\n  -2.31212638e-17 -6.11555741e-17 -1.67856834e-11  2.40579257e-17\n  -3.97181656e-16  7.44516347e-11 -1.41766006e-11  1.55698902e-11\n   4.11821989e-11  2.34143740e-05 -3.35584540e-11  5.54029113e-10\n   9.50584972e-17 -5.83015957e-18  5.06979579e-18  8.19539849e-12\n  -2.02576207e-17  2.01232676e-16 -4.56051129e-17 -2.80026896e-17\n  -8.39312796e-13  7.26910433e-17 -8.12869407e-17  2.32212757e-17\n   1.77016224e-12  1.13518582e-18  3.87300112e-17  4.29076852e-12\n  -3.43442654e-17  1.25754413e-16  6.92678915e-13  2.81994546e-11\n  -1.91309865e-16]\n [ 7.92606152e-23 -1.10560716e-16 -3.38229223e-22 -2.54387502e-22\n   2.88608899e-23  4.76953413e-23 -5.87525554e-18  1.45226012e-23\n  -1.44263044e-22  2.27763728e-16  1.71304680e-16 -1.94349337e-17\n  -3.21180667e-17  8.19539909e-12 -2.02576352e-17  2.01232694e-16\n   1.71596891e-22 -1.59184979e-23  5.87987246e-23  2.48665971e-17\n  -8.15292406e-23  6.27822752e-22 -2.99955245e-25  9.09913473e-23\n   1.77802854e-17 -1.49344755e-22  5.27145413e-22 -1.67649195e-23\n  -2.12105335e-18  7.03303048e-24 -5.36192980e-23 -2.89557801e-18\n   6.98111761e-23 -1.24935191e-22 -2.23608400e-19  1.01611902e-17\n  -7.72489015e-23]\n [-1.50921829e-23  2.10521895e-17 -2.54387502e-22 -4.44339642e-22\n   1.05648946e-22  6.05061156e-23  6.01695882e-19 -5.21119546e-23\n   5.82741730e-23  1.71304646e-16  2.99218552e-16 -7.11440657e-17\n  -4.07448505e-17 -8.39313704e-13  7.26910693e-17 -8.12869375e-17\n   1.40238875e-22 -3.92449318e-23  5.01683349e-23  1.77802853e-17\n  -1.49344745e-22  5.27145419e-22  9.37566444e-23  1.73895246e-22\n   3.20009083e-17 -1.70760843e-22  8.64521730e-22 -3.48553963e-23\n  -7.44311062e-18  5.64088529e-23 -2.15422037e-22 -3.43711491e-18\n   1.11106157e-22 -1.72565417e-22  3.88951918e-18 -3.45437331e-18\n   9.32599014e-23]\n [ 1.65754906e-23 -2.31212638e-17  2.88608899e-23  1.05648946e-22\n  -2.72959792e-22 -2.24599067e-23 -1.26901892e-18 -8.13810527e-25\n  -2.77653347e-23 -1.94349159e-17 -7.11440643e-17  1.83811318e-16\n   1.51245363e-17  1.77016226e-12  1.13518593e-18  3.87300027e-17\n  -5.22912390e-23 -1.07394717e-23 -1.19149458e-23 -2.12105347e-18\n   7.03302626e-24 -5.36192966e-23 -2.10165548e-22 -1.55948355e-23\n  -7.44311116e-18  5.64088589e-23 -2.15422043e-22  1.66478055e-22\n   1.91526072e-17 -1.53164606e-22  5.61209319e-22  2.66275042e-18\n   9.11271358e-23 -1.85757774e-23  2.53441958e-19  2.00639244e-18\n  -1.00249192e-23]\n [ 4.38422036e-23 -6.11555741e-17  4.76953413e-23  6.05061156e-23\n  -2.24599067e-23 -3.13242906e-22 -3.07603523e-18  2.46213068e-23\n  -9.01528727e-23 -3.21180528e-17 -4.07448221e-17  1.51245271e-17\n   2.10937996e-16  4.29076854e-12 -3.43442771e-17  1.25754420e-16\n   8.89152576e-24 -9.24887815e-24 -3.91328419e-23 -2.89557781e-18\n   6.98111735e-23 -1.24935205e-22  3.98095423e-24 -2.63325015e-22\n  -3.43711627e-18  1.11106168e-22 -1.72565446e-22  8.68753742e-23\n   2.66275160e-18  9.11271472e-23 -1.85757728e-23  2.24403138e-17\n  -1.31750801e-22  6.16553809e-22 -1.41686628e-18  6.13137057e-18\n  -6.91348912e-23]\n [ 1.20336026e-17 -1.67856834e-11 -5.87525554e-18  6.01695882e-19\n  -1.26901892e-18 -3.07603523e-18 -9.20304478e-13 -4.96577203e-19\n  -2.02160925e-17  3.95640124e-12 -4.05184579e-13  8.54558966e-13\n   2.07140397e-12  1.28373353e-06  6.92679649e-13  2.81994512e-11\n   5.00772349e-18 -3.22747758e-19  3.90019817e-19  4.44443963e-13\n  -2.23608754e-19  1.01611916e-17 -2.32727364e-18 -1.06563714e-18\n  -5.00424165e-15  3.88951901e-18 -3.45437325e-18  1.60270668e-18\n   9.91586392e-14  2.53441974e-19  2.00639240e-18  2.19073622e-13\n  -1.41686678e-18  6.13137026e-18  1.76649159e-13  1.45951750e-12\n  -7.42796074e-18]\n [-1.72470204e-23  2.40579257e-17  1.45226012e-23 -5.21119546e-23\n  -8.13810527e-25  2.46213068e-23 -4.96577203e-19 -1.72575360e-22\n   1.37149367e-22 -9.77953477e-18  3.50922341e-17  5.48027696e-19\n  -1.65800042e-17  6.92677536e-13  2.40725585e-16 -1.91309843e-16\n  -1.66610559e-23 -4.68031496e-25  1.08455693e-23 -2.23608401e-19\n   8.40640425e-23 -7.72488891e-23  1.51727205e-23  4.39978027e-23\n   3.88951875e-18 -7.00188426e-24  9.32599145e-23  3.21414843e-23\n   2.53441857e-19  1.82827289e-23 -1.00249203e-23 -1.41686574e-18\n   4.34720900e-23 -6.91348882e-23  1.32558411e-17 -7.42795604e-18\n   2.86487120e-22]\n [ 2.84738242e-22 -3.97181656e-16 -1.44263044e-22  5.82741730e-23\n  -2.77653347e-23 -9.01528727e-23 -2.02160925e-17  1.37149367e-22\n  -5.71302594e-22  9.71468400e-17 -3.92419107e-17  1.86971919e-17\n   6.07090370e-17  2.81994526e-11 -1.91309882e-16  7.96910626e-16\n   1.26641464e-22 -6.83720130e-24 -5.70914465e-25  1.01611904e-17\n  -7.72488993e-23  2.94296762e-22 -6.52390450e-23 -6.17084052e-23\n  -3.45437225e-18  9.32599489e-23 -1.57617922e-22  8.33131503e-24\n   2.00639355e-18 -1.00249023e-23  5.36181848e-23  6.13137177e-18\n  -6.91348887e-23  1.96934265e-22 -7.42795851e-18  3.91201334e-17\n  -4.12780244e-22]\n [-5.33741473e-17  7.44516347e-11  2.27763728e-16  1.71304646e-16\n  -1.94349159e-17 -3.21180528e-17  3.95640124e-12 -9.77953477e-18\n   9.71468400e-17 -1.53376200e-10 -1.15356635e-10  1.30874805e-11\n   2.16283073e-11 -5.51878528e-06  1.36414861e-11 -1.35510180e-10\n  -1.15553407e-16  1.07194935e-17 -3.95951324e-17 -1.67451801e-11\n   5.49018293e-17 -4.22776121e-16  2.01985957e-19 -6.12736173e-17\n  -1.19732520e-11  1.00568817e-16 -3.54979952e-16  1.12895053e-17\n   1.42831675e-12 -4.73603182e-18  3.61072185e-17  1.94988266e-12\n  -4.70108743e-17  8.41313785e-17  1.50577789e-13 -6.84255355e-12\n   5.20194102e-17]\n [ 1.01631036e-17 -1.41766006e-11  1.71304680e-16  2.99218552e-16\n  -7.11440643e-17 -4.07448221e-17 -4.05184579e-13  3.50922341e-17\n  -3.92419107e-17 -1.15356635e-10 -2.01493941e-10  4.79084453e-11\n   2.74375805e-11  5.65196371e-07 -4.89502054e-11  5.47387342e-11\n  -9.44369231e-17  2.64275514e-17 -3.37833833e-17 -1.19732532e-11\n   1.00568835e-16 -3.54979983e-16 -6.31358062e-17 -1.17101167e-16\n  -2.15494285e-11  1.14990465e-16 -5.82169395e-16  2.34716306e-17\n   5.01219504e-12 -3.79857769e-17  1.45065326e-16  2.31455361e-12\n  -7.48189562e-17  1.16205606e-16 -2.61920393e-12  2.32617981e-12\n  -6.28012886e-17]\n [-1.11619560e-17  1.55698902e-11 -1.94349337e-17 -7.11440657e-17\n   1.83811318e-16  1.51245271e-17  8.54558966e-13  5.48027696e-19\n   1.86971919e-17  1.30874805e-11  4.79084453e-11 -1.23778667e-10\n  -1.01848703e-11 -1.19202959e-06 -7.64433371e-13 -2.60808376e-11\n   3.52129530e-17  7.23196765e-18  8.02353471e-18  1.42831819e-12\n  -4.73603663e-18  3.61072473e-17  1.41525620e-16  1.05015606e-17\n   5.01219498e-12 -3.79857705e-17  1.45065323e-16 -1.12106441e-16\n  -1.28973754e-11  1.03141115e-16 -3.77918706e-16 -1.79309768e-12\n  -6.13650875e-17  1.25089480e-17 -1.70668150e-13 -1.35110759e-12\n   6.75077796e-18]\n [-2.95233717e-17  4.11821989e-11 -3.21180667e-17 -4.07448505e-17\n   1.51245363e-17  2.10937996e-16  2.07140397e-12 -1.65800042e-17\n   6.07090370e-17  2.16283073e-11  2.74375805e-11 -1.01848703e-11\n  -1.42045793e-10 -2.88940667e-06  2.31274400e-11 -8.46831121e-11\n  -5.98755867e-18  6.22820209e-18  2.63520830e-17  1.94988341e-12\n  -4.70108723e-17  8.41314198e-17 -2.68078113e-18  1.77323233e-16\n   2.31455500e-12 -7.48189669e-17  1.16205649e-16 -5.85019538e-17\n  -1.79309904e-12 -6.13650855e-17  1.25088992e-17 -1.51113229e-11\n   8.87210711e-17 -4.15187767e-16  9.54118832e-13 -4.12886866e-12\n   4.65554687e-17]\n [-1.67856867e-11  2.34143740e-05  8.19539909e-12 -8.39313704e-13\n   1.77016226e-12  4.29076854e-12  1.28373353e-06  6.92677536e-13\n   2.81994526e-11 -5.51878528e-06  5.65196371e-07 -1.19202959e-06\n  -2.88940667e-06 -1.79068150e+00 -9.66218569e-07 -3.93354575e-05\n  -6.98527370e-12  4.50197923e-13 -5.44042005e-13 -6.19955269e-07\n   3.11912068e-13 -1.41738567e-11  3.24631546e-12  1.48645468e-12\n   6.98100338e-09 -5.42549533e-12  4.81852044e-12 -2.23561887e-12\n  -1.38316935e-07 -3.53527513e-13 -2.79873013e-12 -3.05586332e-07\n   1.97638564e-12 -8.55266025e-12 -2.46408185e-07 -2.03588290e-06\n   1.03612725e-11]\n [ 2.40579363e-17 -3.35584540e-11 -2.02576352e-17  7.26910693e-17\n   1.13518593e-18 -3.43442771e-17  6.92679649e-13  2.40725585e-16\n  -1.91309882e-16  1.36414861e-11 -4.89502054e-11 -7.64433371e-13\n   2.31274400e-11 -9.66218569e-07 -3.35788410e-10  2.66858415e-10\n   2.32405166e-17  6.52878243e-19 -1.51284711e-17  3.11911935e-13\n  -1.17260997e-16  1.07754483e-16 -2.11644778e-17 -6.13725913e-17\n  -5.42549547e-12  9.76704085e-18 -1.30088472e-16 -4.48342267e-17\n  -3.53527255e-13 -2.55027030e-17  1.39838076e-17  1.97638575e-12\n  -6.06393068e-17  9.64363201e-17 -1.84905879e-11  1.03612737e-11\n  -3.99621204e-16]\n [-3.97181635e-16  5.54029113e-10  2.01232694e-16 -8.12869375e-17\n   3.87300027e-17  1.25754420e-16  2.81994512e-11 -1.91309843e-16\n   7.96910626e-16 -1.35510180e-10  5.47387342e-11 -2.60808376e-11\n  -8.46831121e-11 -3.93354575e-05  2.66858415e-10 -1.11161160e-09\n  -1.76652154e-16  9.53711929e-18  7.96270520e-19 -1.41738547e-11\n   1.07754498e-16 -4.10514786e-16  9.10020095e-17  8.60770447e-17\n   4.81851986e-12 -1.30088454e-16  2.19861723e-16 -1.16213683e-17\n  -2.79873032e-12  1.39838061e-17 -7.47923974e-17 -8.55265796e-12\n   9.64363060e-17 -2.74703766e-16  1.03612720e-11 -5.45687293e-11\n   5.75787646e-16]\n [-6.81471881e-23  9.50584972e-17  1.71596891e-22  1.40238875e-22\n  -5.22912390e-23  8.89152576e-24  5.00772349e-18 -1.66610559e-23\n   1.26641464e-22 -1.15553407e-16 -9.44369231e-17  3.52129530e-17\n  -5.98755867e-18 -6.98527370e-12  2.32405166e-17 -1.76652154e-16\n  -1.74990736e-22  4.56390621e-23  8.79107713e-24 -1.27889202e-17\n   2.48394439e-23 -3.08204174e-22  6.73533634e-24  2.32794740e-23\n  -9.90302324e-18  7.26817250e-23 -2.84581520e-22 -2.29042569e-23\n   3.99108902e-18  1.39113514e-24  8.83263442e-23 -2.19014878e-19\n   4.36316608e-23 -4.24037332e-23  5.17705081e-19 -8.86500938e-18\n   7.30628736e-23]\n [ 4.17965253e-24 -5.83015957e-18 -1.59184979e-23 -3.92449318e-23\n  -1.07394717e-23 -9.24887815e-24 -3.22747758e-19 -4.68031496e-25\n  -6.83720130e-24  1.07194935e-17  2.64275514e-17  7.23196765e-18\n   6.22820209e-18  4.50197923e-13  6.52878243e-19  9.53711929e-18\n   4.56390621e-23 -3.59678657e-23 -4.08989477e-23  1.17024558e-18\n  -3.84491841e-24  2.95528826e-23 -2.26010023e-23 -2.48999038e-23\n   3.03092755e-18  4.44068698e-24  6.41691774e-23  3.01512591e-23\n   7.81635677e-19 -3.34560315e-24  2.04071497e-23  8.33349681e-19\n   1.24089910e-23  8.02974882e-24  8.43963506e-20  4.97836461e-19\n  -2.10949892e-24]\n [-3.63448916e-24  5.06979579e-18  5.87987246e-23  5.01683349e-23\n  -1.19149458e-23 -3.91328419e-23  3.90019817e-19  1.08455693e-23\n  -5.70914465e-25 -3.95951324e-17 -3.37833833e-17  8.02353471e-18\n   2.63520830e-17 -5.44042005e-13 -1.51284711e-17  7.96270520e-19\n   8.79107713e-24 -4.08989477e-23 -8.97780949e-23 -4.07542077e-18\n   3.77917662e-23 -1.23886406e-22 -2.50692901e-23 -1.01420610e-22\n  -2.97441260e-18  8.02361089e-23 -1.35661276e-22  2.62721726e-23\n   1.04134663e-18  1.29104990e-23  1.22642787e-23  2.91954232e-18\n  -5.37680045e-24  7.01065617e-23 -8.87153795e-19 -1.11461074e-19\n  -1.47819424e-23]\n [-5.87525402e-18  8.19539849e-12  2.48665971e-17  1.77802853e-17\n  -2.12105347e-18 -2.89557781e-18  4.44443963e-13 -2.23608401e-19\n   1.01611904e-17 -1.67451801e-11 -1.19732532e-11  1.42831819e-12\n   1.94988341e-12 -6.19955269e-07  3.11911935e-13 -1.41738547e-11\n  -1.27889202e-17  1.17024558e-18 -4.07542077e-18 -1.86502160e-12\n   2.47880386e-18 -4.39631231e-17  3.77181379e-19 -5.56962927e-18\n  -1.26067925e-12  8.72657889e-18 -3.57759691e-17  1.63577523e-18\n   1.59018229e-13 -2.17454401e-19  3.75369280e-18  1.68902792e-13\n  -4.89558620e-18  7.99515587e-18 -4.99140315e-14 -7.26942709e-13\n   4.36848676e-18]\n [ 1.45226020e-23 -2.02576207e-17 -8.15292406e-23 -1.49344745e-22\n   7.03302626e-24  6.98111735e-23 -2.23608754e-19  8.40640425e-23\n  -7.72488993e-23  5.49018293e-17  1.00568835e-16 -4.73603663e-18\n  -4.70108723e-17  3.11912068e-13 -1.17260997e-16  1.07754498e-16\n   2.48394439e-23 -3.84491841e-24  3.77917662e-23  2.47880386e-18\n  -3.55158057e-22  3.60775298e-22  3.38225081e-23  1.28834984e-22\n   8.72657869e-18 -2.51056854e-22  4.11464787e-22  3.44435460e-23\n  -2.17453816e-19  3.02915178e-23 -3.09060080e-23 -4.89558567e-18\n   3.94411947e-23 -1.43700315e-22 -6.38695261e-18  4.36848665e-18\n  -1.43732750e-22]\n [-1.44263038e-22  2.01232676e-16  6.27822752e-22  5.27145419e-22\n  -5.36192966e-23 -1.24935205e-22  1.01611916e-17 -7.72488891e-23\n   2.94296762e-22 -4.22776121e-16 -3.54979983e-16  3.61072473e-17\n   8.41314198e-17 -1.41738567e-11  1.07754483e-16 -4.10514786e-16\n  -3.08204174e-22  2.95528826e-23 -1.23886406e-22 -4.39631231e-17\n   3.60775298e-22 -1.29611140e-21 -2.06021474e-23 -2.35632278e-22\n  -3.57759691e-17  4.11464784e-22 -1.15602608e-21  7.09496620e-24\n   3.75369201e-18 -3.09060041e-23  1.10753220e-22  7.99515774e-18\n  -1.43700338e-22  3.02811096e-22  4.36848636e-18 -2.00593038e-17\n   2.21491244e-22]\n [ 3.26941542e-23 -4.56051129e-17 -2.99955245e-25  9.37566444e-23\n  -2.10165548e-22  3.98095423e-24 -2.32727364e-18  1.51727205e-23\n  -6.52390450e-23  2.01985957e-19 -6.31358062e-17  1.41525620e-16\n  -2.68078113e-18  3.24631546e-12 -2.11644778e-17  9.10020095e-17\n   6.73533634e-24 -2.26010023e-23 -2.50692901e-23  3.77181379e-19\n   3.38225081e-23 -2.06021474e-23 -2.41651040e-22 -7.89455097e-23\n  -6.49642577e-18  6.04489198e-23 -1.97659034e-22  1.36755790e-22\n   1.41628413e-17 -1.73641217e-22  4.66881810e-22 -5.86330216e-20\n   2.32978663e-23 -2.13341743e-23 -8.08064660e-19  4.47413777e-18\n  -4.64808550e-23]\n [ 2.00750681e-23 -2.80026896e-17  9.09913473e-23  1.73895246e-22\n  -1.55948355e-23 -2.63325015e-22 -1.06563714e-18  4.39978027e-23\n  -6.17084052e-23 -6.12736173e-17 -1.17101167e-16  1.05015606e-17\n   1.77323233e-16  1.48645468e-12 -6.13725913e-17  8.60770447e-17\n   2.32794740e-23 -2.48999038e-23 -1.01420610e-22 -5.56962927e-18\n   1.28834984e-22 -2.35632278e-22 -7.89455097e-23 -4.01370202e-22\n  -1.15697201e-17  1.57886246e-22 -3.95179375e-22  1.08862283e-22\n   1.30355738e-18  1.12279451e-23  1.95915098e-23  1.76839873e-17\n  -2.23404781e-22  5.88622562e-22 -3.19984271e-18  3.81519925e-18\n  -8.37467684e-23]\n [ 6.01696132e-19 -8.39312796e-13  1.77802854e-17  3.20009083e-17\n  -7.44311116e-18 -3.43711627e-18 -5.00424165e-15  3.88951875e-18\n  -3.45437225e-18 -1.19732520e-11 -2.15494285e-11  5.01219498e-12\n   2.31455500e-12  6.98100338e-09 -5.42549547e-12  4.81851986e-12\n  -9.90302324e-18  3.03092755e-18 -2.97441260e-18 -1.26067925e-12\n   8.72657869e-18 -3.57759691e-17 -6.49642577e-18 -1.15697201e-17\n  -2.34741447e-12  8.21876300e-18 -5.97155232e-17  2.71583640e-18\n   5.32629329e-13 -3.18647212e-18  1.46851061e-17  1.77893513e-13\n  -7.96799307e-18  1.08368312e-17 -2.96319948e-13  1.93514221e-13\n  -6.60232807e-18]\n [-5.21119519e-23  7.26910433e-17 -1.49344755e-22 -1.70760843e-22\n   5.64088589e-23  