{'theta_hat': '[-1.65477398e-11  2.30824634e-05  8.66189803e-12 -5.72120527e-12\n  1.49368185e-12  6.16003163e-12  1.09216579e-06 -1.58642115e-11\n  3.81292618e-11 -5.83292664e-06  3.85266522e-06 -1.00584691e-06\n -4.14816842e-06 -1.52346349e+00  2.21290087e-05 -5.31865532e-05\n -7.79185333e-12  3.54951931e-13  5.52682205e-13 -5.71693142e-07\n  8.30410570e-12 -1.99587244e-11  4.33062383e-12  5.52086214e-12\n  3.77604725e-07 -5.48488236e-12  1.31827875e-11  1.08458845e-12\n -9.85843346e-08  1.43198314e-12 -3.44173808e-12 -4.06567670e-07\n  5.90558259e-12 -1.41939300e-11  1.04705236e-06 -2.51656603e-06\n  3.65542776e-11]', 'theta_bar': '[ 3.91844135e-13  7.65217560e-06 -2.15226677e-22  2.34991995e-20\n  1.22556327e-20  2.30971125e-20 -2.58620689e-08  3.75658448e-13\n -9.02886333e-13 -4.20307972e-15  4.58906913e-13  2.39335576e-13\n  4.51054716e-13 -5.05050505e-01  7.33609128e-06 -1.76321220e-05\n -1.29073129e-29 -6.73160238e-30 -1.26864578e-29  1.42051559e-17\n -2.06336422e-22  4.95924767e-22  7.34979853e-28  1.38515187e-27\n -1.55096855e-15  2.25285303e-20 -5.41468009e-20  7.22403774e-28\n -8.08882882e-16  1.17493966e-20 -2.82393991e-20 -1.52443033e-15\n  2.21430512e-20 -5.32203123e-20 -2.47937984e-08  5.95913208e-08\n -8.65591312e-13]', 'grad_op_sum': '[[ 3.61317806e-22 -5.04002669e-16 -1.89131448e-22  1.24921794e-22\n  -3.26143544e-23 -1.34503512e-22 -2.38473020e-17  3.46393052e-22\n  -8.32547610e-22  1.27361216e-16 -8.41224580e-17  2.19625401e-17\n   9.05747331e-17  3.32646326e-11 -4.83184107e-16  1.16132166e-15\n   1.70134132e-22 -7.75033053e-24 -1.20677461e-23  1.24828475e-17\n  -1.81319098e-22  4.35796224e-22 -9.45586237e-23 -1.20547327e-22\n  -8.24495142e-18  1.19761713e-22 -2.87844499e-22 -2.36818517e-23\n   2.15257648e-18 -3.12671707e-23  7.51499159e-23  8.87735367e-18\n  -1.28947649e-22  3.09922667e-22 -2.28622559e-17  5.49489011e-17\n  -7.98158029e-22]\n [-5.04002669e-16  7.03033966e-10  2.63819699e-16 -1.74253569e-16\n   4.54938045e-17  1.87619120e-16  3.32646320e-11 -4.83184111e-16\n   1.16132172e-15 -1.77656322e-10  1.17342524e-10 -3.06355752e-11\n  -1.26342811e-10 -4.64008785e-05  6.73994127e-10 -1.61992907e-09\n  -2.37320318e-16  1.08109460e-17  1.68333144e-17 -1.74123399e-11\n   2.52922241e-16 -6.07892709e-16  1.31899945e-16  1.68151620e-16\n   1.15008933e-11 -1.67055766e-16  4.01514659e-16  3.30338452e-17\n  -3.00263168e-12  4.36146163e-17 -1.04826714e-16 -1.23830320e-11\n   1.79869241e-16 -4.32311524e-16  3.18905899e-11 -7.66482923e-11\n   1.11335165e-15]\n [-1.89131448e-22  2.63819699e-16  9.90006695e-23 -6.53901893e-23\n   1.70719515e-23  7.04057302e-23  1.24828467e-17 -1.81319101e-22\n   4.35796223e-22 -6.66671024e-17  4.40338174e-17 -1.14962699e-17\n  -4.74112544e-17 -1.74123390e-11  2.52922243e-16 -6.07892676e-16\n  -8.90565432e-23  4.05690285e-24  6.31684974e-24 -6.53413417e-18\n   9.49113026e-23 -2.28117102e-22  4.94966181e-23  6.31003789e-23\n   4.31581167e-18 -6.26891502e-23  1.50671918e-22  1.23962419e-23\n  -1.12676403e-18  1.63667696e-23 -3.93371492e-23 -4.64684200e-18\n   6.74975195e-23 -1.62228714e-22  1.19672252e-17 -2.87629479e-17\n   4.17795031e-22]\n [ 1.24921794e-22 -1.74253569e-16 -6.53901893e-23  4.31903833e-23\n  -1.12760666e-23 -4.65031605e-23 -8.24495137e-18  1.19761719e-22\n  -2.87844493e-22  4.40337875e-17 -2.90844463e-17  7.59331496e-18\n   3.13152519e-17  1.15008934e-11 -1.67055773e-16  4.01514630e-16\n   5.88220691e-23 -2.67959446e-24 -4.17229502e-24  4.31581192e-18\n  -6.26891522e-23  1.50671915e-22 -3.26926398e-23 -4.16779578e-23\n  -2.85060438e-18  4.14063402e-23 -9.95191780e-23 -8.18774868e-24\n   7.44230454e-19 -1.08102922e-23  2.59822852e-23  3.06925074e-18\n  -4.45822801e-23  1.07152470e-22 -7.90438213e-18  1.89979989e-17\n  -2.75954661e-22]\n [-3.26143544e-23  4.54938045e-17  1.70719515e-23 -1.12760666e-23\n   2.94393493e-24  1.21409604e-23  2.15257689e-18 -3.12671714e-23\n   7.51499160e-23 -1.14962611e-17  7.59331427e-18 -1.98244884e-18\n  -8.17572893e-18 -3.00263230e-12  4.36146168e-17 -1.04826708e-16\n  -1.53571587e-23  6.99583641e-25  1.08929518e-24 -1.12676432e-18\n   1.63667697e-23 -3.93371493e-23  8.53533485e-24  1.08812053e-23\n   7.44230599e-19 -1.08102919e-23  2.59822857e-23  2.13764251e-24\n  -1.94302331e-19  2.82233139e-24 -6.78340770e-24 -8.01314392e-19\n   1.16394605e-23 -2.79751718e-23  2.06366169e-18 -4.95996295e-18\n   7.20457402e-23]\n [-1.34503512e-22  1.87619120e-16  7.04057302e-23 -4.65031605e-23\n   1.21409604e-23  5.00700335e-23  8.87735344e-18 -1.28947650e-22\n   3.09922665e-22 -4.74112554e-17  3.13152738e-17 -8.17573538e-18\n  -3.37171860e-17 -1.23830318e-11  1.79869240e-16 -4.32311498e-16\n  -6.33338237e-23  2.88512400e-24  4.49231728e-24 -4.64684218e-18\n   6.74975189e-23 -1.62228712e-22  3.52002219e-23  4.48747294e-23\n   3.06925067e-18 -4.45822782e-23  1.07152471e-22  8.81576320e-24\n  -8.01314220e-19  1.16394603e-23 -2.79751715e-23 -3.30466759e-18\n   4.80018182e-23 -1.15371251e-22  8.51066193e-18 -2.04551783e-17\n   2.97120861e-22]\n [-2.38473020e-17  3.32646320e-11  1.24828467e-17 -8.24495137e-18\n   2.15257689e-18  8.87735344e-18  1.57394350e-12 -2.28622548e-17\n   5.49488953e-17 -8.40595544e-12  5.55215832e-12 -1.44954751e-12\n  -5.97801431e-12 -2.19549584e-06  3.18905881e-11 -7.66482803e-11\n  -1.12290066e-17  5.11528825e-19  7.96482156e-19 -8.23879225e-13\n   1.19672245e-17 -2.87629450e-17  6.24095470e-18  7.95623260e-18\n   5.44174252e-13 -7.90438138e-18  1.89979973e-17  1.56302363e-18\n  -1.42071995e-13  2.06366155e-18 -4.95996243e-18 -5.85913372e-13\n   8.51066149e-18 -2.04551764e-17  1.50892957e-12 -3.62667717e-12\n   5.26791519e-17]\n [ 3.46393052e-22 -4.83184111e-16 -1.81319101e-22  1.19761719e-22\n  -3.12671714e-23 -1.28947650e-22 -2.28622548e-17  3.32084787e-22\n  -7.98158029e-22  1.22100377e-16 -8.06476584e-17  2.10553457e-17\n   8.68334129e-17  3.18905889e-11 -4.63225489e-16  1.11335160e-15\n   1.63106496e-22 -7.43019194e-24 -1.15692704e-23  1.19672254e-17\n  -1.73829451e-22  4.17795031e-22 -9.06527432e-23 -1.15567945e-22\n  -7.90438180e-18  1.14814782e-22 -2.75954666e-22 -2.27036386e-23\n   2.06366120e-18 -2.99756351e-23  7.20457401e-23  8.51066175e-18\n  -1.23621280e-22  2.97120864e-22 -2.19178974e-17  5.26791574e-17\n  -7.65188959e-22]\n [-8.32547610e-22  1.16132172e-15  4.35796223e-22 -2.87844493e-22\n   7.51499160e-23  3.09922665e-22  5.49488953e-17 -7.98158029e-22\n   1.91835418e-21 -2.93465404e-16  1.93834763e-16 -5.06060315e-17\n  -2.08702080e-16 -7.66482855e-11  1.11335164e-15 -2.67591455e-15\n  -3.92022654e-22  1.78582928e-23  2.78064711e-23 -2.87629468e-17\n   4.17795025e-22 -1.00416060e-21  2.17881751e-22  2.77764857e-22\n   1.89979970e-17 -2.75954648e-22  6.63250594e-22  5.45676651e-23\n  -4.95996149e-18  7.20457387e-23 -1.73160253e-22 -2.04551767e-17\n   2.97120860e-22 -7.14123057e-22  5.26791544e-17 -1.26613124e-16\n   1.83911379e-21]\n [ 1.27361216e-16 -1.77656322e-10 -6.66671024e-17  4.40337875e-17\n  -1.14962611e-17 -4.74112554e-17 -8.40595544e-12  1.22100377e-16\n  -2.93465404e-16  4.48936615e-11 -2.96523956e-11  7.74159414e-12\n   3.19267634e-11  1.17254782e-05 -1.70317970e-10  4.09355245e-10\n   5.99707226e-17 -2.73192049e-18 -4.25376991e-18  4.40008935e-12\n  -6.39133206e-17  1.53614175e-16 -3.33310484e-17 -4.24918280e-17\n  -2.90626982e-12  4.22149064e-17 -1.01462548e-16 -8.34763572e-18\n   7.58763484e-13 -1.10213912e-17  2.64896567e-17  3.12918582e-12\n  -4.54528648e-17  1.09244900e-16 -8.05873569e-12  1.93689841e-11\n  -2.81343391e-16]\n [-8.41224580e-17  1.17342524e-10  4.40338174e-17 -2.90844463e-17\n   7.59331427e-18  3.13152738e-17  5.55215832e-12 -8.06476584e-17\n   1.93834763e-16 -2.96523956e-11  1.95854946e-11 -5.11334572e-12\n  -2.10877212e-11 -7.74471285e-06  1.12495521e-10 -2.70380344e-10\n  -3.96108388e-17  1.80444153e-18  2.80962755e-18 -2.90627197e-12\n   4.22149364e-17 -1.01462615e-16  2.20152556e-17  2.80659775e-17\n   1.91959977e-12 -2.78830699e-17  6.70163118e-17  5.51363797e-18\n  -5.01165515e-13  7.27966131e-18 -1.74964963e-17 -2.06683645e-12\n   3.00217510e-17 -7.21565783e-17  5.32281865e-12 -1.27932710e-11\n   1.85828138e-16]\n [ 2.19625401e-17 -3.06355752e-11 -1.14962699e-17  7.59331496e-18\n  -1.98244884e-18 -8.17573538e-18 -1.44954751e-12  2.10553457e-17\n  -5.06060315e-17  7.74159414e-12 -5.11334572e-12  1.33498311e-12\n   5.50554435e-12  2.02197571e-06 -2.93701283e-11  7.05904143e-11\n   1.03415266e-17 -4.71100351e-19 -7.33532509e-19  7.58764262e-13\n  -1.10213997e-17  2.64896772e-17 -5.74770335e-18 -7.32741496e-18\n  -5.01165659e-13  7.27966178e-18 -1.74964982e-17 -1.43949069e-18\n   1.30843392e-13 -1.90056089e-18  4.56795379e-18  5.39605944e-13\n  -7.83802478e-18  1.88385098e-17 -1.38967193e-12  3.34004420e-12\n  -4.85156763e-17]\n [ 9.05747331e-17 -1.26342811e-10 -4.74112544e-17  3.13152519e-17\n  -8.17572893e-18 -3.37171860e-17 -5.97801431e-12  8.68334129e-17\n  -2.08702080e-16  3.19267634e-11 -2.10877212e-11  5.50554435e-12\n   2.27051702e-11  8.33873993e-06 -1.21124037e-10  2.91118782e-10\n   4.26490290e-17 -1.94284396e-18 -3.02512874e-18  3.12918588e-12\n  -4.54528635e-17  1.09244897e-16 -2.37038473e-17 -3.02186655e-17\n  -2.06683496e-12  3.00217288e-17 -7.21565286e-17 -5.93653941e-18\n   5.39605402e-13 -7.83801848e-18  1.88384947e-17  2.22536483e-12\n  -3.23244488e-17  7.76910587e-17 -5.73108407e-12  1.37745275e-11\n  -2.00081339e-16]\n [ 3.32646326e-11 -4.64008785e-05 -1.74123390e-11  1.15008934e-11\n  -3.00263230e-12 -1.23830318e-11 -2.19549584e-06  3.18905889e-11\n  -7.66482855e-11  1.17254782e-05 -7.74471285e-06  2.02197571e-06\n   8.33873993e-06  3.06250000e+00 -4.44842228e-05  1.06916786e-04\n   1.56633559e-11 -7.13532223e-13 -1.11101399e-12  1.14923020e-06\n  -1.66930970e-11  4.01214693e-11 -8.70551582e-12 -1.10981592e-11\n  -7.59069371e-07  1.10258319e-11 -2.65003311e-11 -2.18026370e-12\n   1.98176410e-07 -2.87860418e-12  6.91865803e-12  8.17291324e-07\n  -1.18715328e-11  2.85329521e-11 -2.10480781e-06  5.05885670e-06\n  -7.34822174e-11]\n [-4.83184107e-16  6.73994127e-10  2.52922243e-16 -1.67055773e-16\n   4.36146168e-17  1.79869240e-16  3.18905881e-11 -4.63225489e-16\n   1.11335164e-15 -1.70317970e-10  1.12495521e-10 -2.93701283e-11\n  -1.21124037e-10 -4.44842228e-05  6.46153821e-10 -1.55301555e-09\n  -2.27517458e-16  1.03643841e-17  1.61379899e-17 -1.66930979e-11\n   2.42474921e-16 -5.82782817e-16  1.26451626e-16  1.61205873e-16\n   1.10258322e-11 -1.60155285e-16  3.84929512e-16  3.16693342e-17\n  -2.87860362e-12  4.18130512e-17 -1.00496694e-16 -1.18715328e-11\n   1.72439480e-16 -4.14454269e-16  3.05733027e-11 -7.34822232e-11\n   1.06736305e-15]\n [ 1.16132166e-15 -1.61992907e-09 -6.07892676e-16  4.01514630e-16\n  -1.04826708e-16 -4.32311498e-16 -7.66482803e-11  1.11335160e-15\n  -2.67591455e-15  4.09355245e-10 -2.70380344e-10  7.05904143e-11\n   2.91118782e-10  1.06916786e-04 -1.55301555e-09  3.73263643e-09\n   5.46832872e-16 -2.49105541e-17 -3.87872801e-17  4.01214691e-11\n  -5.82782783e-16  1.40070483e-15 -3.03923517e-16 -3.87454534e-16\n  -2.65003289e-11  3.84929470e-16 -9.25169052e-16 -7.61165017e-17\n   6.91865626e-12 -1.00496688e-16  2.41541446e-16  2.85329506e-11\n  -4.14454245e-16  9.96131111e-16 -7.34822158e-11  1.76612799e-10\n  -2.56538204e-15]\n [ 1.70134132e-22 -2.37320318e-16 -8.90565432e-23  5.88220691e-23\n  -1.53571587e-23 -6.33338237e-23 -1.12290066e-17  1.63106496e-22\n  -3.92022654e-22  5.99707226e-17 -3.96108388e-17  1.03415266e-17\n   4.26490290e-17  1.56633559e-11 -2.27517458e-16  5.46832872e-16\n   8.01112551e-23 -3.64940708e-24 -5.68235351e-24  5.87781279e-18\n  -8.53779329e-23  2.05203871e-22 -4.45249282e-23 -5.67622588e-23\n  -3.88230979e-18  5.63923359e-23 -1.35537671e-22 -1.11511008e-23\n   1.01358617e-18 -1.47228087e-23  3.53859276e-23  4.18008976e-18\n  -6.07177284e-23  1.45933644e-22 -1.07651768e-17  2.58738524e-17\n  -3.75829592e-22]\n [-7.75033053e-24  1.08109460e-17  4.05690285e-24 -2.67959446e-24\n   6.99583641e-25  2.88512400e-24  5.11528825e-19 -7.43019194e-24\n   1.78582928e-23 -2.73192049e-18  1.80444153e-18 -4.71100351e-19\n  -1.94284396e-18 -7.13532223e-13  1.03643841e-17 -2.49105541e-17\n  -3.64940708e-24  1.66245954e-25  2.58855277e-25 -2.67759275e-19\n   3.88932656e-24 -9.34790570e-24  2.02829912e-24  2.58576137e-24\n   1.76855659e-19 -2.56890982e-24  6.17431515e-24  5.07979887e-25\n  -4.61731444e-20  6.70686314e-25 -1.61197892e-24 -1.90420798e-19\n   2.76594977e-24 -6.64789576e-24  4.90399412e-19 -1.17866360e-18\n   1.71206302e-23]\n [-1.20677461e-23  1.68333144e-17  6.31684974e-24 -4.17229502e-24\n   1.08929518e-24  4.49231728e-24  7.96482156e-19 -1.15692704e-23\n   2.78064711e-23 -4.25376991e-18  2.80962755e-18 -7.33532509e-19\n  -3.02512874e-18 -1.11101399e-12  1.61379899e-17 -3.87872801e-17\n  -5.68235351e-24  2.58855277e-25  4.03053745e-25 -4.16917824e-19\n   6.05592305e-24 -1.45552698e-23  3.15818772e-24  4.02619108e-24\n   2.75375247e-19 -3.99995216e-24  9.61379223e-24  7.90956238e-25\n  -7.18944539e-20  1.04430025e-24 -2.50995131e-24 -2.96497012e-19\n   4.30675560e-24 -1.03511866e-23  7.63582346e-19 -1.83525244e-18\n   2.66578847e-23]\n [ 1.24828475e-17 -1.74123399e-11 -6.53413417e-18  4.31581192e-18\n  -1.12676432e-18 -4.64684218e-18 -8.23879225e-13  1.19672254e-17\n  -2.87629468e-17  4.40008935e-12 -2.90627197e-12  7.58764262e-13\n   3.12918588e-12  1.14923020e-06 -1.66930979e-11  4.01214691e-11\n   5.87781279e-18 -2.67759275e-19 -4.16917824e-19  4.31258793e-13\n  -6.26423223e-18  1.50559361e-17 -3.26682178e-18 -4.16468236e-18\n  -2.84847492e-13  4.13754089e-18 -9.94448353e-18 -8.18163228e-19\n   7.43674500e-14 -1.08022167e-18  2.59628760e-18  3.06695795e-13\n  -4.45489763e-18  1.07072425e-17 -7.89847741e-13  1.89838070e-12\n  -2.75748518e-17]\n [-1.81319098e-22  2.52922241e-16  9.49113026e-23 -6.26891522e-23\n   1.63667697e-23  6.74975189e-23  1.19672245e-17 -1.73829451e-22\n   4.17795025e-22 -6.39133206e-17  4.22149364e-17 -1.10213997e-17\n  -4.54528635e-17 -1.66930970e-11  2.42474921e-16 -5.82782783e-16\n  -8.53779329e-23  3.88932656e-24  6.05592305e-24 -6.26423223e-18\n   9.09908528e-23 -2.18694393e-22  4.74520881e-23  6.04939258e-23\n   4.13754077e-18 -6.00996834e-23  1.44448195e-22  1.18841970e-23\n  -1.08022140e-18  1.56907163e-23 -3.77122709e-23 -4.45489741e-18\n   6.47094360e-23 -1.55527620e-22  1.14729015e-17 -2.75748524e-17\n   4.00537398e-22]\n [ 4.35796224e-22 -6.07892709e-16 -2.28117102e-22  1.50671915e-22\n  -3.93371493e-23 -1.62228712e-22 -2.87629450e-17  4.17795031e-22\n  -1.00416060e-21  1.53614175e-16 -1.01462615e-16  2.64896772e-17\n   1.09244897e-16  4.01214693e-11 -5.82782817e-16  1.40070483e-15\n   2.05203871e-22 -9.34790570e-24 -1.45552698e-23  1.50559361e-17\n  -2.18694393e-22  5.25626873e-22 -1.14049987e-22 -1.45395740e-22\n  -9.94448276e-18  1.44448188e-22 -3.47177868e-22 -2.85633904e-23\n   2.59628694e-18 -3.77122707e-23  9.06405635e-23  1.07072420e-17\n  -1.55527620e-22  3.73807008e-22 -2.75748513e-17  6.62755147e-17\n  -9.62682296e-22]\n [-9.45586237e-23  1.31899945e-16  4.94966181e-23 -3.26926398e-23\n   8.53533485e-24  3.52002219e-23  6.24095470e-18 -9.06527432e-23\n   2.17881751e-22 -3.33310484e-17  2.20152556e-17 -5.74770335e-18\n  -2.37038473e-17 -8.70551582e-12  1.26451626e-16 -3.03923517e-16\n  -4.45249282e-23  2.02829912e-24  3.15818772e-24 -3.26682178e-18\n   4.74520881e-23 -1.14049987e-22  2.47464508e-23  3.15478205e-23\n   2.15774381e-18 -3.13422216e-23  7.53303025e-23  6.19765554e-24\n  -5.63339714e-19  8.18277035e-24 -1.96670978e-23 -2.32324655e-18\n   3.37462257e-23 -8.11082665e-23  5.98316333e-18 -1.43803941e-17\n   2.08881831e-22]\n [-1.20547327e-22  1.68151620e-16  6.31003789e-23 -4.16779578e-23\n   1.08812053e-23  4.48747294e-23  7.95623260e-18 -1.15567945e-22\n   2.77764857e-22 -4.24918280e-17  2.80659775e-17 -7.32741496e-18\n  -3.02186655e-17 -1.10981592e-11  1.61205873e-16 -3.87454534e-16\n  -5.67622588e-23  2.58576137e-24  4.02619108e-24 -4.16468236e-18\n   6.04939258e-23 -1.45395740e-22  3.15478205e-23  4.02184939e-23\n   2.75078293e-18 -3.99563877e-23  9.60342508e-23  7.90103301e-24\n  -7.18169257e-19  1.04317412e-23 -2.50724468e-23 -2.96177281e-18\n   4.30211137e-23 -1.03400243e-22  7.62758929e-18 -1.83327337e-17\n   2.66291379e-22]\n [-8.24495142e-18  1.15008933e-11  4.31581167e-18 -2.85060438e-18\n   7.44230599e-19  3.06925067e-18  5.44174252e-13 -7.90438180e-18\n   1.89979970e-17 -2.90626982e-12  1.91959977e-12 -5.01165659e-13\n  -2.06683496e-12 -7.59069371e-07  1.10258322e-11 -2.65003289e-11\n  -3.88230979e-18  1.76855659e-19  2.75375247e-19 -2.84847492e-13\n   4.13754077e-18 -9.94448276e-18  2.15774381e-18  2.75078293e-18\n   1.88142468e-13 -2.73285592e-18  6.56835580e-18  5.40398822e-19\n  -4.91198834e-14  7.13489065e-19 -1.71485433e-18 -2.02573326e-13\n   2.94247083e-18 -7.07216000e-18  5.21696373e-13 -1.25388512e-12\n   1.82132573e-17]\n [ 1.19761713e-22 -1.67055766e-16 -6.26891502e-23  4.14063402e-23\n  -1.08102919e-23 -4.45822782e-23 -7.90438138e-18  1.14814782e-22\n  -2.75954648e-22  4.22149064e-17 -2.78830699e-17  7.27966178e-18\n   3.00217288e-17  1.10258319e-11 -1.60155285e-16  3.84929470e-16\n   5.63923359e-23 -2.56890982e-24 -3.99995216e-24  4.13754089e-18\n  -6.00996834e-23  1.44448188e-22 -3.13422216e-23 -3.99563877e-23\n  -2.73285592e-18  3.96959896e-23 -9.54083901e-23 -7.84954153e-24\n   7.13488907e-19 -1.03637569e-23  2.49090482e-23  2.94247076e-18\n  -4.27407426e-23  1.02726378e-22 -7.57787985e-18  1.82132583e-17\n  -2.64555942e-22]\n [-2.87844499e-22  4.01514659e-16  1.50671918e-22 -9.95191780e-23\n   2.59822857e-23  1.07152471e-22  1.89979973e-17 -2.75954666e-22\n   6.63250594e-22 -1.01462548e-16  6.70163118e-17 -1.74964982e-17\n  -7.21565286e-17 -2.65003311e-11  3.84929512e-16 -9.25169052e-16\n  -1.35537671e-22  6.17431515e-24  9.61379223e-24 -9.94448353e-18\n   1.44448195e-22 -3.47177868e-22  7.53303025e-23  9.60342508e-23\n   6.56835580e-18 -9.54083901e-23  2.29311852e-22  1.88661910e-23\n  -1.71485404e-18  2.49090494e-23 -5.98683195e-23 -7.07216022e-18\n   1.02726383e-22 -2.46900466e-22  1.82132584e-17 -4.37751437e-17\n   6.35854070e-22]\n [-2.36818517e-23  3.30338452e-17  1.23962419e-23 -8.18774868e-24\n   2.13764251e-24  8.81576320e-24  1.56302363e-18 -2.27036386e-23\n   5.45676651e-23 -8.34763572e-18  5.51363797e-18 -1.43949069e-18\n  -5.93653941e-18 -2.18026370e-12  3.16693342e-17 -7.61165017e-17\n  -1.11511008e-23  5.07979887e-25  7.90956238e-25 -8.18163228e-19\n   1.18841970e-23 -2.85633904e-23  6.19765554e-24  7.90103301e-24\n   5.40398822e-19 -7.84954153e-24  1.88661910e-23  1.55217952e-24\n  -1.41086313e-19  2.04934406e-24 -4.92555068e-24 -5.81848360e-19\n   8.45161532e-24 -2.03132603e-23  1.49846076e-18 -3.60151563e-18\n   5.23136689e-23]\n [ 2.15257648e-18 -3.00263168e-12 -1.12676403e-18  7.44230454e-19\n  -1.94302331e-19 -8.01314220e-19 -1.42071995e-13  2.06366120e-18\n  -4.95996149e-18  7.58763484e-13 -5.01165515e-13  1.30843392e-13\n   5.39605402e-13  1.98176410e-07 -2.87860362e-12  6.91865626e-12\n   1.01358617e-18 -4.61731444e-20 -7.18944539e-20  7.43674500e-14\n  -1.08022140e-18  2.59628694e-18 -5.63339714e-19 -7.18169257e-19\n  -4.91198834e-14  7.13488907e-19 -1.71485404e-18 -1.41086313e-19\n   1.28241272e-14 -1.86276389e-19  4.47710959e-19  5.28874647e-14\n  -7.68214775e-19  1.84638629e-18 -1.36203512e-13  3.27361979e-13\n  -4.75508312e-18]\n [-3.12671707e-23  4.36146163e-17  1.63667696e-23 -1.08102922e-23\n   2.82233139e-24  1.16394603e-23  2.06366155e-18 -2.99756351e-23\n   7.20457387e-23 -1.10213912e-17  7.27966131e-18 -1.90056089e-18\n  -7.83801848e-18 -2.87860418e-12  4.18130512e-17 -1.00496688e-16\n  -1.47228087e-23  6.70686314e-25  1.04430025e-24 -1.08022167e-18\n   1.56907163e-23 -3.77122707e-23  8.18277035e-24  1.04317412e-23\n   7.13489065e-19 -1.03637569e-23  2.49090494e-23  2.04934406e-24\n  -1.86276389e-19  2.70575086e-24 -6.50320911e-24 -7.68214928e-19\n   1.11586755e-23 -2.68196164e-23  1.97841912e-18 -4.75508442e-18\n   6.90697855e-23]\n [ 7.51499159e-23 -1.04826714e-16 -3.93371492e-23  2.59822852e-23\n  -6.78340770e-24 -2.79751715e-23 -4.95996243e-18  7.20457401e-23\n  -1.73160253e-22  2.64896567e-17 -1.74964963e-17  4.56795379e-18\n   1.88384947e-17  6.91865803e-12 -1.00496694e-16  2.41541446e-16\n   3.53859276e-23 -1.61197892e-24 -2.50995131e-24  2.59628760e-18\n  -3.77122709e-23  9.06405635e-23 -1.96670978e-23 -2.50724468e-23\n  -1.71485433e-18  2.49090482e-23 -5.98683195e-23 -4.92555068e-24\n   4.47710959e-19 -6.50320911e-24  1.56303115e-23  1.84638667e-18\n  -2.68196165e-23  6.44603228e-23 -4.75508424e-18  1.14287346e-17\n  -1.66007619e-22]\n [ 8.87735367e-18 -1.23830320e-11 -4.64684200e-18  3.06925074e-18\n  -8.01314392e-19 -3.30466759e-18 -5.85913372e-13  8.51066175e-18\n  -2.04551767e-17  3.12918582e-12 -2.06683645e-12  5.39605944e-13\n   2.22536483e-12  8.17291324e-07 -1.18715328e-11  2.85329506e-11\n   4.18008976e-18 -1.90420798e-19 -2.96497012e-19  3.06695795e-13\n  -4.45489741e-18  1.07072420e-17 -2.32324655e-18 -2.96177281e-18\n  -2.02573326e-13  2.94247076e-18 -7.07216022e-18 -5.81848360e-19\n   5.28874647e-14 -7.68214928e-19  1.84638667e-18  2.18111056e-13\n  -3.16816350e-18  7.61460709e-18 -5.61711400e-13  1.35006031e-12\n  -1.96102461e-17]\n [-1.28947649e-22  1.79869241e-16  6.74975195e-23 -4.45822801e-23\n   1.16394605e-23  4.80018182e-23  8.51066149e-18 -1.23621280e-22\n   2.97120860e-22 -4.54528648e-17  3.00217510e-17 -7.83802478e-18\n  -3.23244488e-17 -1.18715328e-11  1.72439480e-16 -4.14454245e-16\n  -6.07177284e-23  2.76594977e-24  4.30675560e-24 -4.45489763e-18\n   6.47094360e-23 -1.55527620e-22  3.37462257e-23  4.30211137e-23\n   2.94247083e-18 -4.27407426e-23  1.02726383e-22  8.45161532e-24\n  -7.68214775e-19  1.11586755e-23 -2.68196165e-23 -3.16816350e-18\n   4.60190336e-23 -1.10605674e-22  8.15911671e-18 -1.96102476e-17\n   2.84847854e-22]\n [ 3.09922667e-22 -4.32311524e-16 -1.62228714e-22  1.07152470e-22\n  -2.79751718e-23 -1.15371251e-22 -2.04551764e-17  2.97120864e-22\n  -7.14123057e-22  1.09244900e-16 -7.21565783e-17  1.88385098e-17\n   7.76910587e-17  2.85329521e-11 -4.14454269e-16  9.96131111e-16\n   1.45933644e-22 -6.64789576e-24 -1.03511866e-23  1.07072425e-17\n  -1.55527620e-22  3.73807008e-22 -8.11082665e-23 -1.03400243e-22\n  -7.07216000e-18  1.02726378e-22 -2.46900466e-22 -2.03132603e-23\n   1.84638629e-18 -2.68196164e-23  6.44603228e-23  7.61460709e-18\n  -1.10605674e-22  2.65838157e-22 -1.96102467e-17  4.71327726e-17\n  -6.84625173e-22]\n [-2.28622559e-17  3.18905899e-11  1.19672252e-17 -7.90438213e-18\n   2.06366169e-18  8.51066193e-18  1.50892957e-12 -2.19178974e-17\n   5.26791544e-17 -8.05873569e-12  5.32281865e-12 -1.38967193e-12\n  -5.73108407e-12 -2.10480781e-06  3.05733027e-11 -7.34822158e-11\n  -1.07651768e-17  4.90399412e-19  7.63582346e-19 -7.89847741e-13\n   1.14729015e-17 -2.75748513e-17  5.98316333e-18  7.62758929e-18\n   5.21696373e-13 -7.57787985e-18  1.82132584e-17  1.49846076e-18\n  -1.36203512e-13  1.97841912e-18 -4.75508424e-18 -5.61711400e-13\n   8.15911671e-18 -1.96102467e-17  1.44660112e-12 -3.47687220e-12\n   5.05031658e-17]\n [ 5.49489011e-17 -7.66482923e-11 -2.87629479e-17  1.89979989e-17\n  -4.95996295e-18 -2.04551783e-17 -3.62667717e-12  5.26791574e-17\n  -1.26613124e-16  1.93689841e-11 -1.27932710e-11  3.34004420e-12\n   1.37745275e-11  5.05885670e-06 -7.34822232e-11  1.76612799e-10\n   2.58738524e-17 -1.17866360e-18 -1.83525244e-18  1.89838070e-12\n  -2.75748524e-17  6.62755147e-17 -1.43803941e-17 -1.83327337e-17\n  -1.25388512e-12  1.82132583e-17 -4.37751437e-17 -3.60151563e-18\n   3.27361979e-13 -4.75508442e-18  1.14287346e-17  1.35006031e-12\n  -1.96102476e-17  4.71327726e-17 -3.47687220e-12  8.35658160e-12\n  -1.21383186e-16]\n [-7.98158029e-22  1.11335165e-15  4.17795031e-22 -2.75954661e-22\n   7.20457402e-23  2.97120861e-22  5.26791519e-17 -7.65188959e-22\n   1.83911379e-21 -2.81343391e-16  1.85828138e-16 -4.85156763e-17\n  -2.00081339e-16 -7.34822174e-11  1.06736305e-15 -2.56538204e-15\n  -3.75829592e-22  1.71206302e-23  2.66578847e-23 -2.75748518e-17\n   4.00537398e-22 -9.62682296e-22  2.08881831e-22  2.66291379e-22\n   1.82132573e-17 -2.64555942e-22  6.35854070e-22  5.23136689e-23\n  -4.75508312e-18  6.90697855e-23 -1.66007619e-22 -1.96102461e-17\n   2.84847854e-22 -6.84625173e-22  5.05031658e-17 -1.21383186e-16\n   1.76314654e-21]]', 'hess_sum': '[[-9.55015817e-23  1.33215303e-16  4.99902191e-23 -3.30186212e-23\n   8.62041658e-24  3.55512506e-23  6.30319051e-18 -9.15567502e-23\n   2.20054603e-22 -3.36634525e-17  2.22347634e-17 -5.80499723e-18\n  -2.39402374e-17 -8.79233129e-12  1.27712647e-16 -3.06954324e-16\n  -4.49689859e-23  2.04855164e-24  3.18971133e-24 -3.29939911e-18\n   4.79253034e-23 -1.15187332e-22  2.49932245e-23  3.18624462e-23\n   2.17925944e-18 -3.16547295e-23  7.60813811e-23  6.25946293e-24\n  -5.68955445e-19  8.26433801e-24 -1.98631614e-23 -2.34641535e-18\n   3.40827519e-23 -8.19171201e-23  6.04283184e-18 -1.45238030e-17\n   2.10964835e-22]\n [ 1.33215303e-16 -1.85822150e-10 -6.97314116e-17  4.60577658e-17\n  -1.20246791e-17 -4.95904840e-17 -8.79232776e-12  1.27712639e-16\n  -3.06954344e-16  4.69571651e-11 -3.10153534e-11  8.09743375e-12\n   3.33942570e-11  1.22644311e-05 -1.78146549e-10  4.28170935e-10\n   6.27272304e-17 -2.85749168e-18 -4.44929186e-18  4.60233619e-12\n  -6.68510526e-17  1.60674945e-16 -3.48630895e-17 -4.44449329e-17\n  -3.03985490e-12  4.41552823e-17 -1.06126192e-16 -8.73132875e-18\n   7.93639739e-13 -1.15279782e-17  2.77072353e-17  3.27301664e-12\n  -4.75420693e-17  1.14266249e-16 -8.42914998e-12  2.02592653e-11\n  -2.94275129e-16]\n [ 4.99902191e-23 -6.97314116e-17 -2.22636862e-22 -2.09368089e-22\n   1.90337480e-23  5.91655569e-23 -3.29939980e-18  4.79253019e-23\n  -1.15187339e-22  1.49923772e-16  1.40988586e-16 -1.28173292e-17\n  -3.98421119e-17  4.60233650e-12 -6.68510691e-17  1.60674964e-16\n   1.05083537e-22 -1.04819509e-23  4.99514134e-23  1.46942324e-17\n  -2.13440511e-22  5.12999235e-22  1.59439419e-23  1.10803129e-22\n   1.38184843e-17 -2.00719845e-22  4.82425442e-22  7.29179187e-24\n  -1.25624455e-18  1.82475325e-23 -4.38575194e-23 -3.90498032e-18\n   5.67216396e-23 -1.36329112e-22 -3.16311413e-18  7.60246827e-18\n  -1.10429413e-22]\n [-3.30186212e-23  4.60577658e-17 -2.09368089e-22 -3.22796532e-22\n   8.42780434e-23  8.57930818e-23  2.17925923e-18 -3.16547242e-23\n   7.60813714e-23  1.40988560e-16  2.17371358e-16 -5.67528908e-17\n  -5.77731148e-17 -3.03985526e-12  4.41553026e-17 -1.06126181e-16\n   1.10825451e-22 -1.92129547e-23  6.54740654e-23  1.38184847e-17\n  -2.00719835e-22  4.82425449e-22  7.97391159e-23  1.69692105e-22\n   2.13048653e-17 -3.09462975e-22  7.43787047e-22 -1.59769079e-23\n  -5.56242723e-18  8.07968219e-23 -1.94193283e-22 -5.66242036e-18\n   8.22492635e-23 -1.97684191e-22  2.08924132e-18 -5.02144387e-18\n   7.29387506e-23]\n [ 8.62041658e-24 -1.20246791e-17  1.90337480e-23  8.42780434e-23\n  -2.21280289e-22  3.11907146e-23 -5.68955199e-19  8.26433638e-24\n  -1.98631654e-23 -1.28173161e-17 -5.67528952e-17  1.49010302e-16\n  -2.10038347e-17  7.93639562e-13 -1.15279779e-17  2.77072220e-17\n  -2.77552392e-23 -7.42961824e-24 -3.26951663e-25 -1.25624473e-18\n   1.82475300e-23 -4.38575179e-23 -1.96906081e-22 -3.12805294e-24\n  -5.56242751e-18  8.07968292e-23 -1.94193285e-22  1.46774900e-22\n   1.46047041e-17 -2.12140026e-22  5.09873559e-22 -2.05861472e-18\n   2.99023159e-23 -7.18695474e-23 -5.45454099e-19  1.31098564e-18\n  -1.90426848e-23]\n [ 3.55512506e-23 -4.95904840e-17  5.91655569e-23  8.57930818e-23\n   3.11907146e-23 -2.32974525e-22 -2.34641465e-18  3.40827518e-23\n  -8.19170680e-23 -3.98421038e-17 -5.77730904e-17 -2.10038439e-17\n   1.56885207e-16  3.27301671e-12 -4.75420854e-17  1.14266254e-16\n   2.56103782e-23  8.83097244e-25 -2.38273207e-23 -3.90498040e-18\n   5.67216391e-23 -1.36329125e-22  1.32583637e-23 -2.49494058e-22\n  -5.66242130e-18  8.22492780e-23 -1.97684219e-22  7.75103955e-23\n  -2.05861393e-18  2.99023338e-23 -7.18695426e-23  1.53765313e-17\n  -2.23351170e-22  5.36819335e-22 -2.24949302e-18  5.40660277e-18\n  -7.85333988e-23]\n [ 6.30319051e-18 -8.79232776e-12 -3.29939980e-18  2.17925923e-18\n  -5.68955199e-19 -2.34641465e-18 -4.16016454e-13  6.04283243e-18\n  -1.45237969e-17  2.22181853e-12 -1.46751554e-12  3.83135144e-13\n   1.58007677e-12  5.80301731e-07 -8.42914901e-12  2.02592620e-11\n   2.96799406e-18 -1.35206452e-19 -2.10523961e-19  2.17763459e-13\n  -3.16311370e-18  7.60246971e-18 -1.64957539e-18 -2.10295049e-18\n  -1.43833068e-13  2.08924187e-18 -5.02144410e-18 -4.13129859e-19\n   3.75516036e-14 -5.45454049e-19  1.31098529e-18  1.54865529e-13\n  -2.24949323e-18  5.40660256e-18 -3.98832284e-13  9.58583856e-13\n  -1.39238736e-17]\n [-9.15567502e-23  1.27712639e-16  4.79253019e-23 -3.16547242e-23\n   8.26433638e-24  3.40827518e-23  6.04283243e-18 -8.77748732e-23\n   2.10964829e-22 -3.22729186e-17  2.13163345e-17 -5.56521141e-18\n  -2.29513500e-17 -8.42915027e-12  1.22437291e-16 -2.94275107e-16\n  -4.31114738e-23  1.96393085e-24  3.05795698e-24 -3.16311376e-18\n   4.59456854e-23 -1.10429404e-22  2.39608422e-23  3.05463231e-23\n   2.08924007e-18 -3.03471827e-23  7.29387579e-23  6.00090734e-24\n  -5.45454170e-19  7.92296620e-24 -1.90426868e-23 -2.24949228e-18\n   3.26749181e-23 -7.85333982e-23  5.79322327e-18 -1.39238696e-17\n   2.02250651e-22]\n [ 2.20054603e-22 -3.06954344e-16 -1.15187339e-22  7.60813714e-23\n  -1.98631654e-23 -8.19170680e-23 -1.45237969e-17  2.10964829e-22\n  -5.07049168e-22  7.75672435e-17 -5.12332836e-17  1.33758653e-17\n   5.51630363e-17  2.02592635e-11 -2.94275145e-16  7.07283454e-16\n   1.03617430e-22 -4.72027482e-24 -7.34972392e-24  7.60246854e-18\n  -1.10429413e-22  2.65414450e-22 -5.75893328e-23 -7.34173751e-23\n  -5.02144229e-18  7.29387860e-23 -1.75306677e-22 -1.44230221e-23\n   1.31098618e-18 -1.90426681e-23  4.57685812e-23  5.40660381e-18\n  -7.85333967e-23  1.88753243e-22 -1.39238718e-17  3.34656994e-17\n  -4.86104732e-22]\n [-3.36634525e-17  4.69571651e-11  1.49923772e-16  1.40988560e-16\n  -1.28173161e-17 -3.98421038e-17  2.22181853e-12 -3.22729186e-17\n   7.75672435e-17 -1.00958735e-10 -9.49417702e-11  8.63118439e-12\n   2.68296867e-11 -3.09921573e-06  4.50175248e-11 -1.08198588e-10\n  -7.07632891e-17  7.05853013e-18 -3.36373383e-17 -9.89510386e-12\n   1.43730951e-16 -3.45453912e-16 -1.07366652e-17 -7.46148846e-17\n  -9.30537389e-12  1.35164820e-16 -3.24865505e-16 -4.91029966e-18\n   8.45954452e-13 -1.22878807e-17  2.95336351e-17  2.62961500e-12\n  -3.81963677e-17  9.18040555e-17  2.13004254e-12 -5.11950823e-12\n   7.43631779e-17]\n [ 2.22347634e-17 -3.10153534e-11  1.40988586e-16  2.17371358e-16\n  -5.67528952e-17 -5.77730904e-17 -1.46751554e-12  2.13163345e-17\n  -5.12332836e-17 -9.49417702e-11 -1.46377996e-10  3.82174287e-11\n   3.89044304e-11  2.04704098e-06 -2.97342199e-11  7.14654855e-11\n  -7.46299133e-17  1.29380054e-17 -4.40902732e-17 -9.30537493e-12\n   1.35164840e-16 -3.24865538e-16 -5.36963836e-17 -1.14270760e-16\n  -1.43467073e-11  2.08392546e-16 -5.00866595e-16  1.07588501e-17\n   3.74574219e-12 -5.44086397e-17  1.30769879e-16  3.81307649e-12\n  -5.53866932e-17  1.33120614e-16 -1.40689665e-12  3.38144518e-12\n  -4.91170233e-17]\n [-5.80499723e-18  8.09743375e-12 -1.28173292e-17 -5.67528908e-17\n   1.49010302e-16 -2.10038439e-17  3.83135144e-13 -5.56521141e-18\n   1.33758653e-17  8.63118439e-12  3.82174287e-11 -1.00343640e-10\n   1.41440015e-11 -5.34437850e-07  7.76295569e-12 -1.86580824e-11\n   1.86903935e-17  5.00310845e-18  2.20167830e-19  8.45955372e-13\n  -1.22878908e-17  2.95336592e-17  1.32596688e-16  2.10642220e-18\n   3.74574181e-12 -5.44086362e-17  1.30769870e-16 -9.88383220e-17\n  -9.83481452e-12  1.42855206e-16 -3.43349167e-16  1.38627291e-12\n  -2.01362466e-17  4.83970122e-17  3.67309320e-13 -8.82819457e-13\n   1.28233504e-17]\n [-2.39402374e-17  3.33942570e-11 -3.98421119e-17 -5.77731148e-17\n  -2.10038347e-17  1.56885207e-16  1.58007677e-12 -2.29513500e-17\n   5.51630363e-17  2.68296867e-11  3.89044304e-11  1.41440015e-11\n  -1.05646604e-10 -2.20405145e-06  3.20148585e-11 -7.69469669e-11\n  -1.72460513e-17 -5.94679375e-19  1.60453303e-17  2.62961533e-12\n  -3.81963743e-17  9.18040906e-17 -8.92818724e-18  1.68009459e-16\n   3.81307730e-12 -5.53867120e-17  1.33120653e-16 -5.21955656e-17\n   1.38627197e-12 -2.01362380e-17  4.83969633e-17 -1.03545668e-11\n   1.50404831e-16 -3.61494507e-16  1.51480999e-12 -3.64080900e-12\n   5.28844309e-17]\n [-8.79233129e-12  1.22644311e-05  4.60233650e-12 -3.03985526e-12\n   7.93639562e-13  3.27301671e-12  5.80301731e-07 -8.42915027e-12\n   2.02592635e-11 -3.09921573e-06  2.04704098e-06 -5.34437850e-07\n  -2.20405145e-06 -8.09463655e-01  1.17578318e-05 -2.82596786e-05\n  -4.14005541e-12  1.88597043e-13  2.93657296e-13 -3.03758395e-07\n   4.41223002e-12 -1.06046931e-11  2.30099513e-12  2.93340609e-12\n   2.00633198e-07 -2.91428933e-12  7.00442508e-12  5.76275583e-13\n  -5.23809168e-08  7.60857255e-13 -1.82870286e-12 -2.16022075e-07\n   3.13781988e-12 -7.54167806e-12  5.56331535e-07 -1.33712999e-06\n   1.94224292e-11]\n [ 1.27712647e-16 -1.78146549e-10 -6.68510691e-17  4.41553026e-17\n  -1.15279779e-17 -4.75420854e-17 -8.42914901e-12  1.22437291e-16\n  -2.94275145e-16  4.50175248e-11 -2.97342199e-11  7.76295569e-12\n   3.20148585e-11  1.17578318e-05 -1.70787906e-10  4.10484786e-10\n   6.01361990e-17 -2.73946002e-18 -4.26551187e-18  4.41222995e-12\n  -6.40896818e-17  1.54038003e-16 -3.34230197e-17 -4.26090902e-17\n  -2.91428943e-12  4.23313871e-17 -1.01742519e-16 -8.37066595e-18\n   7.60857186e-13 -1.10518014e-17  2.65627374e-17  3.13782000e-12\n  -4.55782830e-17  1.09546343e-16 -8.08097299e-12  1.94224287e-11\n  -2.82119683e-16]\n [-3.06954324e-16  4.28170935e-10  1.60674964e-16 -1.06126181e-16\n   2.77072220e-17  1.14266254e-16  2.02592620e-11 -2.94275107e-16\n   7.07283454e-16 -1.08198588e-10  7.14654855e-11 -1.86580824e-11\n  -7.69469669e-11 -2.82596786e-05  4.10484786e-10 -9.86590561e-10\n  -1.44535931e-16  6.58422380e-18  1.02520449e-17 -1.06046919e-11\n   1.54038015e-16 -3.70226825e-16  8.03314374e-17  1.02409926e-16\n   7.00442453e-12 -1.01742495e-16  2.44535750e-16  2.01187035e-17\n  -1.82870282e-12  2.65627375e-17 -6.38429360e-17 -7.54167564e-12\n   1.09546329e-16 -2.63292015e-16  1.94224271e-11 -4.66813541e-11\n   6.78068035e-16]\n [-4.49689859e-23  6.27272304e-17  1.05083537e-22  1.10825451e-22\n  -2.77552392e-23  2.56103782e-23  2.96799406e-18 -4.31114738e-23\n   1.03617430e-22 -7.07632891e-17 -7.46299133e-17  1.86903935e-17\n  -1.72460513e-17 -4.14005541e-12  6.01361990e-17 -1.44535931e-16\n  -1.14904921e-22  3.68372188e-23  1.47420715e-23 -6.93560911e-18\n   1.00742919e-22 -2.42133228e-22  5.61515107e-24  2.88692406e-23\n  -7.31458068e-18  1.06247642e-22 -2.55363727e-22 -3.45802543e-23\n   1.83187063e-18 -2.66087679e-23  6.39535445e-23 -1.69030823e-18\n   2.45525055e-23 -5.90113796e-23  2.84539609e-18 -6.83884751e-18\n   9.93373597e-23]\n [ 2.04855164e-24 -2.85749168e-18 -1.04819509e-23 -1.92129547e-23\n  -7.42961824e-24  8.83097244e-25 -1.35206452e-19  1.96393085e-24\n  -4.72027482e-24  7.05853013e-18  1.29380054e-17  5.00310845e-18\n  -5.94679375e-19  1.88597043e-13 -2.73946002e-18  6.58422380e-18\n   3.68372188e-23 -2.36785751e-23 -2.56596124e-23  6.91818252e-19\n  -1.00489786e-23  2.41524942e-23 -2.52840135e-23 -2.53242106e-23\n   1.26807242e-18 -1.84193322e-23  4.42704388e-23  2.78196771e-23\n   4.90361726e-19 -7.12272988e-24  1.71193115e-23 -5.82850703e-20\n   8.46618786e-25 -2.03483546e-24 -1.29621454e-19  3.11542412e-19\n  -4.52528693e-24]\n [ 3.18971133e-24 -4.44929186e-18  4.99514134e-23  6.54740654e-23\n  -3.26951663e-25 -2.38273207e-23 -2.10523961e-19  3.05795698e-24\n  -7.34972392e-24 -3.36373383e-17 -4.40902732e-17  2.20167830e-19\n   1.60453303e-17  2.93657296e-13 -4.26551187e-18  1.02520449e-17\n   1.47420715e-23 -2.56596124e-23 -6.22507692e-23 -3.29683914e-18\n   4.78881034e-23 -1.15097943e-22 -2.49385036e-23 -9.23546363e-23\n  -4.32134813e-18  6.27695724e-23 -1.50865202e-22  2.13442620e-23\n   2.15791271e-20 -3.13447258e-25  7.53360296e-25  1.57262487e-18\n  -2.28431005e-23  5.49028456e-23 -2.01827488e-19  4.85087992e-19\n  -7.04612419e-24]\n [-3.29939911e-18  4.60233619e-12  1.46942324e-17  1.38184847e-17\n  -1.25624473e-18 -3.90498040e-18  2.17763459e-13 -3.16311376e-18\n   7.60246854e-18 -9.89510386e-12 -9.30537493e-12  8.45955372e-13\n   2.62961533e-12 -3.03758395e-07  4.41222995e-12 -1.06046919e-11\n  -6.93560911e-18  6.91818252e-19 -3.29683914e-18 -9.69832639e-13\n   1.40872660e-17 -3.38584187e-17 -1.05231493e-18 -7.31310669e-18\n  -9.12032606e-13  1.32476925e-17 -3.18405196e-17 -4.81265039e-19\n   8.29132715e-14 -1.20435376e-18  2.89463617e-18  2.57732262e-13\n  -3.74367976e-18  8.99784440e-18  2.08768403e-13 -5.01769875e-13\n   7.28843973e-18]\n [ 4.79253034e-23 -6.68510526e-17 -2.13440511e-22 -2.00719835e-22\n   1.82475300e-23  5.67216391e-23 -3.16311370e-18  4.59456854e-23\n  -1.10429413e-22  1.43730951e-16  1.35164840e-16 -1.22878908e-17\n  -3.81963743e-17  4.41223002e-12 -6.40896818e-17  1.54038015e-16\n   1.00742919e-22 -1.00489786e-23  4.78881034e-23  1.40872660e-17\n  -2.04624029e-22  4.91809161e-22  1.52853561e-23  1.06226247e-22\n   1.32476923e-17 -1.92428815e-22  4.62498158e-22  6.99059296e-24\n  -1.20435332e-18  1.74937906e-23 -4.20459188e-23 -3.74367955e-18\n   5.43786660e-23 -1.30697842e-22 -3.03245685e-18  7.28843950e-18\n  -1.05867947e-22]\n [-1.15187332e-22  1.60674945e-16  5.12999235e-22  4.82425449e-22\n  -4.38575179e-23 -1.36329125e-22  7.60246971e-18 -1.10429404e-22\n   2.65414450e-22 -3.45453912e-16 -3.24865538e-16  2.95336592e-17\n   9.18040906e-17 -1.06046931e-11  1.54038003e-16 -3.70226825e-16\n  -2.42133228e-22  2.41524942e-23 -1.15097943e-22 -3.38584187e-17\n   4.91809161e-22 -1.18205164e-21 -3.67379989e-23 -2.55312282e-22\n  -3.18405193e-17  4.62498160e-22 -1.11160356e-21 -1.68017346e-23\n   2.89463532e-18 -4.20459164e-23  1.01056371e-22  8.99784625e-18\n  -1.30697864e-22  3.14129233e-22  7.28843997e-18 -1.75176006e-17\n   2.54451066e-22]\n [ 2.49932245e-23 -3.48630895e-17  1.59439419e-23  7.97391159e-23\n  -1.96906081e-22  1.32583637e-23 -1.64957539e-18  2.39608422e-23\n  -5.75893328e-23 -1.07366652e-17 -5.36963836e-17  1.32596688e-16\n  -8.92818724e-18  2.30099513e-12 -3.34230197e-17  8.03314374e-17\n   5.61515107e-24 -2.52840135e-23 -2.49385036e-23 -1.05231493e-18\n   1.52853561e-23 -3.67379989e-23 -1.96933558e-22 -3.97377278e-23\n  -5.26285419e-18  7.64453921e-23 -1.83734736e-22  1.46073280e-22\n   1.29959808e-17 -1.88772603e-22  4.53710536e-22 -8.75064012e-19\n   1.27107102e-23 -3.05498748e-23 -1.58143746e-18  3.80094786e-18\n  -5.52105225e-23]\n [ 3.18624462e-23 -4.44449329e-17  1.10803129e-22  1.69692105e-22\n  -3.12805294e-24 -2.49494058e-22 -2.10295049e-18  3.05463231e-23\n  -7.34173751e-23 -7.46148846e-17 -1.14270760e-16  2.10642220e-18\n   1.68009459e-16  2.93340609e-12 -4.26090902e-17  1.02409926e-16\n   2.88692406e-23 -2.53242106e-23 -9.23546363e-23 -7.31310669e-18\n   1.06226247e-22 -2.55312282e-22 -3.97377278e-23 -3.53443234e-22\n  -1.11998345e-17  1.62682776e-22 -3.91004188e-22  1.27249171e-22\n   2.06454490e-19 -2.99885008e-24  7.20764791e-24  1.64668345e-17\n  -2.39188340e-22  5.74883601e-22 -2.01608514e-18  4.84561302e-18\n  -7.03847630e-23]\n [ 2.17925944e-18 -3.03985490e-12  1.38184843e-17  2.13048653e-17\n  -5.56242751e-18 -5.66242130e-18 -1.43833068e-13  2.08924007e-18\n  -5.02144229e-18 -9.30537389e-12 -1.43467073e-11  3.74574181e-12\n   3.81307730e-12  2.00633198e-07 -2.91428943e-12  7.00442453e-12\n  -7.31458068e-18  1.26807242e-18 -4.32134813e-18 -9.12032606e-13\n   1.32476923e-17 -3.18405193e-17 -5.26285419e-18 -1.11998345e-17\n  -1.40614047e-12  2.04248365e-17 -4.90906223e-17  1.05449065e-18\n   3.67125265e-13 -5.33266371e-18  1.28169315e-17  3.73724941e-13\n  -5.42852708e-18  1.30473350e-17 -1.37891796e-13  3.31419646e-13\n  -4.81402390e-18]\n [-3.16547295e-23  4.41552823e-17 -2.00719845e-22 -3.09462975e-22\n   8.07968292e-23  