{'theta_hat': '[-6.73247635e-12  9.39114561e-06 -1.30475398e-11 -7.83493143e-12\n  1.59077077e-11 -4.12338914e-12  2.28422815e-07  1.40271191e-11\n -2.72869010e-11  8.78622197e-06  5.27604490e-06 -1.07122589e-05\n  2.77669460e-06 -3.18627745e-01 -1.95664408e-05  3.80625285e-05\n  1.42920105e-11  3.98235602e-12  2.05005237e-12  1.06457417e-06\n -1.17062343e-11  6.85771894e-12 -9.99441290e-12 -1.45873461e-12\n  7.74776239e-07 -1.55037229e-11  1.71351789e-11 -6.97054924e-13\n -1.25305707e-06  1.14655121e-11 -4.04941837e-12  4.40190925e-07\n -1.01879958e-11  1.21341413e-11 -1.20613245e-06  2.04747662e-06\n -1.32930947e-11]', 'theta_bar': '[ 1.22479985e-11  4.94891935e-06 -7.82442618e-12 -1.06742251e-11\n  7.65344389e-12 -6.15214665e-12 -1.06348894e-06  1.50006498e-11\n -1.25999097e-11  5.26897380e-06  7.18802793e-06 -5.15383169e-06\n  4.14286094e-06 -1.54859711e-01 -1.11271556e-05  2.13116670e-05\n  7.20322613e-12 -5.16472956e-12  4.15161840e-12  6.88572979e-07\n -1.01570654e-11  8.93119185e-12 -7.04581782e-12  5.66371349e-12\n  9.39363885e-07 -1.38564541e-11  1.21840947e-11 -4.06089538e-12\n -6.73525948e-07  9.93510932e-12 -8.73602321e-12  5.41407390e-07\n -7.98624246e-12  7.02236843e-12 -1.32121916e-06  1.12279882e-06\n -1.72297967e-11]', 'grad_op_sum': '[[ 5.10796646e-22 -7.12510865e-16 -5.78038801e-23 -2.63008715e-22\n  -5.14239914e-24 -1.93069375e-22 -3.70026997e-17  1.65978872e-22\n   1.80537906e-22  3.89250759e-17  1.77110238e-16  3.46291651e-18\n   1.30012943e-16  5.16151075e-11 -2.31524054e-16 -2.51832630e-16\n   3.09145430e-23 -2.44877469e-22  1.68729857e-22  6.91333164e-18\n  -1.89254029e-22  2.41428520e-22 -1.20871235e-22  2.60967697e-22\n   2.12835451e-17 -2.24974143e-22  1.21343767e-22 -1.55959078e-22\n  -2.75424963e-18  1.93865995e-22 -3.02179798e-22  1.53024409e-17\n  -1.45051105e-22  5.82038712e-23 -1.52244661e-17 -8.16170947e-18\n  -2.48806091e-22]\n [-7.12510865e-16  9.93882274e-10  8.06306383e-17  3.66871124e-16\n   7.17321285e-18  2.69312675e-16  5.16151097e-11 -2.31524055e-16\n  -2.51832661e-16 -5.42965923e-11 -2.47051251e-10 -4.83047630e-12\n  -1.81355192e-10 -7.19979746e-05  3.22953080e-10  3.51281805e-10\n  -4.31226651e-17  3.41579884e-16 -2.35361463e-16 -9.64340933e-12\n   2.63990610e-16 -3.36768889e-16  1.68603380e-16 -3.64024150e-16\n  -2.96884381e-11  3.13816620e-16 -1.69262481e-16  2.17547496e-16\n   3.84190014e-12 -2.70423847e-16  4.21510932e-16 -2.13453904e-11\n   2.02331907e-16 -8.11885906e-17  2.12366197e-11  1.13847876e-11\n   3.47059842e-16]\n [-5.78038801e-23  8.06306383e-17  1.51724142e-22  1.48579223e-22\n  -1.65948327e-22  9.19525207e-23  6.91333224e-18 -1.89254031e-22\n   2.41428537e-22 -1.02171114e-16 -1.00053313e-16  1.11749686e-16\n  -6.19208798e-17 -9.64340965e-12  2.63990610e-16 -3.36768908e-16\n  -1.58038719e-22  1.97760450e-23 -6.40277961e-23 -1.29325265e-17\n   1.70712957e-22 -1.32873019e-22  1.35501798e-22 -5.03581351e-23\n  -1.35032502e-17  2.19629120e-22 -2.10693916e-22  4.65884683e-23\n   1.38671280e-17 -1.69343153e-22  1.18641578e-22 -8.48000374e-18\n   1.43623878e-22 -1.42221982e-22  1.65129641e-17 -1.94712046e-17\n   2.02387373e-22]\n [-2.63008715e-22  3.66871124e-16  1.48579223e-22  2.32660731e-22\n  -1.33638766e-22  1.56783590e-22  2.12835456e-17 -2.24974144e-22\n   1.21343769e-22 -1.00053288e-16 -1.56673860e-16  8.99924024e-17\n  -1.05578123e-16 -2.96884374e-11  3.13816619e-16 -1.69262492e-16\n  -1.42391995e-22  1.19593006e-22 -1.23652040e-22 -1.35032492e-17\n   2.19629118e-22 -2.10693912e-22  1.61935536e-22 -1.51415750e-22\n  -2.00386737e-17  2.74745711e-22 -2.23671504e-22  1.03986950e-22\n   1.25117920e-17 -2.20455657e-22  2.24701511e-22 -1.34019617e-17\n   1.78793398e-22 -1.40971668e-22  1.99431227e-17 -1.24884437e-17\n   2.70699165e-22]\n [-5.14239914e-24  7.17321285e-18 -1.65948327e-22 -1.33638766e-22\n   1.91068376e-22 -7.84682536e-23 -2.75425065e-18  1.93865999e-22\n  -3.02179831e-22  1.11749700e-16  8.99923954e-17 -1.28665543e-16\n   5.28405784e-17  3.84190128e-12 -2.70423850e-16  4.21510966e-16\n   1.76952429e-22  1.15673885e-23  4.98419165e-23  1.38671294e-17\n  -1.69343155e-22  1.18641592e-22 -1.38519377e-22  2.12608857e-23\n   1.25117944e-17 -2.20455662e-22  2.24701530e-22 -3.16246001e-23\n  -1.55208885e-17  1.67126857e-22 -9.38202363e-23  7.58652125e-18\n  -1.44453650e-22  1.54993037e-22 -1.68115417e-17  2.34758063e-17\n  -1.97345316e-22]\n [-1.93069375e-22  2.69312675e-16  9.19525207e-23  1.56783590e-22\n  -7.84682536e-23  1.06826678e-22  1.53024411e-17 -1.45051089e-22\n   5.82038680e-23 -6.19208462e-17 -1.05578155e-16  5.28405539e-17\n  -7.19371185e-17 -2.13453897e-11  2.02331883e-16 -8.11885933e-17\n  -8.63073912e-23  8.87263471e-23 -8.54729633e-23 -8.48000316e-18\n   1.43623861e-22 -1.42221978e-22  1.04511090e-22 -1.08695942e-22\n  -1.34019617e-17  1.78793378e-22 -1.40971665e-22  7.29228645e-23\n   7.58651984e-18 -1.44453632e-22  1.54993023e-22 -9.04250911e-18\n   1.16251142e-22 -8.74935720e-23  1.28961484e-17 -6.76304538e-18\n   1.78173580e-22]\n [-3.70026997e-17  5.16151097e-11  6.91333224e-18  2.12835456e-17\n  -2.75425065e-18  1.53024411e-17  2.73170083e-12 -1.52244678e-17\n  -8.16171115e-18 -4.65543537e-12 -1.43323527e-11  1.85471219e-12\n  -1.03046666e-11 -3.81045246e-06  2.12366221e-11  1.13847878e-11\n  -5.14113372e-18  1.75902136e-17 -1.30666595e-17 -7.28941595e-13\n   1.65129656e-17 -1.94712046e-17  1.10434100e-17 -1.92958296e-17\n  -1.75011898e-12  1.99431247e-17 -1.24884438e-17  1.18412238e-17\n   4.54038058e-13 -1.68115430e-17  2.34758054e-17 -1.23523288e-12\n   1.28961512e-17 -6.76304562e-18  1.38057682e-12  2.08310600e-13\n   2.12951701e-17]\n [ 1.65978872e-22 -2.31524055e-16 -1.89254031e-22 -2.24974144e-22\n   1.93865999e-22 -1.45051089e-22 -1.52244678e-17  2.54097694e-22\n  -2.48806095e-22  1.27443744e-16  1.51497697e-16 -1.30549456e-16\n   9.76774696e-17  2.12366211e-11 -3.54441088e-16  3.47059846e-16\n   1.91503977e-22 -7.02532707e-23  1.07587568e-22  1.65129650e-17\n  -2.36797444e-22  2.02387372e-22 -1.82319111e-22  1.09252618e-22\n   1.99431250e-17 -3.01094574e-22  2.70699164e-22 -8.46577794e-23\n  -1.68115408e-17  2.36074845e-22 -1.97345298e-22  1.28961499e-17\n  -1.96500044e-22  1.78173582e-22 -2.23133378e-17  2.12951694e-17\n  -2.85426912e-22]\n [ 1.80537906e-22 -2.51832661e-16  2.41428537e-22  1.21343769e-22\n  -3.02179831e-22  5.82038680e-23 -8.16171115e-18 -2.48806095e-22\n   5.36111875e-22 -1.62578148e-16 -8.17129158e-17  2.03488062e-16\n  -3.91945646e-17  1.13847896e-11  3.47059843e-16 -7.47823060e-16\n  -2.67810035e-22 -1.00862945e-22 -2.14079982e-23 -1.94712051e-17\n   2.02387372e-22 -1.05047364e-22  1.77005756e-22  5.46747076e-23\n  -1.24884447e-17  2.70699169e-22 -3.12362547e-22 -2.92606550e-24\n   2.34758050e-17 -1.97345313e-22  4.55068101e-23 -6.76304571e-18\n   1.78173601e-22 -2.24066951e-22  2.12951685e-17 -3.96698154e-17\n   2.26313535e-22]\n [ 3.89250759e-17 -5.42965923e-11 -1.02171114e-16 -1.00053288e-16\n   1.11749700e-16 -6.19208462e-17 -4.65543537e-12  1.27443744e-16\n  -1.62578148e-16  6.88020803e-11  6.73759275e-11 -7.52523036e-11\n   4.16975331e-11  6.49386848e-06 -1.77771387e-10  2.26780421e-10\n   1.06423359e-16 -1.33171569e-17  4.31163249e-17  8.70876953e-12\n  -1.14958170e-16  8.94767247e-17 -9.12469670e-17  3.39111510e-17\n   9.09309269e-12 -1.47898336e-16  1.41881383e-16 -3.13726738e-17\n  -9.33813150e-12  1.14035743e-16 -7.98932534e-17  5.71043669e-12\n  -9.67163760e-17  9.57723542e-17 -1.11198369e-11  1.31119218e-11\n  -1.36287729e-16]\n [ 1.77110238e-16 -2.47051251e-10 -1.00053313e-16 -1.56673860e-16\n   8.99923954e-17 -1.05578155e-16 -1.43323527e-11  1.51497697e-16\n  -8.17129158e-17  6.73759275e-11  1.05504261e-10 -6.06009176e-11\n   7.10963661e-11  1.99922120e-05 -2.11324262e-10  1.13981392e-10\n   9.58868281e-17 -8.05340087e-17  8.32673533e-17  9.09309410e-12\n  -1.47898357e-16  1.41881393e-16 -1.09047468e-16  1.01963459e-16\n   1.34940534e-11 -1.85013897e-16  1.50620493e-16 -7.00248731e-17\n  -8.42544591e-12  1.48454950e-16 -1.51314124e-16  9.02488819e-12\n  -1.20399562e-16  9.49303829e-17 -1.34297085e-11  8.40972168e-12\n  -1.82288954e-16]\n [ 3.46291651e-18 -4.83047630e-12  1.11749686e-16  8.99924024e-17\n  -1.28665543e-16  5.28405539e-17  1.85471219e-12 -1.30549456e-16\n   2.03488062e-16 -7.52523036e-11 -6.06009176e-11  8.66434430e-11\n  -3.55828670e-11 -2.58713605e-06  1.82103550e-10 -2.83845712e-10\n  -1.19159855e-16 -7.78949607e-18 -3.35635649e-17 -9.33813177e-12\n   1.14035759e-16 -7.98932983e-17  9.32790143e-17 -1.43170800e-17\n  -8.42544788e-12  1.48454946e-16 -1.51314121e-16  2.12960152e-17\n   1.04517742e-11 -1.12543303e-16  6.31785822e-17 -5.10876665e-12\n   9.72751561e-17 -1.04372388e-16  1.13209002e-11 -1.58086204e-11\n   1.32892426e-16]\n [ 1.30012943e-16 -1.81355192e-10 -6.19208798e-17 -1.05578123e-16\n   5.28405784e-17 -7.19371185e-17 -1.03046666e-11  9.76774696e-17\n  -3.91945646e-17  4.16975331e-11  7.10963661e-11 -3.55828670e-11\n   4.84424783e-11  1.43739894e-05 -1.36250383e-10  5.46725102e-11\n   5.81194514e-17 -5.97483319e-17  5.75575174e-17  5.71043862e-12\n  -9.67163682e-17  9.57723280e-17 -7.03778158e-17  7.31958675e-17\n   9.02488587e-12 -1.20399538e-16  9.49303928e-17 -4.91062748e-17\n  -5.10876721e-12  9.72751357e-17 -1.04372346e-16  6.08922871e-12\n  -7.82835698e-17  5.89182205e-17 -8.68427216e-12  4.55424128e-12\n  -1.19982161e-16]\n [ 5.16151075e-11 -7.19979746e-05 -9.64340965e-12 -2.96884374e-11\n   3.84190128e-12 -2.13453897e-11 -3.81045246e-06  2.12366211e-11\n   1.13847896e-11  6.49386848e-06  1.99922120e-05 -2.58713605e-06\n   1.43739894e-05  5.31520429e+00 -2.96229794e-05 -1.58806667e-05\n   7.17136760e-12 -2.45366091e-11  1.82266965e-11  1.01680101e-06\n  -2.30339489e-11  2.71604014e-11 -1.54044606e-11  2.69157737e-11\n   2.44124254e-06 -2.78186801e-11  1.74201372e-11 -1.65173353e-11\n  -6.33337705e-07  2.34504348e-11 -3.27464244e-11  1.72302749e-06\n  -1.79888512e-11  9.43377502e-12 -1.92576763e-06 -2.90573433e-07\n  -2.97046505e-11]\n [-2.31524054e-16  3.22953080e-10  2.63990610e-16  3.13816619e-16\n  -2.70423850e-16  2.02331883e-16  2.12366221e-11 -3.54441088e-16\n   3.47059843e-16 -1.77771387e-10 -2.11324262e-10  1.82103550e-10\n  -1.36250383e-10 -2.96229794e-05  4.94410172e-10 -4.84114089e-10\n  -2.67129063e-16  9.79963397e-17 -1.50073986e-16 -2.30339489e-11\n   3.30308954e-16 -2.82310312e-16  2.54317082e-16 -1.52396562e-16\n  -2.78186816e-11  4.19997075e-16 -3.77598494e-16  1.18089204e-16\n   2.34504328e-11 -3.29300999e-16  2.75277117e-16 -1.79888501e-11\n   2.74098076e-16 -2.48534482e-16  3.11248937e-11 -2.97046505e-11\n   3.98142238e-16]\n [-2.51832630e-16  3.51281805e-10 -3.36768908e-16 -1.69262492e-16\n   4.21510966e-16 -8.11885933e-17  1.13847878e-11  3.47059846e-16\n  -7.47823060e-16  2.26780421e-10  1.13981392e-10 -2.83845712e-10\n   5.46725102e-11 -1.58806667e-05 -4.84114089e-10  1.04313923e-09\n   3.73568493e-16  1.40693884e-16  2.98620012e-17  2.71604030e-11\n  -2.82310316e-16  1.46530625e-16 -2.46905488e-16 -7.62658662e-17\n   1.74201399e-11 -3.77598505e-16  4.35714819e-16  4.08160702e-18\n  -3.27464245e-11  2.75277142e-16 -6.34774292e-17  9.43377615e-12\n  -2.48534511e-16  3.12551213e-16 -2.97046496e-11  5.53354691e-11\n  -3.15684933e-16]\n [ 3.09145430e-23 -4.31226651e-17 -1.58038719e-22 -1.42391995e-22\n   1.76952429e-22 -8.63073912e-23 -5.14113372e-18  1.91503977e-22\n  -2.67810035e-22  1.06423359e-16  9.58868281e-17 -1.19159855e-16\n   5.81194514e-17  7.17136760e-12 -2.67129063e-16  3.73568493e-16\n   1.66371922e-22 -6.37375928e-24  5.80416380e-23  1.33517125e-17\n  -1.70372860e-22  1.26966902e-22 -1.36990804e-22  3.79625808e-23\n   1.30979317e-17 -2.20300911e-22  2.17000968e-22 -4.02437170e-23\n  -1.45958298e-17  1.68638346e-22 -1.08177027e-22  8.10940329e-18\n  -1.44187139e-22  1.47900141e-22 -1.66647866e-17  2.12153628e-17\n  -2.00519493e-22]\n [-2.44877469e-22  3.41579884e-16  1.97760450e-23  1.19593006e-22\n   1.15673885e-23  8.87263471e-23  1.75902136e-17 -7.02532707e-23\n  -1.00862945e-22 -1.33171569e-17 -8.05340087e-17 -7.78949607e-18\n  -5.97483319e-17 -2.45366091e-11  9.79963397e-17  1.40693884e-16\n  -6.37375928e-24  1.17828728e-22 -7.84336538e-23 -2.65017506e-18\n   8.25688213e-23 -1.09972375e-22  5.12874859e-23 -1.23970418e-22\n  -9.59698841e-18  9.72404617e-23 -4.74071380e-23  7.31855011e-23\n   5.79490614e-19 -8.48832079e-23  1.40250339e-22 -6.96719158e-18\n   6.25850164e-23 -2.04896392e-23  6.49026742e-18  5.02747556e-18\n   1.09755365e-22]\n [ 1.68729857e-22 -2.35361463e-16 -6.40277961e-23 -1.23652040e-22\n   4.98419165e-23 -8.54729633e-23 -1.30666595e-17  1.07587568e-22\n  -2.14079982e-23  4.31163249e-17  8.32673533e-17 -3.35635649e-17\n   5.75575174e-17  1.82266965e-11 -1.50073986e-16  2.98620012e-17\n   5.80416380e-23 -7.84336538e-23  6.96428188e-23  6.04410299e-18\n  -1.08722386e-22  1.12418324e-22 -7.76310056e-23  9.26502052e-23\n   1.04643061e-17 -1.34410038e-22  1.01042268e-22 -6.04741540e-23\n  -5.10517018e-18  1.09660363e-22 -1.25953768e-22  7.14338971e-18\n  -8.72851497e-23  6.12050261e-23 -9.60653935e-18  3.61609960e-18\n  -1.36111415e-22]\n [ 6.91333164e-18 -9.64340933e-12 -1.29325265e-17 -1.35032492e-17\n   1.38671294e-17 -8.48000316e-18 -7.28941595e-13  1.65129650e-17\n  -1.94712051e-17  8.70876953e-12  9.09309410e-12 -9.33813177e-12\n   5.71043862e-12  1.01680101e-06 -2.30339489e-11  2.71604030e-11\n   1.33517125e-17 -2.65017506e-18  6.04410299e-18  1.11040307e-12\n  -1.50558698e-17  1.21011166e-17 -1.18311918e-17  5.27494342e-18\n   1.21656439e-12 -1.92947685e-17  1.81258552e-17 -4.53272716e-18\n  -1.17171701e-12  1.49599747e-17 -1.11569862e-17  7.71868403e-13\n  -1.26091823e-17  1.21389269e-17 -1.44382087e-12  1.59635523e-12\n  -1.79486752e-17]\n [-1.89254029e-22  2.63990610e-16  1.70712957e-22  2.19629118e-22\n  -1.69343155e-22  1.43623861e-22  1.65129656e-17 -2.36797444e-22\n   2.02387372e-22 -1.14958170e-16 -1.47898357e-16  1.14035759e-16\n  -9.67163682e-17 -2.30339489e-11  3.30308954e-16 -2.82310316e-16\n  -1.70372860e-22  8.25688213e-23 -1.08722386e-22 -1.50558698e-17\n   2.23646143e-22 -1.97993590e-22  1.70058757e-22 -1.18106499e-22\n  -1.92947694e-17  2.83026024e-22 -2.47501331e-22  8.75434319e-23\n   1.49599734e-17 -2.23409601e-22  1.98798099e-22 -1.26091815e-17\n   1.84555959e-22 -1.61043231e-22  2.08499181e-17 -1.79486752e-17\n   2.71352362e-22]\n [ 2.41428520e-22 -3.36768889e-16 -1.32873019e-22 -2.10693912e-22\n   1.18641592e-22 -1.42221978e-22 -1.94712046e-17  2.02387372e-22\n  -1.05047364e-22  8.94767247e-17  1.41881393e-16 -7.98932983e-17\n   9.57723280e-17  2.71604014e-11 -2.82310312e-16  1.46530625e-16\n   1.26966902e-22 -1.09972375e-22  1.12418324e-22  1.21011166e-17\n  -1.97993590e-22  1.90850642e-22 -1.45698994e-22  1.38487671e-22\n   1.81258557e-17 -2.47501333e-22  2.00550229e-22 -9.47540224e-23\n  -1.11569862e-17  1.98798111e-22 -2.04219915e-22  1.21389271e-17\n  -1.61043248e-22  1.26120831e-22 -1.79486741e-17  1.09699623e-17\n  -2.44269555e-22]\n [-1.20871235e-22  1.68603380e-16  1.35501798e-22  1.61935536e-22\n  -1.38519377e-22  1.04511090e-22  1.10434100e-17 -1.82319111e-22\n   1.77005756e-22 -9.12469670e-17 -1.09047468e-16  9.32790143e-17\n  -7.03778158e-17 -1.54044606e-11  2.54317082e-16 -2.46905488e-16\n  -1.36990804e-22  5.12874859e-23 -7.76310056e-23 -1.18311918e-17\n   1.70058757e-22 -1.45698994e-22  1.30824707e-22 -7.92286484e-23\n  -1.43460066e-17  2.16165205e-22 -1.93985674e-22  6.11882768e-23\n   1.20261767e-17 -1.69562755e-22  1.42364346e-22 -9.28359906e-18\n   1.41065692e-22 -1.27585164e-22  1.60130424e-17 -1.51820484e-17\n   2.05074004e-22]\n [ 2.60967697e-22 -3.64024150e-16 -5.03581351e-23 -1.51415750e-22\n   2.12608857e-23 -1.08695942e-22 -1.92958296e-17  1.09252618e-22\n   5.46747076e-23  3.39111510e-17  1.01963459e-16 -1.43170800e-17\n   7.31958675e-17  2.69157737e-11 -1.52396562e-16 -7.62658662e-17\n   3.79625808e-23 -1.23970418e-22  9.26502052e-23  5.27494342e-18\n  -1.18106499e-22  1.38487671e-22 -7.92286484e-23  1.36316665e-22\n   1.24653298e-17 -1.42793023e-22  9.02484289e-23 -8.38312726e-23\n  -3.35163414e-18  1.20191408e-22 -1.66498077e-22  8.78608878e-18\n  -9.23547950e-23  4.91929488e-23 -9.89981563e-18 -1.24428269e-18\n  -1.52108715e-22]\n [ 2.12835451e-17 -2.96884381e-11 -1.35032502e-17 -2.00386737e-17\n   1.25117944e-17 -1.34019617e-17 -1.75011898e-12  1.99431250e-17\n  -1.24884447e-17  9.09309269e-12  1.34940534e-11 -8.42544788e-12\n   9.02488587e-12  2.44124254e-06 -2.78186816e-11  1.74201399e-11\n   1.30979317e-17 -9.59698841e-18  1.04643061e-17  1.21656439e-12\n  -1.92947694e-17  1.81258557e-17 -1.43460066e-17  1.24653298e-17\n   1.73467532e-12 -2.42123494e-17  2.01077106e-17 -8.70992701e-18\n  -1.15065496e-12  1.93423751e-17 -1.90442792e-17  1.15331130e-12\n  -1.57650937e-17  1.27903128e-17 -1.76460686e-12  1.21847332e-12\n  -2.36816718e-17]\n [-2.24974143e-22  3.13816620e-16  2.19629120e-22  2.74745711e-22\n  -2.20455662e-22  1.78793378e-22  1.99431247e-17 -3.01094574e-22\n   2.70699169e-22 -1.47898336e-16 -1.85013897e-16  1.48454946e-16\n  -1.20399538e-16 -2.78186801e-11  4.19997075e-16 -3.77598505e-16\n  -2.20300911e-22  9.72404617e-23 -1.34410038e-22 -1.92947685e-17\n   2.83026024e-22 -2.47501333e-22  2.16165205e-22 -1.42793023e-22\n  -2.42123494e-17  3.58773708e-22 -3.16865101e-22  1.07394463e-22\n   1.93423725e-17 -2.82527297e-22  2.46030533e-22 -1.57650919e-17\n   2.34017979e-22 -2.07036394e-22  2.64859759e-17 -2.36816709e-17\n   3.42603862e-22]\n [ 1.21343767e-22 -1.69262481e-16 -2.10693916e-22 -2.23671504e-22\n   2.24701530e-22 -1.40971665e-22 -1.24884438e-17  2.70699164e-22\n  -3.12362547e-22  1.41881383e-16  1.50620493e-16 -1.51314121e-16\n   9.49303928e-17  1.74201372e-11 -3.77598494e-16  4.35714819e-16\n   2.17000968e-22 -4.74071380e-23  1.01042268e-22  1.81258552e-17\n  -2.47501331e-22  2.00550229e-22 -1.93985674e-22  9.02484289e-23\n   2.01077106e-17 -3.16865101e-22  2.96034710e-22 -7.63100410e-23\n  -1.90442782e-17  2.46030549e-22 -1.86348316e-22  1.27903124e-17\n  -2.07036413e-22  1.97836430e-22 -2.36816692e-17  2.57297348e-17\n  -2.95476787e-22]\n [-1.55959078e-22  2.17547496e-16  4.65884683e-23  1.03986950e-22\n  -3.16246001e-23  7.29228645e-23  1.18412238e-17 -8.46577794e-23\n  -2.92606550e-24 -3.13726738e-17 -7.00248731e-17  2.12960152e-17\n  -4.91062748e-17 -1.65173353e-11  1.18089204e-16  4.08160702e-18\n  -4.02437170e-23  7.31855011e-23 -6.04741540e-23 -4.53272716e-18\n   8.75434319e-23 -9.47540224e-23  6.11882768e-23 -8.38312726e-23\n  -8.70992701e-18  1.07394463e-22 -7.63100410e-23  5.33867814e-23\n   3.54296721e-18 -8.85745035e-23  1.09095768e-22 -6.01737148e-18\n   6.96445558e-23 -4.48074944e-23  7.59654364e-18 -1.57335138e-18\n   1.10696554e-22]\n [-2.75424963e-18  3.84190014e-12  1.38671280e-17  1.25117920e-17\n  -1.55208885e-17  7.58651984e-18  4.54038058e-13 -1.68115408e-17\n   2.34758050e-17 -9.33813150e-12 -8.42544591e-12  1.04517742e-11\n  -5.10876721e-12 -6.33337705e-07  2.34504328e-11 -3.27464245e-11\n  -1.45958298e-17  5.79490614e-19 -5.10517018e-18 -1.17171701e-12\n   1.49599734e-17 -1.11569862e-17  1.20261767e-17 -3.35163414e-18\n  -1.15065496e-12  1.93423725e-17 -1.90442782e-17  3.54296721e-18\n   1.28049750e-12 -1.48082157e-17  9.51390489e-18 -7.12589295e-13\n   1.26594168e-17 -1.29778597e-17  1.46301510e-12 -1.86021720e-12\n   1.76092399e-17]\n [ 1.93865995e-22 -2.70423847e-16 -1.69343153e-22 -2.20455657e-22\n   1.67126857e-22 -1.44453632e-22 -1.68115430e-17  2.36074845e-22\n  -1.97345313e-22  1.14035743e-16  1.48454950e-16 -1.12543303e-16\n   9.72751357e-17  2.34504348e-11 -3.29300999e-16  2.75277142e-16\n   1.68638346e-22 -8.48832079e-23  1.09660363e-22  1.49599747e-17\n  -2.23409601e-22  1.98798111e-22 -1.69562755e-22  1.20191408e-22\n   1.93423751e-17 -2.82527297e-22  2.46030549e-22 -8.85745035e-23\n  -1.48082157e-17  2.23239350e-22 -2.00426154e-22  1.26594171e-17\n  -1.84208100e-22  1.59801441e-22 -2.07946662e-17  1.76092416e-17\n  -2.71328611e-22]\n [-3.02179798e-22  4.21510932e-16  1.18641578e-22  2.24701511e-22\n  -9.38202363e-23  1.54993023e-22  2.34758054e-17 -1.97345298e-22\n   4.55068101e-23 -7.98932534e-17 -1.51314124e-16  6.31785822e-17\n  -1.04372346e-16 -3.27464244e-11  2.75277117e-16 -6.34774292e-17\n  -1.08177027e-22  1.40250339e-22 -1.25953768e-22 -1.11569862e-17\n   1.98798099e-22 -2.04219915e-22  1.42364346e-22 -1.66498077e-22\n  -1.90442792e-17  2.46030533e-22 -1.86348316e-22  1.09095768e-22\n   9.51390489e-18 -2.00426154e-22  2.27882985e-22 -1.29778603e-17\n   1.59801447e-22 -1.13324943e-22  1.76092392e-17 -7.03430763e-18\n   2.48531827e-22]\n [ 1.53024409e-17 -2.13453904e-11 -8.48000374e-18 -1.34019617e-17\n   7.58652125e-18 -9.04250911e-18 -1.23523288e-12  1.28961499e-17\n  -6.76304571e-18  5.71043669e-12  9.02488819e-12 -5.10876665e-12\n   6.08922871e-12  1.72302749e-06 -1.79888501e-11  9.43377615e-12\n   8.10940329e-18 -6.96719158e-18  7.14338971e-18  7.71868403e-13\n  -1.26091815e-17  1.21389271e-17 -9.28359906e-18  8.78608878e-18\n   1.15331130e-12 -1.57650919e-17  1.27903124e-17 -6.01737148e-18\n  -7.12589295e-13  1.26594171e-17 -1.29778603e-17  7.72102239e-13\n  -1.02583188e-17  8.04820799e-18 -1.14356051e-12  7.03473406e-13\n  -1.55522698e-17]\n [-1.45051105e-22  2.02331907e-16  1.43623878e-22  1.78793398e-22\n  -1.44453650e-22  1.16251142e-22  1.28961512e-17 -1.96500044e-22\n   1.78173601e-22 -9.67163760e-17 -1.20399562e-16  9.72751561e-17\n  -7.82835698e-17 -1.79888512e-11  2.74098076e-16 -2.48534511e-16\n  -1.44187139e-22  6.25850164e-23 -8.72851497e-23 -1.26091823e-17\n   1.84555959e-22 -1.61043248e-22  1.41065692e-22 -9.23547950e-23\n  -1.57650937e-17  2.34017979e-22 -2.07036413e-22  6.96445558e-23\n   1.26594168e-17 -1.84208100e-22  1.59801447e-22 -1.02583188e-17\n   1.52651087e-22 -1.35372002e-22  1.72823936e-17 -1.55522708e-17\n   2.23315268e-22]\n [ 5.82038712e-23 -8.11885906e-17 -1.42221982e-22 -1.40971668e-22\n   1.54993037e-22 -8.74935720e-23 -6.76304562e-18  1.78173582e-22\n  -2.24066951e-22  9.57723542e-17  9.49303829e-17 -1.04372388e-16\n   5.89182205e-17  9.43377502e-12 -2.48534482e-16  3.12551213e-16\n   1.47900141e-22 -2.04896392e-23  6.12050261e-23  1.21389269e-17\n  -1.61043231e-22  1.26120831e-22 -1.27585164e-22  4.91929488e-23\n   1.27903128e-17 -2.07036394e-22  1.97836430e-22 -4.48074944e-23\n  -1.29778597e-17  1.59801441e-22 -1.13324943e-22  8.04820799e-18\n  -1.35372002e-22  1.33347987e-22 -1.55522683e-17  1.81236217e-17\n  -1.91124503e-22]\n [-1.52244661e-17  2.12366197e-11  1.65129641e-17  1.99431227e-17\n  -1.68115417e-17  1.28961484e-17  1.38057682e-12 -2.23133378e-17\n   2.12951685e-17 -1.11198369e-11 -1.34297085e-11  1.13209002e-11\n  -8.68427216e-12 -1.92576763e-06  3.11248937e-11 -2.97046496e-11\n  -1.66647866e-17  6.49026742e-18 -9.60653935e-18 -1.44382087e-12\n   2.08499181e-17 -1.79486741e-17  1.60130424e-17 -9.89981563e-18\n  -1.76460686e-12  2.64859759e-17 -2.36816692e-17  7.59654364e-18\n   1.46301510e-12 -2.07946662e-17  1.76092392e-17 -1.14356051e-12\n   1.72823936e-17 -1.55522683e-17  1.96047112e-12 -1.83440348e-12\n   2.51650980e-17]\n [-8.16170947e-18  1.13847876e-11 -1.94712046e-17 -1.24884437e-17\n   2.34758063e-17 -6.76304538e-18  2.08310600e-13  2.12951694e-17\n  -3.96698154e-17  1.31119218e-11  8.40972168e-12 -1.58086204e-11\n   4.55424128e-12 -2.90573433e-07 -2.97046505e-11  5.53354691e-11\n   2.12153628e-17  5.02747556e-18  3.61609960e-18  1.59635523e-12\n  -1.79486752e-17  1.09699623e-17 -1.51820484e-17 -1.24428269e-18\n   1.21847332e-12 -2.36816709e-17  2.57297348e-17 -1.57335138e-18\n  -1.86021720e-12  1.76092416e-17 -7.03430763e-18  7.03473406e-13\n  -1.55522708e-17  1.81236217e-17 -1.83440348e-12  2.99540981e-12\n  -2.04999540e-17]\n [-2.48806091e-22  3.47059842e-16  2.02387373e-22  2.70699165e-22\n  -1.97345316e-22  1.78173580e-22  2.12951701e-17 -2.85426912e-22\n   2.26313535e-22 -1.36287729e-16 -1.82288954e-16  1.32892426e-16\n  -1.19982161e-16 -2.97046505e-11  3.98142238e-16 -3.15684933e-16\n  -2.00519493e-22  1.09755365e-22 -1.36111415e-22 -1.79486752e-17\n   2.71352362e-22 -2.44269555e-22  2.05074004e-22 -1.52108715e-22\n  -2.36816718e-17  3.42603862e-22 -2.95476787e-22  1.10696554e-22\n   1.76092399e-17 -2.71328611e-22  2.48531827e-22 -1.55522698e-17\n   2.23315268e-22 -1.91124503e-22  2.51650980e-17 -2.04999540e-17\n   3.30284205e-22]]', 'hess_sum': '[[-1.31710063e-22  1.83722534e-16 -2.31009967e-23  3.07942265e-23\n   4.17525224e-23  1.52845242e-23  9.48986050e-18 -3.95855915e-23\n  -5.14867201e-23  1.55562373e-17 -2.07368668e-17 -2.81161582e-17\n  -1.02925645e-17 -1.32374160e-11  5.52179757e-17  7.18188874e-17\n   3.83757929e-23  6.72450180e-23 -1.13173490e-23  1.55020955e-18\n   2.01398565e-25 -2.00048552e-23 -1.50569268e-23 -4.89228273e-23\n  -2.21782840e-18  9.19698714e-24  1.21272111e-23  2.40273444e-23\n  -2.82674269e-18  1.19387716e-24  3.37635558e-23 -8.98853671e-19\n  -8.06434890e-24  2.54188480e-23  3.64695010e-18  2.48884384e-18\n   6.08719227e-23]\n [ 1.83722534e-16 -2.56274827e-10  3.22236316e-17 -4.29549347e-17\n  -5.82406867e-17 -2.13202458e-17 -1.32374175e-11  5.52179684e-17\n   7.18188909e-17 -2.16994490e-11  2.89259033e-11  3.92192979e-11\n   1.43570290e-11  1.84648942e-05 -7.70236242e-11 -1.00180265e-10\n  -5.35304735e-17 -9.38001030e-17  1.57865864e-17 -2.16238842e-12\n  -2.80943364e-19  2.79048646e-17  2.10028735e-17  6.82424453e-17\n   3.09365389e-12 -1.28289168e-17 -1.69162672e-17 -3.35159516e-17\n   3.94303029e-12 -1.66533546e-18 -4.70968612e-17  1.25380269e-12\n   1.12490556e-17 -3.54568312e-17 -5.08713358e-12 -3.47169660e-12\n  -8.49102789e-17]\n [-2.31009967e-23  3.22236316e-17 -7.45314205e-22  1.51482864e-22\n   2.76795866e-22 -2.56281402e-23  1.55020817e-18  2.01385426e-25\n  -2.00048250e-23  5.01895077e-16 -1.02008687e-16 -1.86394517e-16\n   1.72579991e-17 -2.16238931e-12 -2.80942749e-19  2.79048661e-17\n   1.25282103e-22  2.89751355e-22  4.15964038e-22  5.18631081e-17\n  -1.09086313e-22 -4.67875576e-22 -8.28148240e-23 -9.98973198e-23\n  -1.12673366e-17  6.75925965e-23  2.53234051e-23  8.84290567e-23\n  -2.10079463e-17  1.49760477e-22  5.94585592e-24  2.62460367e-19\n   9.13597729e-23 -1.62186885e-22  1.97997260e-20  1.29126734e-18\n   3.37448148e-24]\n [ 3.07942265e-23 -4.29549347e-17  1.51482864e-22 -6.24786263e-22\n  -5.57434508e-23 -1.86640323e-22 -2.21782861e-18  9.19698418e-24\n   1.21272327e-23 -1.02008686e-16  4.20731512e-16  3.75376436e-17\n   1.25683674e-16  3.09365384e-12 -1.28289293e-17 -1.69162708e-17\n  -6.65480341e-23 -3.54347493e-23 -1.27245408e-22 -1.12673365e-17\n   6.75925813e-23  2.53233961e-23  1.88084110e-23  1.10326903e-22\n   4.78563404e-17 -3.65369737e-22  2.85587485e-23 -5.01382749e-23\n   5.01689606e-18 -7.93224478e-23  7.43204393e-23  1.31253865e-17\n  -3.59418536e-23 -1.03916344e-22 -8.47616144e-19 -5.88868365e-19\n  -1.41725269e-23]\n [ 4.17525224e-23 -5.82406867e-17  2.76795866e-22 -5.57434508e-23\n  -7.14367584e-22  1.10641643e-22 -2.82674459e-18  1.19388818e-24\n   3.37635535e-23 -1.86394519e-16  3.75376424e-17  4.81055631e-16\n  -7.45062320e-17  3.94303073e-12 -1.66533447e-18 -4.70968740e-17\n  -5.31856842e-23 -2.57580889e-22  8.45133977e-23 -2.10079463e-17\n   1.49760463e-22  5.94587221e-24  8.45619979e-23 -1.12878177e-22\n   5.01689578e-18 -7.93224228e-23  7.43204301e-23 -6.44203803e-23\n   5.14927244e-17 -2.16062692e-22 -2.77165691e-22 -7.44767574e-18\n   4.73099385e-25  9.36044187e-23 -1.70945438e-19 -2.14744534e-18\n  -7.69126459e-24]\n [ 1.52845242e-23 -2.13202458e-17 -2.56281402e-23 -1.86640323e-22\n   1.10641643e-22 -5.41997949e-22 -8.98854715e-19 -8.06433404e-24\n   2.54188510e-23  1.72580010e-17  1.25683700e-16 -7.45062397e-17\n   3.64981896e-16  1.25380318e-12  1.12490526e-17 -3.54568283e-17\n  -1.17361470e-22  1.13726565e-22 -6.36462916e-23  2.62460276e-19\n   9.13597797e-23 -1.62186875e-22 -6.07531130e-23  3.12437540e-22\n   1.31253869e-17 -3.59418837e-23 -1.03916311e-22  2.68738865e-22\n  -7.44767468e-18  4.73090235e-25  9.36044432e-23  4.19039628e-17\n  -3.41276146e-22  6.21326933e-23  6.75002175e-19 -1.80321276e-18\n   5.87334766e-24]\n [ 9.48986050e-18 -1.32374175e-11  1.55020817e-18 -2.21782861e-18\n  -2.82674459e-18 -8.98854715e-19 -6.96463746e-13  3.64694988e-18\n   2.48884118e-18 -1.04391241e-12  1.49348738e-12  1.90353072e-12\n   6.05287191e-13  9.71498392e-07 -5.08713668e-12 -3.47169595e-12\n  -2.73739559e-18 -4.87114583e-18  5.24932682e-19 -1.04560588e-13\n   1.97985680e-20  1.29126882e-18  1.21764429e-18  3.33529040e-18\n   1.62692173e-13 -8.47616034e-19 -5.88866301e-19 -1.61660684e-18\n   1.92818383e-13 -1.70945243e-19 -2.14744517e-18  4.96498519e-14\n   6.75003077e-19 -1.80321175e-18 -3.31720791e-13 -8.42404655e-14\n  -5.19818652e-18]\n [-3.95855915e-23  5.52179684e-17  2.01385426e-25  9.19698418e-24\n   1.19388818e-24 -8.06433404e-24  3.64694988e-18 -6.15991944e-23\n   6.08719193e-23 -1.35616074e-19 -6.19327007e-18 -8.03966382e-19\n   5.43053699e-18 -5.08713687e-12  8.59247660e-17 -8.49102834e-17\n   9.80636946e-24  2.18406458e-23  1.47650795e-23  1.97981468e-20\n  -2.08501821e-24  3.37448288e-24 -1.28285933e-23 -2.84348426e-24\n  -8.47615677e-19  1.43310022e-23 -1.41725242e-23  5.53023309e-26\n  -1.70944850e-19  5.66968662e-24 -7.69126660e-24  6.75003405e-19\n  -8.29954945e-24  5.87334341e-24  5.40822210e-18 -5.19818535e-18\n   6.90930861e-23]\n [-5.14867201e-23  7.18188909e-17 -2.00048250e-23  1.21272327e-23\n   3.37635535e-23  2.54188510e-23  2.48884118e-18  6.08719193e-23\n  -1.37401325e-22  1.34712882e-17 -8.16647987e-18 -2.27364008e-17\n  -1.71170804e-17 -3.47169702e-12 -8.49102857e-17  1.91661343e-16\n   1.76550445e-23  2.37827562e-23 -3.23294699e-23  1.29126850e-18\n   3.37448783e-24 -2.22392843e-23  6.86858448e-24 -3.73428708e-23\n  -5.88866330e-19 -1.41725190e-23  3.21097215e-23  2.04003561e-23\n  -2.14744546e-18 -7.69126425e-24  4.06006656e-23 -1.80321340e-18\n   5.87334867e-24  1.26496844e-23 -5.19818525e-18  1.01068227e-17\n  -5.42349056e-23]\n [ 1.55562373e-17 -2.16994490e-11  5.01895077e-16 -1.02008686e-16\n  -1.86394519e-16  1.72580010e-17 -1.04391241e-12 -1.35616074e-19\n   1.34712882e-17 -3.37976535e-10  6.86927370e-11  1.25518192e-10\n  -1.16215363e-11  1.45615601e-06  1.89186387e-13 -1.87911680e-11\n  -8.43650822e-17 -1.95118742e-16 -2.80110494e-16 -3.49246535e-11\n   7.34587783e-17  3.15067748e-16  5.57675377e-17  6.72709237e-17\n   7.58743367e-12 -4.55169204e-17 -1.70527756e-17 -5.95482415e-17\n   1.41467624e-11 -1.00848792e-16 -4.00398606e-18 -1.76739970e-13\n  -6.15217625e-17  1.09216770e-16 -1.33333232e-14 -8.69541942e-13\n  -2.27238110e-18]\n [-2.07368668e-17  2.89259033e-11 -1.02008687e-16  4.20731512e-16\n   3.75376424e-17  1.25683700e-16  1.49348738e-12 -6.19327007e-18\n  -8.16647987e-18  6.86927370e-11 -2.83320890e-10 -2.52778580e-11\n  -8.46354648e-11 -2.08326971e-06  8.63900785e-12  1.13914326e-11\n   4.48134877e-17  2.38617837e-17  8.56871446e-17  7.58743387e-12\n  -4.55169060e-17 -1.70527834e-17 -1.26655831e-17 -7.42941583e-17\n  -3.22264949e-11  2.46040281e-16 -1.92315165e-17  3.37631722e-17\n  -3.37837868e-12  5.34157689e-17 -5.00474337e-17 -8.83864253e-12\n   2.42032649e-17  6.99773390e-17  5.70786620e-13  3.96543563e-13\n   9.54380083e-18]\n [-2.81161582e-17  3.92192979e-11 -1.86394517e-16  3.75376436e-17\n   4.81055631e-16 -7.45062397e-17  1.90353072e-12 -8.03966382e-19\n  -2.27364008e-17  1.25518192e-10 -2.52778580e-11 -3.23943147e-10\n   5.01725840e-11 -2.65523996e-06  1.12143534e-12  3.17150668e-11\n   3.58152684e-17  1.73455194e-16 -5.69114162e-17  1.41467640e-11\n  -1.00848758e-16 -4.00396181e-18 -5.69441011e-17  7.60122617e-17\n  -3.37837954e-12  5.34157701e-17 -5.00474323e-17  4.33807955e-17\n  -3.46752361e-11  1.45496755e-16  1.86643603e-16  5.01527547e-12\n  -3.18598493e-19 -6.30333078e-17  1.15115567e-13  1.44609104e-12\n   5.17928844e-18]\n [-1.02925645e-17  1.43570290e-11  1.72579991e-17  1.25683674e-16\n  -7.45062320e-17  3.64981896e-16  6.05287191e-13  5.43053699e-18\n  -1.71170804e-17 -1.16215363e-11 -8.46354648e-11  5.01725840e-11\n  -2.45779145e-10 -8.44308352e-07 -7.57513940e-12  2.38766497e-11\n   7.90313092e-17 -7.65835879e-17  4.28594494e-17 -1.76740392e-13\n  -6.15217592e-17  1.09216791e-16  4.09112105e-17 -2.10395720e-16\n  -8.83864072e-12  2.42032772e-17  6.99773366e-17 -1.80969020e-16\n   5.01527407e-12 -3.18592863e-19 -6.30333156e-17 -2.82181671e-11\n   2.29815720e-16 -4.18402747e-17 -4.54548442e-13  1.21428502e-12\n  -3.95513170e-18]\n [-1.32374160e-11  1.84648942e-05 -2.16238931e-12  3.09365384e-12\n   3.94303073e-12  1.25380318e-12  9.71498392e-07 -5.08713687e-12\n  -3.47169702e-12  1.45615601e-06 -2.08326971e-06 -2.65523996e-06\n  -8.44308352e-07 -1.35514482e+00  7.09605216e-06  4.84267258e-06\n   3.81839961e-12  6.79476231e-12 -7.32227852e-13  1.45851734e-07\n  -2.76152928e-14 -1.80119669e-12 -1.69848814e-12 -4.65239491e-12\n  -2.26939540e-07  1.18234242e-12  8.21411663e-13  2.25501729e-12\n  -2.68962552e-07  2.38450292e-13  2.99547748e-12 -6.92557370e-08\n  -9.41571285e-13  2.51530812e-12  4.62717652e-07  1.17506586e-07\n   7.25095428e-12]\n [ 5.52179757e-17 -7.70236242e-11 -2.80942749e-19 -1.28289293e-17\n  -1.66533447e-18  1.12490526e-17 -5.08713668e-12  8.59247660e-17\n  -8.49102857e-17  1.89186387e-13  8.63900785e-12  1.12143534e-12\n  -7.57513940e-12  7.09605216e-06 -1.19856586e-10  1.18441495e-10\n  -1.36789490e-17 -3.04654535e-17 -2.05958743e-17 -2.76143098e-14\n   2.90837484e-18 -4.70704827e-18  1.78945906e-17  3.96634423e-18\n   1.18234262e-12 -1.99903792e-17  1.97692839e-17 -7.71745717e-20\n   2.38450574e-13 -7.90863077e-18  1.07285319e-17 -9.41571648e-13\n   1.15771954e-17 -8.19285934e-18 -7.54393541e-12  7.25095358e-12\n  -9.63781021e-17]\n [ 7.18188874e-17 -1.00180265e-10  2.79048661e-17 -1.69162708e-17\n  -4.70968740e-17 -3.54568283e-17 -3.47169595e-12 -8.49102834e-17\n   1.91661343e-16 -1.87911680e-11  1.13914326e-11  3.17150668e-11\n   2.38766497e-11  4.84267258e-06  1.18441495e-10 -2.67348629e-10\n  -2.46270649e-17 -3.31746315e-17  4.50964485e-17 -1.80119726e-12\n  -4.70705121e-18  3.10216538e-17 -9.58098804e-18  5.20896736e-17\n   8.21411367e-13  1.97692846e-17 -4.47899105e-17 -2.84565592e-17\n   2.99547744e-12  1.07285226e-17 -5.66339448e-17  2.51530927e-12\n  -8.19285815e-18 -1.76449160e-17  7.25095517e-12 -1.40980193e-11\n   7.56523568e-17]\n [ 3.83757929e-23 -5.35304735e-17  1.25282103e-22 -6.65480341e-23\n  -5.31856842e-23 -1.17361470e-22 -2.73739559e-18  9.80636946e-24\n   1.76550445e-23 -8.43650822e-17  4.48134877e-17  3.58152684e-17\n   7.90313092e-17  3.81839961e-12 -1.36789490e-17 -2.46270649e-17\n  -5.03812700e-22  2.73634695e-22 -1.98219917e-22 -8.01991442e-18\n  -2.53083672e-23  1.45689271e-22  3.33973008e-22  1.30644667e-22\n   4.18142583e-18  1.83609743e-23 -8.49417947e-23  1.52884149e-22\n   3.05187190e-18  3.28070152e-23 -9.57397214e-23  8.57933249e-18\n  -4.29840912e-23 -3.40329349e-23 -9.12718320e-19 -9.31839923e-19\n  -1.59703866e-23]\n [ 6.72450180e-23 -9.38001030e-17  2.89751355e-22 -3.54347493e-23\n  -2.57580889e-22  1.13726565e-22 -4.87114583e-18  2.18406458e-23\n   2.37827562e-23 -1.95118742e-16  2.38617837e-17  1.73455194e-16\n  -7.65835879e-17  6.79476231e-12 -3.04654535e-17 -3.31746315e-17\n   2.73634695e-22 -6.65951624e-22  5.31045251e-23 -2.02214367e-17\n   4.60938088e-23  1.76232764e-22  4.98948424e-23  6.40040257e-23\n   1.45674817e-18  5.79129101e-23 -1.19170446e-22 -2.43775052e-22\n   1.82082090e-17 -5.54791544e-23 -1.34388033e-22 -6.10716692e-18\n  -9.63304070e-23  2.44933376e-22 -2.00338960e-18 -1.07566624e-18\n  -3.27444245e-23]\n [-1.13173490e-23  1.57865864e-17  4.15964038e-22 -1.27245408e-22\n   8.45133977e-23 -6.36462916e-23  5.24932682e-19  1.47650795e-23\n  -3.23294699e-23 -2.80110494e-16  8.56871446e-17 -5.69114162e-17\n   4.28594494e-17 -7.32227852e-13 -2.05958743e-17  4.50964485e-17\n  -1.98219917e-22  5.31045251e-23 -5.00389685e-22 -2.79653778e-17\n  -3.86135823e-25  3.55236860e-22  1.21701924e-22  1.33537474e-22\n   8.82146732e-18 -1.65617747e-23 -8.30468316e-23  1.94053018e-22\n  -4.58741297e-18 -6.85210513e-23  1.77309083e-22  3.39328216e-18\n   5.54459063e-23 -1.39433550e-22 -1.26276110e-18  2.38726210e-18\n  -1.33367442e-23]\n [ 1.55020955e-18 -2.16238842e-12  5.18631081e-17 -1.12673365e-17\n  -2.10079463e-17  2.62460276e-19 -1.04560588e-13  1.97981468e-20\n   1.29126850e-18 -3.49246535e-11  7.58743387e-12  1.41467640e-11\n  -1.76740392e-13  1.45851734e-07 -2.76143098e-14 -1.80119726e-12\n  -8.01991442e-18 -2.02214367e-17 -2.79653778e-17 -3.65811119e-12\n   1.06668299e-17  2.78323770e-17  5.06425495e-18  7.26424074e-18\n   8.55356395e-13 -6.10874455e-18 -2.22756577e-19 -4.73920756e-18\n   1.62759387e-12 -1.34398199e-17  2.73375801e-18  1.08437975e-13\n  -7.88503801e-18  1.23358922e-17 -4.21882290e-15 -8.26660991e-14\n  -2.60496099e-19]\n [ 2.01398565e-25 -2.80943364e-19 -1.09086313e-22  6.75925813e-23\n   1.49760463e-22  9.13597797e-23  1.97985680e-20 -2.08501821e-24\n   3.37448783e-24  7.34587783e-17 -4.55169060e-17 -1.00848758e-16\n  -6.15217592e-17 -2.76152928e-14  2.90837484e-18 -4.70705121e-18\n  -2.53083672e-23  4.60938088e-23 -3.86135823e-25  1.06668299e-17\n  -2.08328035e-22  2.27005402e-22  3.15582925e-23 -3.41845011e-23\n  -6.10874442e-18  9.77739040e-23 -9.25611841e-23 -7.54948746e-23\n  -1.34398199e-17  2.10695015e-22 -1.95963235e-22 -7.88503888e-18\n   1.08909535e-22 -8.94030119e-23  1.80573412e-19 -2.60495332e-19\n   2.09980296e-24]\n [-2.00048552e-23  2.79048646e-17 -4.67875576e-22  2.53233961e-23\n   5.94587221e-24 -1.62186875e-22  1.29126882e-18  3.37448288e-24\n  -2.22392843e-23  3.15067748e-16 -1.70527834e-17 -4.00396181e-18\n   1.09216791e-16 -1.80119669e-12 -4.70704827e-18  3.10216538e-17\n   1.45689271e-22  1.76232764e-22  3.55236860e-22  2.78323770e-17\n   2.27005402e-22 -7.47603072e-22 -1.19082829e-22 -3.26602744e-23\n  -2.22756289e-19 -9.25611846e-23  1.63772542e-22  1.91359925e-22\n   2.73375864e-18 -1.95963235e-22  3.06086329e-22  1.23358936e-17\n  -8.94030172e-23 -9.46689959e-25 -2.60496384e-19  1.50105650e-18\n  -3.48454644e-25]\n [-1.50569268e-23  2.10028735e-17 -8.28148240e-23  1.88084110e-23\n   8.45619979e-23 -6.07531130e-23  1.21764429e-18 -1.28285933e-23\n   6.86858448e-24  5.57675377e-17 -1.26655831e-17 -5.69441011e-17\n   4.09112105e-17 -1.69848814e-12  1.78945906e-17 -9.58098804e-18\n   3.33973008e-22  4.98948424e-23  1.21701924e-22  5.06425495e-18\n   3.15582925e-23 -1.19082829e-22 -6.86507563e-22 -8.29653950e-23\n  -1.51326568e-18  1.55397302e-23 -7.83466253e-24 -2.32253578e-22\n  -5.30147498e-18 -2.40706037e-23  1.09070673e-22  3.52363887e-18\n   3.51274285e-23 -1.05755918e-22  1.13730280e-18 -7.08858532e-19\n   1.54451617e-23]\n [-4.89228273e-23  6.82424453e-17 -9.98973198e-23  1.10326903e-22\n  -1.12878177e-22  3.12437540e-22  3.33529040e-18 -2.84348426e-24\n  -3.73428708e-23  6.72709237e-17 -7.42941583e-17  7.60122617e-17\n  -2.10395720e-16 -4.65239491e-12  3.96634423e-18  5.20896736e-17\n   1.30644667e-22  6.40040257e-23  1.33537474e-22  7.26424074e-18\n  -3.41845011e-23 -3.26602744e-23 -8.29653950e-23 -5.12419755e-22\n  -6.60817078e-18 -5.07029013e-23  1.71946981e-22 -1.23718850e-22\n   7.17130302e-18  2.62154508e-23 -1.36507244e-22 -2.58294780e-17\n   3.01398859e-22 -1.96596728e-22  3.25633482e-19  2.34340755e-18\n   1.04885339e-23]\n [-2.21782840e-18  3.09365389e-12 -1.12673366e-17  4.78563404e-17\n   5.01689578e-18  1.31253869e-17  1.62692173e-13 -8.47615677e-19\n  -5.88866330e-19  7.58743367e-12 -3.22264949e-11 -3.37837954e-12\n  -8.83864072e-12 -2.26939540e-07  1.18234262e-12  8.21411367e-13\n   4.18142583e-18  1.45674817e-18  8.82146732e-18  8.55356395e-13\n  -6.10874442e-18 -2.22756289e-19 -1.51326568e-18 -6.60817078e-18\n  -3.74112167e-12  3.27075564e-17 -9.44025015e-18  2.94496637e-18\n  -4.48848118e-13  6.97196186e-18 -6.43223810e-18 -9.37297581e-13\n   3.41944683e-18  5.93789755e-18  7.71176473e-14  2.02488743e-14\n   1.21004672e-18]\n [ 9.19698714e-24 -1.28289168e-17  6.75925965e-23 -3.65369737e-22\n  -7.93224228e-23 -