{'theta_hat': '[ 2.36391945e-12 -3.29749680e-06  3.69705016e-11 -1.14828765e-11\n  8.49713783e-11  2.45846225e-11 -1.56018395e-07  2.26630588e-12\n -5.44699995e-12 -2.48959403e-05  7.73256640e-06 -5.72197784e-05\n -1.65553073e-05  2.17637611e-01 -3.16128830e-06  7.59808087e-06\n -1.81693482e-11  4.92192598e-11 -2.05074943e-11 -2.56139197e-06\n  1.67518075e-11 -8.93032606e-11 -9.46169029e-12 -6.30275707e-12\n  1.51092798e-06 -2.28354413e-11 -1.82466105e-11  1.48067331e-11\n -8.67078827e-06  1.46069784e-11 -9.11235003e-11 -3.42074033e-06\n  1.63964137e-11  1.54782215e-12 -1.49577556e-07  3.59504462e-07\n -5.22205321e-12]', 'theta_bar': '[-3.41014486e-12  2.29636844e-06 -7.83533094e-11 -2.65441029e-11\n -4.24949791e-11  7.33254715e-11 -3.25776121e-06  4.82929208e-11\n  1.60463682e-10  5.27631443e-05  1.78748264e-05  2.86161252e-05\n -4.93774224e-05  2.19378089e+00 -3.25204946e-05 -1.08056328e-04\n  2.20731891e-11 -8.46969796e-11  2.43303202e-11  5.86200626e-06\n -1.48509382e-11  1.38411639e-10  8.59125516e-12 -2.87399167e-12\n  3.55388848e-06  8.03399369e-12  3.34328270e-11  3.60703087e-11\n  2.02045799e-06  3.35479296e-12  1.19046771e-10 -8.06833262e-06\n  1.88154275e-11 -6.63834473e-11 -6.85881287e-06 -1.27779480e-05\n  8.18135080e-12]', 'grad_op_sum': '[[ 7.37386929e-24 -1.02857939e-17  9.14363978e-23 -1.61565909e-23\n   7.04278554e-23 -6.71467044e-24 -4.86682266e-19  7.06928492e-24\n  -1.69908542e-23 -6.15732941e-17  1.08798539e-17 -4.74261426e-17\n   4.52165941e-18  6.78871733e-13 -9.86092657e-18  2.37005033e-17\n  -2.39810510e-23  8.77650737e-23 -3.81331097e-23 -6.03488424e-18\n   8.76594632e-23 -2.10687417e-22 -1.22969435e-23 -3.33711208e-24\n   1.06633943e-18 -1.54892757e-23  3.72284179e-23  4.10927922e-25\n  -4.64829389e-18  6.75185465e-23 -1.62279927e-22  4.43190545e-19\n  -6.43698131e-24  1.54713833e-23 -4.66579211e-19  1.12141169e-18\n  -1.62890275e-23]\n [-1.02857939e-17  1.43476311e-11 -1.27544434e-16  2.25369723e-17\n  -9.82397478e-17  9.36582492e-18  6.78872013e-13 -9.86092985e-18\n   2.37005048e-17  8.58884548e-11 -1.51764049e-11  6.61546807e-11\n  -6.30694697e-12 -9.46956675e-07  1.37549846e-11 -3.30597794e-11\n   3.34510168e-17 -1.22422968e-16  5.31916736e-17  8.41804833e-12\n  -1.22276027e-16  2.93887586e-16  1.71530920e-17  4.65488891e-18\n  -1.48746121e-12  2.16060436e-17 -5.19296292e-17 -5.73497404e-19\n   6.48391353e-12 -9.41818174e-17  2.26363807e-16 -6.18152242e-13\n   8.97897229e-18 -2.15807323e-17  6.50830306e-13 -1.56425468e-12\n   2.27215283e-17]\n [ 9.14363978e-23 -1.27544434e-16  1.23812463e-21 -1.45655783e-22\n   9.53151538e-22 -1.42918780e-22 -6.03488668e-18  8.76595088e-23\n  -2.10687452e-22 -8.33753424e-16  9.80846242e-17 -6.41852603e-16\n   9.62415356e-17  8.41804886e-12 -1.22276061e-16  2.93887604e-16\n  -3.49881537e-22  1.24103483e-21 -5.23206497e-22 -8.58536682e-17\n   1.04215358e-21 -2.71619730e-21 -1.29301085e-22 -6.18423718e-23\n   7.55004120e-18 -1.99960298e-22  3.52089086e-22 -4.87286284e-23\n  -6.38911331e-17  7.03767092e-22 -2.12732696e-21  1.12490107e-17\n  -4.43089071e-23  2.40267478e-22 -5.78560749e-18  1.39055548e-17\n  -2.01984868e-22]\n [-1.61565909e-23  2.25369723e-17 -1.45655783e-22  6.98257778e-22\n  -3.39092856e-22 -3.53834327e-22  1.06634128e-18 -1.54892801e-23\n   3.72284352e-23  9.80846421e-17 -4.70207122e-16  2.28345318e-16\n   2.38272269e-16 -1.48746024e-12  2.16060542e-17 -5.19296228e-17\n   1.06522140e-23 -2.24129576e-22  1.14334858e-22  7.55004061e-18\n  -1.99960284e-22  3.52089079e-22  1.39580956e-22 -6.48961050e-23\n  -7.77871651e-17 -6.66373434e-23 -9.77071758e-22 -1.33803544e-22\n   3.28847588e-17 -2.02607814e-22  3.78975500e-22  4.25581632e-17\n   1.52123384e-23  3.35094889e-22  1.02230381e-18 -2.45711126e-18\n   3.56904353e-23]\n [ 7.04278554e-23 -9.82397478e-17  9.53151538e-22 -3.39092856e-22\n   1.40467776e-21  1.14182051e-22 -4.64829836e-18  6.75185780e-23\n  -1.62279959e-22 -6.41852375e-16  2.28345256e-16 -9.45910723e-16\n  -7.68903690e-17  6.48391218e-12 -9.41818356e-17  2.26363814e-16\n  -3.38120129e-22  1.24365448e-21 -5.38749913e-22 -6.38911273e-17\n   7.03767075e-22 -2.12732681e-21 -1.70070188e-22 -4.94265577e-23\n   3.28847590e-17 -2.02607811e-22  3.78975499e-22  1.10873339e-22\n  -1.25403213e-16  4.52977293e-22 -2.05812180e-21 -2.11609475e-17\n   1.21013009e-22  1.35853671e-22 -4.45627952e-18  1.07106232e-17\n  -1.55576530e-22]\n [-6.71467044e-24  9.36582492e-18 -1.42918780e-22 -3.53834327e-22\n   1.14182051e-22  3.56172206e-22  4.43189514e-19 -6.43698160e-24\n   1.54713857e-23  9.62415003e-17  2.38272172e-16 -7.68903407e-17\n  -2.39846565e-16 -6.18153847e-13  8.97897270e-18 -2.15807416e-17\n   8.41506101e-23 -2.16919104e-22  8.06881422e-23  1.12490104e-17\n  -4.43089266e-23  2.40267468e-22 -9.42203222e-23  4.17320644e-23\n   4.25581624e-17  1.52123384e-23  3.35094890e-22  2.07677767e-22\n  -2.11609487e-17  1.21012997e-22  1.35853675e-22 -4.13928785e-17\n  -1.48676524e-24 -2.83090596e-22  4.24847181e-19 -1.02113396e-18\n   1.48320870e-23]\n [-4.86682266e-19  6.78872013e-13 -6.03488668e-18  1.06634128e-18\n  -4.64829836e-18  4.43189514e-19  3.21214845e-14 -4.66579413e-19\n   1.12141226e-18  4.06389426e-12 -7.18074587e-13  3.13016575e-12\n  -2.98443841e-13 -4.48061690e-08  6.50830372e-13 -1.56425537e-12\n   1.58277372e-18 -5.79258279e-18  2.51682267e-18  3.98307870e-13\n  -5.78560660e-18  1.39055604e-17  8.11606118e-19  2.20254078e-19\n  -7.03782154e-14  1.02230364e-18 -2.45711183e-18 -2.71141316e-20\n   3.06790863e-13 -4.45627933e-18  1.07106279e-17 -2.92527845e-14\n   4.24847494e-19 -1.02113471e-18  3.07946641e-14 -7.40142197e-14\n   1.07509104e-18]\n [ 7.06928492e-24 -9.86092985e-18  8.76595088e-23 -1.54892801e-23\n   6.75185780e-23 -6.43698160e-24 -4.66579413e-19  6.77728168e-24\n  -1.62890315e-23 -5.90299361e-17  1.04304865e-17 -4.54670341e-17\n   4.33466374e-18  6.50830320e-13 -9.45361204e-18  2.27215324e-17\n  -2.29903262e-23  8.41393297e-23 -3.65577908e-23 -5.78560766e-18\n   8.40387102e-23 -2.01984881e-22 -1.17890931e-23 -3.19922561e-24\n   1.02230372e-18 -1.48494843e-23  3.56904407e-23  3.94237471e-25\n  -4.45628014e-18  6.47300513e-23 -1.55576542e-22  4.24847573e-19\n  -6.17126797e-24  1.48320800e-23 -4.47306733e-19  1.07509076e-18\n  -1.56161944e-23]\n [-1.69908542e-23  2.37005048e-17 -2.10687452e-22  3.72284352e-23\n  -1.62279959e-22  1.54713857e-23  1.12141226e-18 -1.62890315e-23\n   3.91502907e-23  1.41876985e-16 -2.50696411e-17  1.09279382e-16\n  -1.04184319e-17 -1.56425483e-12  2.27215264e-17 -5.46106501e-17\n   5.52569869e-23 -2.02227827e-22  8.78661565e-23  1.39055569e-17\n  -2.01984789e-22  4.85465503e-22  2.83347439e-23  7.68929606e-24\n  -2.45711222e-18  3.56904278e-23 -8.57819247e-23 -9.47175568e-25\n   1.07106256e-17 -1.55576455e-22  3.73924981e-22 -1.02113488e-18\n   1.48320664e-23 -3.56487994e-23  1.07509084e-18 -2.58395447e-18\n   3.75331431e-23]\n [-6.15732941e-17  8.58884548e-11 -8.33753424e-16  9.80846421e-17\n  -6.41852375e-16  9.62415003e-17  4.06389426e-12 -5.90299361e-17\n   1.41876985e-16  5.61449756e-10 -6.60502113e-11  4.32223630e-10\n  -6.48090460e-11 -5.66871630e-06  8.23407314e-11 -1.97903989e-10\n   2.35610275e-16 -8.35713005e-16  3.52327311e-16  5.78138810e-11\n  -7.01786548e-16  1.82908793e-15  8.70714009e-17  4.16446721e-17\n  -5.08419982e-12  1.34653326e-16 -2.37096889e-16  3.28138184e-17\n   4.30242948e-11 -4.73917056e-16  1.43254243e-15 -7.57508288e-12\n   2.98376790e-17 -1.61796128e-16  3.89602959e-12 -9.36400424e-12\n   1.36016663e-16]\n [ 1.08798539e-17 -1.51764049e-11  9.80846242e-17 -4.70207122e-16\n   2.28345256e-16  2.38272172e-16 -7.18074587e-13  1.04304865e-17\n  -2.50696411e-17 -6.60502113e-11  3.16637701e-10 -1.53767822e-10\n  -1.60452637e-10  1.00165624e-06 -1.45495244e-11  3.49694260e-11\n  -7.17321215e-18  1.50928943e-16 -7.69931283e-17 -5.08419674e-12\n   1.34653338e-16 -2.37096836e-16 -9.39938731e-17  4.37010524e-17\n   5.23819135e-11  4.48736255e-17  6.57960659e-16  9.01033474e-17\n  -2.21446090e-11  1.36436159e-16 -2.55202238e-16 -2.86586832e-11\n  -1.02439902e-17 -2.25653053e-16 -6.88419741e-13  1.65461957e-12\n  -2.40339515e-17]\n [-4.74261426e-17  6.61546807e-11 -6.41852603e-16  2.28345318e-16\n  -9.45910723e-16 -7.68903407e-17  3.13016575e-12 -4.54670341e-17\n   1.09279382e-16  4.32223630e-10 -1.53767822e-10  6.36976766e-10\n   5.17780738e-11 -4.36626874e-06  6.34220812e-11 -1.52433472e-10\n   2.27690224e-16 -8.37477410e-16  3.62794399e-16  4.30243098e-11\n  -4.73916977e-16  1.43254266e-15  1.14525360e-16  3.32838679e-17\n  -2.21446174e-11  1.36436204e-16 -2.55202201e-16 -7.46622419e-17\n   8.44465948e-11 -3.05035079e-16  1.38594007e-15  1.42498031e-11\n  -8.14902445e-17 -9.14838779e-17  3.00086019e-12 -7.21253744e-12\n   1.04765290e-16]\n [ 4.52165941e-18 -6.30694697e-12  9.62415356e-17  2.38272269e-16\n  -7.68903690e-17 -2.39846565e-16 -2.98443841e-13  4.33466374e-18\n  -1.04184319e-17 -6.48090460e-11 -1.60452637e-10  5.17780738e-11\n   1.61512812e-10  4.16264832e-07 -6.04644067e-12  1.45324725e-11\n  -5.66670252e-17  1.46073331e-16 -5.43354008e-17 -7.57508651e-12\n   2.98376317e-17 -1.61796150e-16  6.34480244e-17 -2.81023801e-17\n  -2.86586939e-11 -1.02439747e-17 -2.25653149e-16 -1.39850307e-16\n   1.42498050e-11 -8.14902055e-17 -9.14838016e-17  2.78739886e-11\n   1.00115280e-18  1.90633357e-16 -2.86092113e-13  6.87631663e-13\n  -9.98792817e-18]\n [ 6.78871733e-13 -9.46956675e-07  8.41804886e-12 -1.48746024e-12\n   6.48391218e-12 -6.18153847e-13 -4.48061690e-08  6.50830320e-13\n  -1.56425483e-12 -5.66871630e-06  1.00165624e-06 -4.36626874e-06\n   4.16264832e-07  6.25000000e-02 -9.07841468e-07  2.18197545e-06\n  -2.20779781e-12  8.08002779e-12 -3.51069884e-12 -5.55598885e-07\n   8.07032880e-12 -1.93968473e-11 -1.13211954e-12 -3.07227069e-13\n   9.81737410e-08 -1.42601860e-12  3.42740257e-12  3.78506776e-14\n  -4.27944121e-07  6.21608507e-12 -1.49402166e-11  4.07987106e-08\n  -5.92619855e-13  1.42434855e-12 -4.29553909e-08  1.03242228e-07\n  -1.49964149e-12]\n [-9.86092657e-18  1.37549846e-11 -1.22276061e-16  2.16060542e-17\n  -9.41818356e-17  8.97897270e-18  6.50830372e-13 -9.45361204e-18\n   2.27215264e-17  8.23407314e-11 -1.45495244e-11  6.34220812e-11\n  -6.04644067e-12 -9.07841468e-07  1.31868181e-11 -3.16942047e-11\n   3.20692908e-17 -1.17366162e-16  5.09945332e-17  8.07033117e-12\n  -1.17225262e-16  2.81748199e-16  1.64445590e-17  4.46261633e-18\n  -1.42601965e-12  2.07135819e-17 -4.97846153e-17 -5.49793311e-19\n   6.21608716e-12 -9.02915084e-17  2.17013572e-16 -5.92620270e-13\n   8.60807428e-18 -2.06893262e-17  6.23946962e-13 -1.49964122e-12\n   2.17829877e-17]\n [ 2.37005033e-17 -3.30597794e-11  2.93887604e-16 -5.19296228e-17\n   2.26363814e-16 -2.15807416e-17 -1.56425537e-12  2.27215324e-17\n  -5.46106501e-17 -1.97903989e-10  3.49694260e-11 -1.52433472e-10\n   1.45324725e-11  2.18197545e-06 -3.16942047e-11  7.61762696e-11\n  -7.70777679e-17  2.82086748e-16 -1.22564137e-16 -1.93968488e-11\n   2.81748147e-16 -6.77175108e-16 -3.95241114e-17 -1.07257933e-17\n   3.42740244e-12 -4.97846058e-17  1.19656117e-16  1.32144018e-18\n  -1.49402195e-11  2.17013522e-16 -5.21586978e-16  1.42434832e-12\n  -2.06893155e-17  4.97263062e-17 -1.49964173e-12  3.60435212e-12\n  -5.23548945e-17]\n [-2.39810510e-23  3.34510168e-17 -3.49881537e-22  1.06522140e-23\n  -3.38120129e-22  8.41506101e-23  1.58277372e-18 -2.29903262e-23\n   5.52569869e-23  2.35610275e-16 -7.17321215e-18  2.27690224e-16\n  -5.66670252e-17 -2.20779781e-12  3.20692908e-17 -7.70777679e-17\n   1.45752843e-22 -4.56646802e-22  1.87013881e-22  2.44028364e-17\n  -2.34685089e-22  7.41419469e-22  1.65151943e-23  3.40479586e-23\n   1.15515730e-18  7.47381329e-23 -4.72832062e-23  6.51606831e-23\n   2.45600318e-17 -8.44025596e-23  6.42807557e-22 -7.34628231e-18\n  -4.21665789e-23 -1.19226861e-22  1.51737950e-18 -3.64701116e-18\n   5.29743937e-23]\n [ 8.77650737e-23 -1.22422968e-16  1.24103483e-21 -2.24129576e-22\n   1.24365448e-21 -2.16919104e-22 -5.79258279e-18  8.41393297e-23\n  -2.02227827e-22 -8.35713005e-16  1.50928943e-16 -8.37477410e-16\n   1.46073331e-16  8.08002779e-12 -1.17366162e-16  2.82086748e-16\n  -4.56646802e-22  1.66990843e-21 -7.08225185e-22 -8.51268370e-17\n   8.63332046e-22 -2.66025293e-21 -9.28734746e-23 -5.43592780e-23\n   1.59675424e-17 -1.59970385e-22  4.81136038e-22 -1.95187999e-22\n  -9.16531479e-17  3.68103703e-22 -2.32754715e-21  1.67086464e-17\n   1.01459512e-22  3.23511632e-22 -5.55326479e-18  1.33472224e-17\n  -1.93874049e-22]\n [-3.81331097e-23  5.31916736e-17 -5.23206497e-22  1.14334858e-22\n  -5.38749913e-22  8.06881422e-23  2.51682267e-18 -3.65577908e-23\n   8.78661565e-23  3.52327311e-16 -7.69931283e-17  3.62794399e-16\n  -5.43354008e-17 -3.51069884e-12  5.09945332e-17 -1.22564137e-16\n   1.87013881e-22 -7.08225185e-22  3.13984309e-22  3.51440436e-17\n  -3.73261357e-22  1.14784271e-21  4.34793959e-23  1.06114205e-23\n  -8.81054867e-18  6.03682529e-23 -2.29256738e-22  7.54816581e-23\n   3.99283387e-17 -1.74339477e-22  9.97725446e-22 -5.81929067e-18\n  -3.49942357e-23 -1.32047705e-22  2.41284464e-18 -5.79924722e-18\n   8.42365371e-23]\n [-6.03488424e-18  8.41804833e-12 -8.58536682e-17  7.55004061e-18\n  -6.38911273e-17  1.12490104e-17  3.98307870e-13 -5.78560766e-18\n   1.39055569e-17  5.78138810e-11 -5.08419674e-12  4.30243098e-11\n  -7.57508651e-12 -5.55598885e-07  8.07033117e-12 -1.93968488e-11\n   2.44028364e-17 -8.51268370e-17  3.51440436e-17  6.12921188e-12\n  -6.80005142e-17  1.82906338e-16  7.87608568e-18  4.94590354e-18\n  -2.84372459e-13  1.34604103e-17 -1.94320298e-17  4.48140805e-18\n   4.25717771e-12 -4.28550205e-17  1.43342219e-16 -9.29512438e-13\n   2.53584513e-18 -1.67263829e-17  3.81855452e-13 -9.17778522e-13\n   1.33311857e-17]\n [ 8.76594632e-23 -1.22276027e-16  1.04215358e-21 -1.99960284e-22\n   7.03767075e-22 -4.43089266e-23 -5.78560660e-18  8.40387102e-23\n  -2.01984789e-22 -7.01786548e-16  1.34653338e-16 -4.73916977e-16\n   2.98376317e-17  8.07032880e-12 -1.17225262e-16  2.81748147e-16\n  -2.34685089e-22  8.63332046e-22 -3.73261357e-22 -6.80005142e-17\n   1.10448307e-21 -2.44180237e-21 -1.63216715e-22 -3.61852430e-23\n   1.34604102e-17 -1.84287608e-22  4.76255251e-22  5.84427690e-23\n  -4.28550254e-17  9.27381901e-22 -1.80727484e-21  2.53584718e-18\n  -1.29389208e-22  1.35690596e-22 -5.54663263e-18  1.33311792e-17\n  -1.93641649e-22]\n [-2.10687417e-22  2.93887586e-16 -2.71619730e-21  3.52089079e-22\n  -2.12732681e-21  2.40267468e-22  1.39055604e-17 -2.01984881e-22\n   4.85465503e-22  1.82908793e-15 -2.37096836e-16  1.43254266e-15\n  -1.61796150e-16 -1.93968473e-11  2.81748199e-16 -6.77175108e-16\n   7.41419469e-22 -2.66025293e-21  1.14784271e-21  1.82906338e-16\n  -2.44180237e-21  6.17188770e-21  3.25041066e-22  1.17609105e-22\n  -1.94320312e-17  4.76255283e-22 -8.05850977e-22  3.11706315e-23\n   1.43342222e-16 -1.80727476e-21  4.75983027e-21 -1.67263829e-17\n   1.35690539e-22 -5.20908643e-22  1.33311860e-17 -3.20411475e-17\n   4.65413109e-22]\n [-1.22969435e-23  1.71530920e-17 -1.29301085e-22  1.39580956e-22\n  -1.70070188e-22 -9.42203222e-23  8.11606118e-19 -1.17890931e-23\n   2.83347439e-23  8.70714009e-17 -9.39938731e-17  1.14525360e-16\n   6.34480244e-17 -1.13211954e-12  1.64445590e-17 -3.95241114e-17\n   1.65151943e-23 -9.28734746e-23  4.34793959e-23  7.87608568e-18\n  -1.63216715e-22  3.25041066e-22  5.87775835e-23 -5.33884108e-24\n  -1.49608677e-17  2.42946621e-23 -1.83117148e-22 -7.25433801e-23\n   1.55683960e-17 -1.83931890e-22  2.70729500e-22  1.14768515e-17\n   1.47656392e-23  5.82973347e-23  7.78090600e-19 -1.87011731e-18\n   2.71643863e-23]\n [-3.33711208e-24  4.65488891e-18 -6.18423718e-23 -6.48961050e-23\n  -4.94265577e-23  4.17320644e-23  2.20254078e-19 -3.19922561e-24\n   7.68929606e-24  4.16446721e-17  4.37010524e-17  3.32838679e-17\n  -2.81023801e-17 -3.07227069e-13  4.46261633e-18 -1.07257933e-17\n   3.40479586e-23 -5.43592780e-23  1.06114205e-23  4.94590354e-18\n  -3.61852430e-23  1.17609105e-22 -5.33884108e-24  2.88683526e-23\n   7.52537246e-18  3.87753379e-23  9.58194410e-23  9.55650135e-24\n   3.70743901e-18 -5.53812333e-24  1.02320851e-22 -4.51581025e-18\n  -1.34701041e-23 -5.16239868e-23  2.11151184e-19 -5.07500369e-19\n   7.37167049e-24]\n [ 1.06633943e-18 -1.48746121e-12  7.55004120e-18 -7.77871651e-17\n   3.28847590e-17  4.25581624e-17 -7.03782154e-14  1.02230372e-18\n  -2.45711222e-18 -5.08419982e-12  5.23819135e-11 -2.21446174e-11\n  -2.86586939e-11  9.81737410e-08 -1.42601965e-12  3.42740244e-12\n   1.15515730e-18  1.59675424e-17 -8.81054867e-18 -2.84372459e-13\n   1.34604102e-17 -1.94320312e-17 -1.49608677e-17  7.52537246e-18\n   8.78670237e-12  8.18098005e-18  1.04043486e-16  1.65156727e-17\n  -3.46763257e-12  1.67348811e-17 -2.66621077e-17 -5.09065103e-12\n  -5.33886203e-19 -3.99470362e-17 -6.74726656e-14  1.62171481e-13\n  -2.35559900e-18]\n [-1.54892757e-23  2.16060436e-17 -1.99960298e-22 -6.66373434e-23\n  -2.02607811e-22  1.52123384e-23  1.02230364e-18 -1.48494843e-23\n   3.56904278e-23  1.34653326e-16  4.48736255e-17  1.36436204e-16\n  -1.02439747e-17 -1.42601860e-12  2.07135819e-17 -4.97846058e-17\n   7.47381329e-23 -1.59970385e-22  6.03682529e-23  1.34604103e-17\n  -1.84287608e-22  4.76255283e-22  2.42946621e-23  3.87753379e-23\n   8.18098005e-18  1.57346322e-22  1.61629413e-22 -2.52431463e-23\n   1.67348817e-17 -1.79274388e-22  3.53498655e-22 -5.33886290e-19\n  -5.75969768e-23 -1.05502140e-22  9.80076247e-19 -2.35559775e-18\n   3.42162341e-23]\n [ 3.72284179e-23 -5.19296292e-17  3.52089086e-22 -9.77071758e-22\n   3.78975499e-22  3.35094890e-22 -2.45711183e-18  3.56904407e-23\n  -8.57819247e-23 -2.37096889e-16  6.57960659e-16 -2.55202201e-16\n  -2.25653149e-16  3.42740257e-12 -4.97846153e-17  1.19656117e-16\n  -4.72832062e-23  4.81136038e-22 -2.29256738e-22 -1.94320298e-17\n   4.76255251e-22 -8.05850977e-22 -1.83117148e-22  9.58194410e-23\n   1.04043486e-16  1.61629413e-22  1.70090261e-21  5.35146119e-23\n  -2.66621073e-17  3.53498620e-22 -7.81759902e-22 -3.99470373e-17\n  -1.05502131e-22 -4.53650911e-22 -2.35559904e-18  5.66170114e-18\n  -8.22378093e-23]\n [ 4.10927922e-25 -5.73497404e-19 -4.87286284e-23 -1.33803544e-22\n   1.10873339e-22  2.07677767e-22 -2.71141316e-20  3.94237471e-25\n  -9.47175568e-25  3.28138184e-17  9.01033474e-17 -7.46622419e-17\n  -1.39850307e-16  3.78506776e-14 -5.49793311e-19  1.32144018e-18\n   6.51606831e-23 -1.95187999e-22  7.54816581e-23  4.48140805e-18\n   5.84427690e-23  3.11706315e-23 -7.25433801e-23  9.55650135e-24\n   1.65156727e-17 -2.52431463e-23  5.35146119e-23  2.07630713e-22\n  -1.77331698e-17  1.95967089e-22 -2.24719164e-24 -2.36079398e-17\n  -3.41457439e-23 -1.27424865e-22 -2.60216688e-20  6.25105201e-20\n  -9.08305393e-25]\n [-4.64829389e-18  6.48391353e-12 -6.38911331e-17  3.28847588e-17\n  -1.25403213e-16 -2.11609487e-17  3.06790863e-13 -4.45628014e-18\n   1.07106256e-17  4.30242948e-11 -2.21446090e-11  8.44465948e-11\n   1.42498050e-11 -4.27944121e-07  6.21608716e-12 -1.49402195e-11\n   2.45600318e-17 -9.16531479e-17  3.99283387e-17  4.25717771e-12\n  -4.28550254e-17  1.43342222e-16  1.55683960e-17  3.70743901e-18\n  -3.46763257e-12  1.67348817e-17 -2.66621073e-17 -1.77331698e-17\n   1.20877199e-11 -2.90944535e-17  1.55700791e-16  3.15013420e-12\n  -1.45860857e-17 -4.79608736e-18  2.94117718e-13 -7.06910819e-13\n   1.02681890e-17]\n [ 6.75185465e-23 -9.41818174e-17  7.03767092e-22 -2.02607814e-22\n   4.52977293e-22  1.21012997e-22 -4.45627933e-18  6.47300513e-23\n  -1.55576455e-22 -4.73917056e-16  1.36436159e-16 -3.05035079e-16\n  -8.14902055e-17  6.21608507e-12 -9.02915084e-17  2.17013522e-16\n  -8.44025596e-23  3.68103703e-22 -1.74339477e-22 -4.28550205e-17\n   9.27381901e-22 -1.80727476e-21 -1.83931890e-22 -5.53812333e-24\n   1.67348811e-17 -1.79274388e-22  3.53498620e-22  1.95967089e-22\n  -2.90944535e-17  1.03094536e-21 -1.19831914e-21 -1.45860846e-17\n  -1.37906606e-22  2.05461503e-23 -4.27224546e-18  1.02681834e-17\n  -1.49150567e-22]\n [-1.62279927e-22  2.26363807e-16 -2.12732696e-21  3.78975500e-22\n  -2.05812180e-21  1.35853675e-22  1.07106279e-17 -1.55576542e-22\n   3.73924981e-22  1.43254243e-15 -2.55202238e-16  1.38594007e-15\n  -9.14838016e-17 -1.49402166e-11  2.17013572e-16 -5.21586978e-16\n   6.42807557e-22 -2.32754715e-21  9.97725446e-22  1.43342219e-16\n  -1.80727484e-21  4.75983027e-21  2.70729500e-22  1.02320851e-22\n  -2.66621077e-17  3.53498655e-22 -7.81759902e-22 -2.24719164e-24\n   1.55700791e-16 -1.19831914e-21  4.06211854e-21 -4.79608784e-18\n   2.05461105e-23 -3.63837323e-22  1.02681881e-17 -2.46793853e-17\n   3.58479330e-22]\n [ 4.43190545e-19 -6.18152242e-13  1.12490107e-17  4.25581632e-17\n  -2.11609475e-17 -4.13928785e-17 -2.92527845e-14  4.24847573e-19\n  -1.02113488e-18 -7.57508288e-12 -2.86586832e-11  1.42498031e-11\n   2.78739886e-11  4.07987106e-08 -5.92620270e-13  1.42434832e-12\n  -7.34628231e-18  1.67086464e-17 -5.81929067e-18 -9.29512438e-13\n   2.53584718e-18 -1.67263829e-17  1.14768515e-17 -4.51581025e-18\n  -5.09065103e-12 -5.33886290e-19 -3.99470373e-17 -2.36079398e-17\n   3.15013420e-12 -1.45860846e-17 -4.79608784e-18  4.87033791e-12\n  -1.38882178e-18  3.15187275e-17 -2.80404635e-14  6.73968817e-14\n  -9.78929943e-19]\n [-6.43698131e-24  8.97897229e-18 -4.43089071e-23  1.52123384e-23\n   1.21013009e-22 -1.48676524e-24  4.24847494e-19 -6.17126797e-24\n   1.48320664e-23  2.98376790e-17 -1.02439902e-17 -8.14902445e-17\n   1.00115280e-18 -5.92619855e-13  8.60807428e-18 -2.06893155e-17\n  -4.21665789e-23  1.01459512e-22 -3.49942357e-23  2.53584513e-18\n  -1.29389208e-22  1.35690539e-22  1.47656392e-23 -1.34701041e-23\n  -5.33886203e-19 -5.75969768e-23 -1.05502131e-22 -3.41457439e-23\n  -1.45860857e-17 -1.37906606e-22  2.05461105e-23 -1.38882178e-18\n   1.19685044e-22  5.31646245e-23  4.07314559e-19 -9.78929048e-19\n   1.42196031e-23]\n [ 1.54713833e-23 -2.15807323e-17  2.40267478e-22  3.35094889e-22\n   1.35853671e-22 -2.83090596e-22 -1.02113471e-18  1.48320800e-23\n  -3.56487994e-23 -1.61796128e-16 -2.25653053e-16 -9.14838779e-17\n   1.90633357e-16  1.42434855e-12 -2.06893262e-17  4.97263062e-17\n  -1.19226861e-22  3.23511632e-22 -1.32047705e-22 -1.67263829e-17\n   1.35690596e-22 -5.20908643e-22  5.82973347e-23 -5.16239868e-23\n  -3.99470362e-17 -1.05502140e-22 -4.53650911e-22 -1.27424865e-22\n  -4.79608736e-18  2.05461503e-23 -3.63837323e-22  3.15187275e-17\n   5.31646245e-23  3.39590490e-22 -9.78928873e-19  2.35285849e-18\n  -3.41761523e-23]\n [-4.66579211e-19  6.50830306e-13 -5.78560749e-18  1.02230381e-18\n  -4.45627952e-18  4.24847181e-19  3.07946641e-14 -4.47306733e-19\n   1.07509084e-18  3.89602959e-12 -6.88419741e-13  3.00086019e-12\n  -2.86092113e-13 -4.29553909e-08  6.23946962e-13 -1.49964173e-12\n   1.51737950e-18 -5.55326479e-18  2.41284464e-18  3.81855452e-13\n  -5.54663263e-18  1.33311860e-17  7.78090600e-19  2.11151184e-19\n  -6.74726656e-14  9.80076247e-19 -2.35559904e-18 -2.60216688e-20\n   2.94117718e-13 -4.27224546e-18  1.02681881e-17 -2.80404635e-14\n   4.07314559e-19 -9.78928873e-19  2.95226497e-14 -7.09569644e-14\n   1.03068298e-18]\n [ 1.12141169e-18 -1.56425468e-12  1.39055548e-17 -2.45711126e-18\n   1.07106232e-17 -1.02113396e-18 -7.40142197e-14  1.07509076e-18\n  -2.58395447e-18 -9.36400424e-12  1.65461957e-12 -7.21253744e-12\n   6.87631663e-13  1.03242228e-07 -1.49964122e-12  3.60435212e-12\n  -3.64701116e-18  1.33472224e-17 -5.79924722e-18 -9.17778522e-13\n   1.33311792e-17 -3.20411475e-17 -1.87011731e-18 -5.07500369e-19\n   1.62171481e-13 -2.35559775e-18  5.66170114e-18  6.25105201e-20\n  -7.06910819e-13  1.02681834e-17 -2.46793853e-17  6.73968817e-14\n  -9.78929048e-19  2.35285849e-18 -7.09569644e-14  1.70543323e-13\n  -2.47722126e-18]\n [-1.62890275e-23  2.27215283e-17 -2.01984868e-22  3.56904353e-23\n  -1.55576530e-22  1.48320870e-23  1.07509104e-18 -1.56161944e-23\n   3.75331431e-23  1.36016663e-16 -2.40339515e-17  1.04765290e-16\n  -9.98792817e-18 -1.49964149e-12  2.17829877e-17 -5.23548945e-17\n   5.29743937e-23 -1.93874049e-22  8.42365371e-23  1.33311857e-17\n  -1.93641649e-22  4.65413109e-22  2.71643863e-23  7.37167049e-24\n  -2.35559900e-18  3.42162341e-23 -8.22378093e-23 -9.08305393e-25\n   1.02681890e-17 -1.49150567e-22  3.58479330e-22 -9.78929943e-19\n   1.42196031e-23 -3.41761523e-23  1.03068298e-18 -2.47722126e-18\n   3.59827935e-23]]', 'hess_sum': '[[-2.21840722e-23  3.09445836e-17  2.81307790e-24  3.39060449e-25\n   9.04809832e-25  5.50144639e-24  1.46416814e-18 -2.12676379e-23\n   5.11163476e-23 -1.89431378e-18 -2.28317371e-19 -6.09308460e-19\n  -3.70468781e-18 -2.04236975e-12  2.96663719e-17 -7.13023724e-17\n  -1.87223704e-25 -3.07947963e-24 -4.73574752e-24 -1.85665812e-19\n   2.69684918e-24 -6.48182660e-24  2.85922232e-24 -3.76031256e-24\n  -2.23671446e-20  3.25032215e-25 -7.81625395e-25  9.55555968e-24\n  -5.97222082e-20  8.67594902e-25 -2.08490232e-24 -3.63110078e-19\n   5.27420252e-24 -1.26761894e-23  1.40368696e-18 -3.37372733e-18\n   4.90050891e-23]\n [ 3.09445836e-17 -4.31646004e-11 -3.92374783e-18 -4.73141817e-19\n  -1.26220761e-18 -7.67382149e-18 -2.04236868e-12  2.96663656e-17\n  -7.13023494e-17  2.64221894e-12  3.18602353e-13  8.49969996e-13\n   5.16756226e-12  2.84890324e-06 -4.13816300e-11  9.94598618e-11\n   2.61195081e-19  4.29547564e-18  6.60571416e-18  2.58967295e-13\n  -3.76170632e-18  9.04104498e-18 -3.98837125e-18  5.24544091e-18\n   3.12295973e-14 -4.53576289e-19  1.09019498e-18 -1.33290229e-17\n   8.33070505e-14 -1.21005238e-18  2.90837613e-18  5.06479238e-13\n  -7.35684718e-18  1.76820168e-17 -1.95800425e-12  4.70602472e-12\n  -6.83571365e-17]\n [ 2.81307790e-24 -3.92374783e-18 -8.68218101e-22 -1.11332877e-22\n  -2.90256263e-23 -1.26428724e-22 -1.85663378e-19  2.69683310e-24\n  -6.48189538e-24  5.84658453e-16  7.49716421e-17  1.95458807e-17\n   8.51371137e-17  2.58968031e-13 -3.76167463e-18  9.04104280e-18\n   3.67816428e-23 -2.67148829e-22  3.13195609e-22  6.95245221e-17\n  -4.99266923e-22  1.59526694e-21  1.68861527e-23  2.74387159e-23\n   9.86167569e-18  1.09599022e-22  1.77743271e-22 -4.04694624e-23\n   5.92856704e-19 -7.43343443e-23  1.56911228e-22  1.00234105e-17\n  -6.29913567e-23  1.93106052e-22 -1.77995889e-19  4.27810684e-19\n  -6.21403184e-24]\n [ 3.39060449e-25 -4.73141817e-19 -1.11332877e-22 -7.80894230e-22\n   9.45527679e-23  1.46988593e-22 -2.23665922e-20  3.25032899e-25\n  -7.81639784e-25  7.49716476e-17  5.25854554e-16 -6.36719498e-17\n  -9.89821357e-17  3.12293547e-14 -4.53587479e-19  1.09020984e-18\n  -1.31274530e-23  1.39433830e-22 -1.56661590e-23  9.86167628e-18\n   1.09599012e-22  1.77743261e-22 -2.10223531e-23  1.57789563e-22\n   8.45107232e-17  1.07141568e-22  7.88830719e-22  4.23207030e-24\n  -4.73251237e-18 -7.25008662e-23 -1.47283859e-22 -2.30017674e-17\n  -2.80166001e-24  3.19014021e-24 -2.14464906e-20  5.15904101e-20\n  -7.49159646e-25]\n [ 9.04809832e-25 -1.26220761e-18 -2.90256263e-23  9.45527679e-23\n  -9.69119203e-22  1.47757367e-22 -5.97202172e-20  8.67585891e-25\n  -2.08487856e-24  1.95458204e-17 -6.36719431e-17  6.52605372e-16\n  -9.94998391e-17  8.33082690e-14 -1.21004973e-18  2.90833514e-18\n   1.49633880e-22 -2.80475893e-22 -1.11636034e-22  5.92855453e-19\n  -7.43343518e-23  1.56911206e-22 -5.99268375e-23  8.92900851e-25\n  -4.73251244e-18 -7.25008687e-23 -1.47283848e-22 -2.07983555e-22\n   8.73811971e-17 -1.91573986e-22  1.42308509e-21 -7.08329479e-18\n   2.03402716e-22 -4.92061725e-22 -5.72651867e-20  1.37601234e-19\n  -1.99893851e-24]\n [ 5.50144639e-24 -7.67382149e-18 -1.26428724e-22  1.46988593e-22\n   1.47757367e-22 -7.20780126e-22 -3.63108117e-19  5.27420131e-24\n  -1.26761985e-23  8.51370938e-17 -9.89820791e-17 -9.94998369e-17\n   4.85373757e-16  5.06479353e-13 -7.35685371e-18  1.76820133e-17\n  -1.64352525e-23 -1.33312076e-22 -1.16571985e-23  1.00234094e-17\n  -6.29913627e-23  1.93105997e-22  1.10181853e-23  8.74113089e-23\n  -2.30017666e-17 -2.80166811e-24  3.19012488e-24 -5.06734020e-23\n  -7.08329327e-18  2.03402729e-22 -4.92061719e-22  6.90555213e-17\n  -7.28445453e-23  9.71254505e-22 -3.48105224e-19  8.36641244e-19\n  -1.21526311e-23]\n [ 1.46416814e-18 -2.04236868e-12 -1.85663378e-19 -2.23665922e-20\n  -5.97202172e-20 -3.63108117e-19 -9.66372469e-14  1.40368736e-18\n  -3.37374583e-18  1.25026607e-13  1.50625719e-14  4.02138811e-14\n   2.44518715e-13  1.34798499e-07 -1.95800208e-12  4.70602835e-12\n   1.23571633e-20  2.03249393e-19  3.12565740e-19  1.22544514e-14\n  -1.77995582e-19  4.27808739e-19 -1.88708544e-19  2.48179330e-19\n   1.47492385e-15 -2.14457222e-20  5.15872875e-20 -6.30677036e-19\n   3.94176467e-15 -5.72655390e-20  1.37600296e-19  2.39665529e-14\n  -3.48106153e-19  8.36642702e-19 -9.26439456e-14  2.22670367e-13\n  -3.23437709e-18]\n [-2.12676379e-23  2.96663656e-17  2.69683310e-24  3.25032899e-25\n   8.67585891e-25  5.27420131e-24  1.40368736e-18 -2.03892446e-23\n   4.90049880e-23 -1.81603762e-18 -2.18870785e-19 -5.84235072e-19\n  -3.55165368e-18 -1.95800030e-12  2.84409533e-17 -6.83571694e-17\n  -1.79556896e-25 -2.95209131e-24 -4.54000697e-24 -1.77995368e-19\n   2.58536572e-24 -6.21401812e-24  2.74112206e-24 -3.60511819e-24\n  -2.14476862e-20  3.11759752e-25 -7.49157202e-25  9.16087538e-24\n  -5.72663671e-20  8.31583454e-25 -1.99888902e-24 -3.48106126e-19\n   5.05619701e-24 -1.21526081e-23  1.34571325e-18 -3.23437175e-18\n   4.69807564e-23]\n [ 5.11163476e-23 -7.13023494e-17 -6.48189538e-24 -7.81639784e-25\n  -2.08487856e-24 -1.26761985e-23 -3.37374583e-18  4.90049880e-23\n  -1.17782465e-22  4.36488413e-18  5.26350610e-19  1.40394989e-18\n   8.53616744e-18  4.70601764e-12 -6.83571724e-17  1.64294620e-16\n   4.31479398e-25  7.09565219e-24  1.09120352e-23  4.27811302e-19\n  -6.21405366e-24  1.49354130e-23 -6.58825619e-24  8.66469217e-24\n   5.15884002e-20 -7.49157213e-25  1.80109544e-24 -2.20178711e-23\n   1.37600346e-19 -1.99895649e-24  4.80411087e-24  8.36643187e-19\n  -1.21526401e-23  2.92083512e-23 -3.23437638e-18  7.77373359e-18\n  -1.12917200e-22]\n [-1.89431378e-18  2.64221894e-12  5.84658453e-16  7.49716476e-17\n   1.95458204e-17  8.51370938e-17  1.25026607e-13 -1.81603762e-18\n   4.36488413e-18 -3.93709190e-10 -5.04859606e-11 -1.31621569e-11\n  -5.73313250e-11 -1.74388371e-07  2.53309093e-12 -6.08822795e-12\n  -2.47686765e-17  1.79898001e-16 -2.10906009e-16 -4.68178448e-11\n   3.36206498e-16 -1.07425331e-15 -1.13711289e-17 -1.84772427e-17\n  -6.64085992e-12 -7.38040915e-17 -1.19692406e-16  2.72521434e-17\n  -3.99224853e-13  5.00568906e-17 -1.05664086e-16 -6.74976437e-12\n   4.24184060e-17 -1.30037573e-16  1.19860739e-13 -2.88084159e-13\n   4.18451297e-18]\n [-2.28317371e-19  3.18602353e-13  7.49716421e-17  5.25854554e-16\n  -6.36719431e-17 -9.89820791e-17  1.50625719e-14 -2.18870785e-19\n   5.26350610e-19 -5.04859606e-11 -3.54110681e-10  4.28767583e-11\n   6.66545390e-11 -2.10295021e-08  3.05440682e-13 -7.34132009e-13\n   8.84010249e-18 -9.38948443e-17  1.05496216e-17 -6.64086023e-12\n  -7.38040537e-17 -1.19692406e-16  1.41564441e-17 -1.06255574e-16\n  -5.69095544e-11 -7.21492506e-17 -5.31198993e-16 -2.84985473e-18\n   3.18688187e-12  4.88221696e-17  9.91810696e-17  1.54893888e-11\n   1.88661886e-18 -2.14832751e-18  1.44415794e-14 -3.47380833e-14\n   5.04485819e-19]\n [-6.09308460e-19  8.49969996e-13  1.95458807e-17 -6.36719498e-17\n   6.52605372e-16 -9.94998369e-17  4.02138811e-14 -5.84235072e-19\n   1.40394989e-18 -1.31621569e-11  4.28767583e-11 -4.39464834e-10\n   6.70032069e-11 -5.60987916e-08  8.14849713e-13 -1.95845176e-12\n  -1.00763549e-16  1.88872665e-16  7.51757265e-17 -3.99228027e-13\n   5.00568377e-17 -1.05664104e-16  4.03547724e-17 -6.01258228e-19\n   3.18688165e-12  4.88221666e-17  9.91810606e-17  1.40056234e-16\n  -5.88425502e-11  1.29005940e-16 -9.58306187e-16  4.76988913e-12\n  -1.36971460e-16  3.31354563e-16  3.85610101e-14 -9.26616192e-14\n   1.34611043e-18]\n [-3.70468781e-18  5.16756226e-12  8.51371137e-17 -9.89821357e-17\n  -9.94998391e-17  4.85373757e-16  2.44518715e-13 -3.55165368e-18\n   8.53616744e-18 -5.73313250e-11  6.66545390e-11  6.70032069e-11\n  -3.26850937e-10 -3.41063374e-07  4.95410338e-12 -1.19070944e-11\n   1.10675275e-17  8.97723933e-17  7.85002191e-18 -6.74976462e-12\n   4.24183572e-17 -1.30037557e-16 -7.41964986e-18 -5.88628485e-17\n   1.54893944e-11  1.88662507e-18 -2.14828700e-18  3.41234925e-17\n   4.76988878e-12 -1.36971475e-16  3.31354567e-16 -4.65020244e-11\n   4.90535810e-17 -6.54043275e-16  2.34414727e-13 -5.63395227e-13\n   8.18360963e-18]\n [-2.04236975e-12  2.84890324e-06  2.58968031e-13  3.12293547e-14\n   8.33082690e-14  5.06479353e-13  1.34798499e-07 -1.95800030e-12\n   4.70601764e-12 -1.74388371e-07 -2.10295021e-08 -5.60987916e-08\n  -3.41063374e-07 -1.88030673e-01  2.73122217e-06 -6.56442787e-06\n  -1.72388633e-14 -2.83505701e-13 -4.35982879e-13 -1.70923499e-08\n   2.48274227e-13 -5.96719872e-13  2.63235585e-13 -3.46203083e-13\n  -2.06107127e-09  2.99367788e-14 -7.19536925e-14  8.79726571e-13\n  -5.49828350e-09  7.98660355e-14 -1.91955675e-13 -3.34280786e-08\n   4.85558303e-13 -1.16702860e-12  1.29230190e-07 -3.10601631e-07\n   4.51162944e-12]\n [ 2.96663719e-17 -4.13816300e-11 -3.76167463e-18 -4.53587479e-19\n  -1.21004973e-18 -7.35685371e-18 -1.95800208e-12  2.84409533e-17\n  -6.83571724e-17  2.53309093e-12  3.05440682e-13  8.14849713e-13\n   4.95410338e-12  2.73122217e-06 -3.96723169e-11  9.53514204e-11\n   2.50395673e-19  4.11806164e-18  6.33284609e-18  2.48274561e-13\n  -3.60627343e-18  8.66761718e-18 -3.82360553e-18  5.02876049e-18\n   2.99371352e-14 -4.34855429e-19  1.04516539e-18 -1.27784368e-17\n   7.98647134e-14 -1.16010045e-18  2.78821838e-18  4.85558556e-13\n  -7.05296264e-18  1.69516252e-17 -1.87713096e-12  4.51163857e-12\n  -6.55335555e-17]\n [-7.13023724e-17  9.94598618e-11  9.04104280e-18  1.09020984e-18\n   2.90833514e-18  1.76820133e-17  4.70602835e-12 -6.83571694e-17\n   1.64294620e-16 -6.08822795e-12 -7.34132009e-13 -1.95845176e-12\n  -1.19070944e-11 -6.56442787e-06  9.53514204e-11 -2.29175144e-10\n  -6.01830044e-19 -9.89767549e-18 -1.52208583e-17 -5.96714672e-13\n   8.66762393e-18 -2.08323425e-17  9.18995937e-18 -1.20865126e-17\n  -7.19541856e-14  1.04515404e-18 -2.51200214e-18  3.07126398e-17\n  -1.91953315e-13  2.78821146e-18 -6.70136586e-18 -1.16702942e-12\n   1.69516488e-17 -4.07428788e-17  4.51163028e-12 -1.08436040e-11\n   1.57508348e-16]\n [-1.87223704e-25  2.61195081e-19  3.67816428e-23 -1.31274530e-23\n   1.49633880e-22 -1.64352525e-23  1.23571633e-20 -1.79556896e-25\n   4.31479398e-25 -2.47686765e-17  8.84010249e-18 -1.00763549e-16\n   1.10675275e-17 -1.72388633e-14  2.50395673e-19 -6.01830044e-19\n  -2.37213859e-22  1.96666293e-22 -4.21561263e-23 -1.38827742e-18\n   9.75415211e-23 -1.52721179e-22  1.17857274e-23 -1.33769775e-23\n  -1.32851921e-18  1.24670308e-22 -1.86464044e-24  1.93703021e-23\n  -1.31887871e-17 -1.09830523e-22 -1.77988767e-22  3.58344093e-18\n   1.81407644e-23 -2.35518956e-23  1.18513603e-20 -2.84779952e-20\n   4.13669080e-25]\n [-3.07947963e-24  4.29547564e-18 -2.67148829e-22  1.39433830e-22\n  -2.80475893e-22 -1.33312076e-22  2.03249393e-19 -2.95209131e-24\n   7.09565219e-24  1.79898001e-16 -9.38948443e-17  1.88872665e-16\n   8.97723933e-17 -2.83505701e-13  4.11806164e-18 -9.89767549e-18\n   1.96666293e-22 -5.71950201e-22  1.15218750e-22  1.52306695e-17\n  -3.27679282e-22  7.12798644e-22 -3.37342482e-23  3.67670022e-23\n  -1.23226900e-17 -1.01387294e-22 -1.62788668e-22  1.74491674e-23\n   2.46234628e-17  2.18069058e-22  3.06190253e-22  1.06260923e-17\n   6.58219092e-24  2.16272604e-22  1.94838257e-19 -4.68320881e-19\n   6.80239194e-24]\n [-4.73574752e-24  6.60571416e-18  3.13195609e-22 -1.56661590e-23\n  -1.11636034e-22 -1.16571985e-23  3.12565740e-19 -4.54000697e-24\n   1.09120352e-23 -2.10906009e-16  1.05496216e-17  7.51757265e-17\n   7.85002191e-18 -4.35982879e-13  6.33284609e-18 -1.52208583e-17\n  -4.21561263e-23  1.15218750e-22 -5.00451971e-22 -1.99268087e-17\n   3.21258118e-22 -7.48674161e-22 -8.31873956e-24  7.66769242e-23\n   3.11023465e-18  3.08075315e-23 -2.19117035e-23 -1.03131641e-22\n   8.83063320e-18  8.14995812e-24  1.82352461e-22  3.34364207e-18\n   2.98311775e-22 -1.63704393e-22  2.99642811e-19 -7.20204556e-19\n   1.04611900e-23]\n [-1.85665812e-19  2.58967295e-13  6.95245221e-17  9.86167628e-18\n   5.92855453e-19  1.00234094e-17  1.22544514e-14 -1.77995368e-19\n   4.27811302e-19 -4.68178448e-11 -6.64086023e-12 -3.99228027e-13\n  -6.74976462e-12 -1.70923499e-08  2.48274561e-13 -5.96714672e-13\n  -1.38827742e-18  1.52306695e-17 -1.99268087e-17 -6.00634539e-12\n   3.26990898e-17 -1.14155537e-16 -1.27515081e-18 -7.24254054e-19\n  -8.65883400e-13 -1.02063124e-17 -1.69576655e-17  2.83572945e-18\n   1.21745042e-13  4.59794646e-18 -1.12648201e-17 -8.61682485e-13\n   4.19723044e-18 -1.22947326e-17  1.17476738e-14 -2.82358833e-14\n   4.10129721e-19]\n [ 2.69684918e-24 -3.76170632e-18 -4.99266923e-22  1.09599012e-22\n  -7.43343518e-23 -6.29913627e-23 -1.77995582e-19  2.58536572e-24\n  -6.21405366e-24  3.36206498e-16 -7.38040537e-17  5.00568377e-17\n   4.24183572e-17  2.48274227e-13 -3.60627343e-18  8.66762393e-18\n   9.75415211e-23 -3.27679282e-22  3.21258118e-22  3.26990898e-17\n  -6.85720692e-22  1.19566363e-21  5.15952524e-23 -4.26450995e-23\n  -1.02063116e-17 -1.11800026e-22 -1.12612351e-22  8.25007545e-26\n   4.59794634e-18 -1.53600257e-23  1.49948323e-22  4.19723083e-18\n  -1.21860904e-22  1.69623769e-22 -1.70638878e-19  4.10135472e-19\n  -5.95735875e-24]\n [-6.48182660e-24  9.04104498e-18  1.59526694e-21  1.77743261e-22\n   1.56911206e-22  1.93105997e-22  4.27808739e-19 -6.21401812e-24\n   1.49354130e-23 -1.07425331e-15 -1.19692406e-16 -1.05664104e-16\n  -1.30037557e-16 -5.96719872e-13  8.66761718e-18 -2.08323425e-17\n  -1.52721179e-22  7.12798644e-22 -7.48674161e-22 -1.14155537e-16\n   1.19566363e-21 -3.44324869e-21 -4.51562790e-23 -6.99676948e-23\n  -1.69576652e-17 -1.12612343e-22 -2.85040478e-22  7.14373934e-23\n  -1.12648202e-17  1.49948286e-22 -4.03817022e-22 -1.22947350e-17\n   1.69623760e-22 -3.99560193e-22  4.10131021e-19 -9.85753355e-19\n   1.43183384e-23]\n [ 2.85922232e-24 -3.98837125e-18  1.68861527e-23 -2.10223531e-23\n  -5.99268375e-23  1.10181853e-23 -1.88708544e-19  2.74112206e-24\n  -6.58825619e-24 -1.13711289e-17  1.41564441e-17  4.03547724e-17\n  -7.41964986e-18  2.63235585e-13 -3.82360553e-18  9.18995937e-18\n   1.17857274e-23 -3.37342482e-23 -8.31873956e-24 -1.27515081e-18\n   5.15952524e-23 -4.51562790e-23 -9.89399471e-23  8.57242837e-24\n   2.49548326e-18 -2.97872339e-24  1.26946264e-23  1.74781080e-23\n   5.59324350e-18  4.29025881e-23  7.18140249e-23 -2.11483907e-18\n   1.14432428e-23  1.21972445e-23 -1.80916341e-19  4.34829153e-19\n  -6.31612961e-24]\n [-3.76031256e-24  5.24544091e-18  2.74387159e-23  1.57789563e-22\n   8.92900851e-25  8.74113089e-23  2.48179330e-19 -3.60511819e-24\n   8.66469217e-24 -1.84772427e-17 -1.06255574e-16 -6.01258228e-19\n  -5.88628485e-17 -3.46203083e-13  5.02876049e-18 -1.20865126e-17\n  -1.33769775e-23  3.67670022e-23  7.66769242e-23 -7.24254054e-19\n  -4.26450995e-23 -6.99676948e-23  8.57242837e-24 -1.78349977e-22\n  -1.55348045e-17 -2.80471302e-23 -1.65047320e-22  5.25992567e-23\n  -1.42251291e-18 -2.18990072e-23  4.85263075e-23 -3.88695701e-18\n  -4.60223586e-23 -1.95711812e-22  2.37940766e-19 -5.71872445e-19\n   8.30689537e-24]\n [-2.23671446e-20  3.12295973e-14  9.86167569e-18  8.45107232e-17\n  -4.73251244e-18 -2.30017666e-17  1.47492385e-15 -2.14476862e-20\n   5.15884002e-20 -6.64085992e-12 -5.69095544e-11  3.18688165e-12\n   1.54893944e-11 -2.06107127e-09  2.99371352e-14 -7.19541856e-14\n  -1.32851921e-18 -1.23226900e-17  3.11023465e-18 -8.65883400e-13\n  -1.02063116e-17 -1.69576652e-17  2.49548326e-18 -1.55348045e-17\n  -9.40865009e-12 -8.10210915e-18 -7.91427772e-17 -1.97506586e-18\n   6.01596543e-14  7.82757870e-18  7.32541891e-18  3.14802775e-12\n  -2.63174565e-18  9.36063950e-18  1.41486506e-15 -3.40464077e-15\n   4.94418318e-20]\n [ 3.25032215e-25 -4.53576289e-19  1.09599022e-22  1.07141568e-22\n  -7.25008687e-23 -