{'theta_hat': '[ 2.36395484e-12 -3.29749476e-06  4.20139470e-11  1.80379741e-11\n  3.72771769e-11 -1.27103704e-11 -1.56022593e-07  2.26631992e-12\n -5.44701566e-12 -2.82921979e-05 -1.21467887e-05 -2.51024689e-05\n  8.55916997e-06  2.17637631e-01 -3.16128778e-06  7.59807937e-06\n -1.53714512e-11  4.72692182e-11 -1.98432992e-11 -3.19504919e-06\n  1.96066718e-11 -8.73042911e-11  6.61581843e-13 -4.55162341e-12\n -2.12133574e-06 -1.22559609e-11 -3.46328888e-11 -5.88638839e-12\n -2.83342099e-06  6.36791382e-12 -6.82954965e-11  1.16840460e-06\n  5.45011953e-12  2.10296067e-11 -1.49579244e-07  3.59506411e-07\n -5.22205971e-12]', 'theta_bar': '[ 1.45654703e-11 -9.80840993e-06 -2.39637042e-11  2.49669538e-11\n -1.39283519e-11 -1.29115733e-12 -2.28089852e-06 -2.35147010e-11\n -2.17062835e-11  1.61371662e-05 -1.68127665e-05  9.37935427e-06\n  8.69469551e-07  1.53595962e+00  1.58348147e-05  1.46170501e-05\n  6.67636285e-12 -2.68285200e-11  7.65748853e-12  1.66456860e-06\n -1.49665245e-11  5.02066455e-11  8.76914298e-12 -5.84431975e-12\n -2.53946530e-06 -5.09719952e-12 -4.67190875e-11  5.01719621e-12\n  7.53729729e-07 -1.41917014e-11  3.06653270e-11  3.60965675e-07\n  6.16428327e-12  8.21992824e-13  2.04757971e-06  3.85483641e-06\n  5.14155509e-11]', 'grad_op_sum': '[[ 7.37386929e-24 -1.02857939e-17  9.14363934e-23 -1.61569578e-23\n   7.04280540e-23 -6.71436149e-24 -4.86682266e-19  7.06928492e-24\n  -1.69908542e-23 -6.15732911e-17  1.08801009e-17 -4.74262763e-17\n   4.52145137e-18  6.78871733e-13 -9.86092657e-18  2.37005033e-17\n  -2.39810325e-23  8.77650911e-23 -3.81331354e-23 -6.03488350e-18\n   8.76594405e-23 -2.10687456e-22 -1.22970260e-23 -3.33706288e-24\n   1.06638323e-18 -1.54892601e-23  3.72287588e-23  4.11043927e-25\n  -4.64831856e-18  6.75186223e-23 -1.62279969e-22  4.43153190e-19\n  -6.43695447e-24  1.54711490e-23 -4.66579211e-19  1.12141169e-18\n  -1.62890275e-23]\n [-1.02857939e-17  1.43476311e-11 -1.27544436e-16  2.25369595e-17\n  -9.82397400e-17  9.36583802e-18  6.78872013e-13 -9.86092985e-18\n   2.37005048e-17  8.58884564e-11 -1.51763963e-11  6.61546754e-11\n  -6.30695579e-12 -9.46956675e-07  1.37549846e-11 -3.30597794e-11\n   3.34510184e-17 -1.22422967e-16  5.31916710e-17  8.41804862e-12\n  -1.22276029e-16  2.93887584e-16  1.71530896e-17  4.65489221e-18\n  -1.48745969e-12  2.16060465e-17 -5.19296118e-17 -5.73494095e-19\n   6.48391257e-12 -9.41818203e-17  2.26363797e-16 -6.18153823e-13\n   8.97897133e-18 -2.15807464e-17  6.50830306e-13 -1.56425468e-12\n   2.27215283e-17]\n [ 9.14363934e-23 -1.27544436e-16  1.20092427e-21 -1.23419187e-22\n   9.81448434e-22 -1.41266473e-22 -6.03488622e-18  8.76594874e-23\n  -2.10687490e-22 -8.08702675e-16  8.31104883e-17 -6.60907743e-16\n   9.51288710e-17  8.41804859e-12 -1.22276060e-16  2.93887604e-16\n  -3.49104892e-22  1.24290307e-21 -5.36164013e-22 -8.12558263e-17\n   1.03119763e-21 -2.70354712e-21 -1.27921552e-22 -5.58926781e-23\n   4.99679099e-18 -2.15250933e-22  3.06921794e-22 -4.63911097e-23\n  -6.73625362e-17  7.19895802e-22 -2.12617624e-21  1.09263025e-17\n  -2.85499068e-23  2.67740577e-22 -5.78560485e-18  1.39055596e-17\n  -2.01984857e-22]\n [-1.61569578e-23  2.25369595e-17 -1.23419187e-22  2.91079731e-22\n  -1.42443057e-22 -4.14520440e-23  1.06638348e-18 -1.54892675e-23\n   3.72287693e-23  8.31105040e-17 -1.96013309e-16  9.59211666e-17\n   2.79138694e-17 -1.48746021e-12  2.16060502e-17 -5.19296271e-17\n   3.41760440e-23 -2.14609264e-22  9.61297658e-23  4.99679008e-18\n  -2.15250917e-22  3.06921788e-22  5.43087071e-23 -2.34976109e-23\n  -2.91912373e-17 -4.75878905e-23 -5.96967284e-22  1.15677685e-23\n   8.66209815e-18 -1.46551720e-22  3.26815415e-22  4.98063891e-18\n   2.86452245e-23  8.37651138e-23  1.02230239e-18 -2.45715054e-18\n   3.56903616e-23]\n [ 7.04280540e-23 -9.82397400e-17  9.81448434e-22 -1.42443057e-22\n   9.23985854e-22 -1.65949262e-22 -4.64832067e-18  6.75186474e-23\n  -1.62279996e-22 -6.60907525e-16  9.59212001e-17 -6.22212428e-16\n   1.11750250e-16  6.48391245e-12 -9.41818411e-17  2.26363802e-16\n  -3.41372675e-22  1.22568056e-21 -5.24554817e-22 -6.73625306e-17\n   7.19895785e-22 -2.12617609e-21 -7.66798840e-23 -4.61096149e-23\n   8.66209886e-18 -1.46551718e-22  3.26815413e-22 -1.27564657e-22\n  -6.66594325e-17  3.62299116e-22 -1.80387610e-21  1.32859865e-17\n   5.17243592e-23  2.52453702e-22 -4.45628780e-18  1.07106268e-17\n  -1.55576551e-22]\n [-6.71436149e-24  9.36583802e-18 -1.41266473e-22 -4.14520440e-23\n  -1.65949262e-22  5.92964524e-23  4.43153676e-19 -6.43695422e-24\n   1.54711555e-23  9.51288383e-17  2.79138460e-17  1.11750311e-16\n  -3.99302502e-17 -6.18153928e-13  8.97897536e-18 -2.15807447e-17\n   7.14249780e-23 -2.33225171e-22  9.65854230e-23  1.09263025e-17\n  -2.85499271e-23  2.67740565e-22 -1.02275947e-23  1.52572078e-23\n   4.98063868e-18  2.86452246e-23  8.37651179e-23  4.93179096e-23\n   1.32859873e-17  5.17243472e-23  2.52453710e-22 -5.32308411e-18\n  -4.29805696e-23 -8.17314502e-23  4.24843766e-19 -1.02110688e-18\n   1.48321153e-23]\n [-4.86682266e-19  6.78872013e-13 -6.03488622e-18  1.06638348e-18\n  -4.64832067e-18  4.43153676e-19  3.21214845e-14 -4.66579413e-19\n   1.12141226e-18  4.06389395e-12 -7.18103002e-13  3.13018077e-12\n  -2.98419708e-13 -4.48061690e-08  6.50830372e-13 -1.56425537e-12\n   1.58277169e-18 -5.79258493e-18  2.51682549e-18  3.98307791e-13\n  -5.78560411e-18  1.39055651e-17  8.11615635e-19  2.20248389e-19\n  -7.03832560e-14  1.02230251e-18 -2.45715102e-18 -2.71268335e-20\n   3.06793638e-13 -4.45628783e-18  1.07106322e-17 -2.92484475e-14\n   4.24843809e-19 -1.02110770e-18  3.07946641e-14 -7.40142197e-14\n   1.07509104e-18]\n [ 7.06928492e-24 -9.86092985e-18  8.76594874e-23 -1.54892675e-23\n   6.75186474e-23 -6.43695422e-24 -4.66579413e-19  6.77728168e-24\n  -1.62890315e-23 -5.90299216e-17  1.04304781e-17 -4.54670809e-17\n   4.33464530e-18  6.50830320e-13 -9.45361204e-18  2.27215324e-17\n  -2.29903476e-23  8.41393291e-23 -3.65577836e-23 -5.78560508e-18\n   8.40387124e-23 -2.01984870e-22 -1.17891029e-23 -3.19924251e-24\n   1.02230275e-18 -1.48495702e-23  3.56903679e-23  3.94253998e-25\n  -4.45628868e-18  6.47300789e-23 -1.55576559e-22  4.24843845e-19\n  -6.17120226e-24  1.48321090e-23 -4.47306733e-19  1.07509076e-18\n  -1.56161944e-23]\n [-1.69908542e-23  2.37005048e-17 -2.10687490e-22  3.72287693e-23\n  -1.62279996e-22  1.54711555e-23  1.12141226e-18 -1.62890315e-23\n   3.91502907e-23  1.41877011e-16 -2.50698661e-17  1.09279406e-16\n  -1.04182769e-17 -1.56425483e-12  2.27215264e-17 -5.46106501e-17\n   5.52569637e-23 -2.02227841e-22  8.78661694e-23  1.39055615e-17\n  -2.01984777e-22  4.85465553e-22  2.83348041e-23  7.68924982e-24\n  -2.45715166e-18  3.56903509e-23 -8.57823316e-23 -9.47225565e-25\n   1.07106304e-17 -1.55576477e-22  3.73924991e-22 -1.02110744e-18\n   1.48320967e-23 -3.56485365e-23  1.07509084e-18 -2.58395447e-18\n   3.75331431e-23]\n [-6.15732911e-17  8.58884564e-11 -8.08702675e-16  8.31105040e-17\n  -6.60907525e-16  9.51288383e-17  4.06389395e-12 -5.90299216e-17\n   1.41877011e-16  5.44580564e-10 -5.59666186e-11  4.45055375e-10\n  -6.40597784e-11 -5.66871611e-06  8.23407308e-11 -1.97903989e-10\n   2.35087276e-16 -8.36971081e-16  3.61052917e-16  5.47176910e-11\n  -6.94408798e-16  1.82056929e-15  8.61424221e-17  3.76381391e-17\n  -3.36483947e-12  1.44950041e-16 -2.06681205e-16  3.12397286e-17\n   4.53619401e-11 -4.84778142e-16  1.43176753e-15 -7.35777132e-12\n   1.92255629e-17 -1.80296534e-16  3.89602781e-12 -9.36400745e-12\n   1.36016655e-16]\n [ 1.08801009e-17 -1.51763963e-11  8.31104883e-17 -1.96013309e-16\n   9.59212001e-17  2.79138460e-17 -7.18103002e-13  1.04304781e-17\n  -2.50698661e-17 -5.59666186e-11  1.31995509e-10 -6.45933441e-11\n  -1.87972263e-11  1.00165622e-06 -1.45495217e-11  3.49694288e-11\n  -2.30141525e-17  1.44517966e-16 -6.47338243e-17 -3.36483640e-12\n   1.44950053e-16 -2.06681168e-16 -3.65715143e-17  1.58233132e-17\n   1.96574016e-11  3.20457405e-17  4.01998208e-16 -7.78974592e-18\n  -5.83305932e-12  9.86879763e-17 -2.20077602e-16 -3.35396666e-12\n  -1.92897103e-17 -5.64075093e-17 -6.88418784e-13  1.65464602e-12\n  -2.40339019e-17]\n [-4.74262763e-17  6.61546754e-11 -6.60907743e-16  9.59211666e-17\n  -6.22212428e-16  1.11750311e-16  3.13018077e-12 -4.54670809e-17\n   1.09279406e-16  4.45055375e-10 -6.45933441e-11  4.18998087e-10\n  -7.52526709e-11 -4.36626892e-06  6.34220849e-11 -1.52433464e-10\n   2.29880494e-16 -8.25373761e-16  3.53235414e-16  4.53619540e-11\n  -4.84778059e-16  1.43176776e-15  5.16362524e-17  3.10502369e-17\n  -5.83305639e-12  9.86879894e-17 -2.20077536e-16  8.59020970e-17\n   4.48884879e-11 -2.43972322e-16  1.21473083e-15 -8.94678980e-12\n  -3.48312160e-17 -1.70002440e-16  3.00086577e-12 -7.21253988e-12\n   1.04765304e-16]\n [ 4.52145137e-18 -6.30695579e-12  9.51288710e-17  2.79138694e-17\n   1.11750250e-16 -3.99302502e-17 -2.98419708e-13  4.33464530e-18\n  -1.04182769e-17 -6.40597784e-11 -1.87972263e-11 -7.52526709e-11\n   2.68890433e-11  4.16264887e-07 -6.04644246e-12  1.45324746e-11\n  -4.80975909e-17  1.57053846e-16 -6.50406296e-17 -7.35777482e-12\n   1.92255141e-17 -1.80296549e-16  6.88727033e-18 -1.02742122e-17\n  -3.35396874e-12 -1.92897148e-17 -5.64075579e-17 -3.32106828e-17\n  -8.94678538e-12 -3.48311847e-17 -1.70002354e-16  3.58456677e-12\n   2.89431241e-17  5.50379937e-17 -2.86089814e-13  6.87613428e-13\n  -9.98794718e-18]\n [ 6.78871733e-13 -9.46956675e-07  8.41804859e-12 -1.48746021e-12\n   6.48391245e-12 -6.18153928e-13 -4.48061690e-08  6.50830320e-13\n  -1.56425483e-12 -5.66871611e-06  1.00165622e-06 -4.36626892e-06\n   4.16264887e-07  6.25000000e-02 -9.07841468e-07  2.18197545e-06\n  -2.20779779e-12  8.08002780e-12 -3.51069891e-12 -5.55598851e-07\n   8.07032868e-12 -1.93968472e-11 -1.13211946e-12 -3.07227093e-13\n   9.81737372e-08 -1.42601848e-12  3.42740228e-12  3.78508484e-14\n  -4.27944152e-07  6.21608505e-12 -1.49402164e-11  4.07987217e-08\n  -5.92620052e-13  1.42434889e-12 -4.29553909e-08  1.03242228e-07\n  -1.49964149e-12]\n [-9.86092657e-18  1.37549846e-11 -1.22276060e-16  2.16060502e-17\n  -9.41818411e-17  8.97897536e-18  6.50830372e-13 -9.45361204e-18\n   2.27215264e-17  8.23407308e-11 -1.45495217e-11  6.34220849e-11\n  -6.04644246e-12 -9.07841468e-07  1.31868181e-11 -3.16942047e-11\n   3.20692898e-17 -1.17366162e-16  5.09945340e-17  8.07033106e-12\n  -1.17225261e-16  2.81748199e-16  1.64445588e-17  4.46261624e-18\n  -1.42601916e-12  2.07135786e-17 -4.97846085e-17 -5.49796981e-19\n   6.21608781e-12 -9.02915075e-17  2.17013575e-16 -5.92620607e-13\n   8.60807736e-18 -2.06893306e-17  6.23946962e-13 -1.49964122e-12\n   2.17829877e-17]\n [ 2.37005033e-17 -3.30597794e-11  2.93887604e-16 -5.19296271e-17\n   2.26363802e-16 -2.15807447e-17 -1.56425537e-12  2.27215324e-17\n  -5.46106501e-17 -1.97903989e-10  3.49694288e-11 -1.52433464e-10\n   1.45324746e-11  2.18197545e-06 -3.16942047e-11  7.61762696e-11\n  -7.70777661e-17  2.82086748e-16 -1.22564138e-16 -1.93968488e-11\n   2.81748146e-16 -6.77175109e-16 -3.95241097e-17 -1.07257909e-17\n   3.42740289e-12 -4.97845988e-17  1.19656126e-16  1.32143587e-18\n  -1.49402180e-11  2.17013524e-16 -5.21586967e-16  1.42434875e-12\n  -2.06893205e-17  4.97263054e-17 -1.49964173e-12  3.60435212e-12\n  -5.23548945e-17]\n [-2.39810325e-23  3.34510184e-17 -3.49104892e-22  3.41760440e-23\n  -3.41372675e-22  7.14249780e-23  1.58277169e-18 -2.29903476e-23\n   5.52569637e-23  2.35087276e-16 -2.30141525e-17  2.29880494e-16\n  -4.80975909e-17 -2.20779779e-12  3.20692898e-17 -7.70777661e-17\n   1.30690317e-22 -4.61381142e-22  1.95730531e-22  2.42847547e-17\n  -2.31687901e-22  7.43776194e-22  2.06858442e-23  1.92317105e-23\n  -1.51535193e-18  5.19526406e-23 -7.77243368e-23  5.69300846e-23\n   2.50258083e-17 -9.22766488e-23  6.40437088e-22 -5.88380499e-18\n  -3.10934280e-23 -1.05478149e-22  1.51738199e-18 -3.64700878e-18\n   5.29744184e-23]\n [ 8.77650911e-23 -1.22422967e-16  1.24290307e-21 -2.14609264e-22\n   1.22568056e-21 -2.33225171e-22 -5.79258493e-18  8.41393291e-23\n  -2.02227841e-22 -8.36971081e-16  1.44517966e-16 -8.25373761e-16\n   1.57053846e-16  8.08002780e-12 -1.17366162e-16  2.82086748e-16\n  -4.61381142e-22  1.66232024e-21 -7.07352760e-22 -8.53642840e-17\n   8.64777483e-22 -2.65901802e-21 -8.82742797e-23 -5.81318402e-23\n   1.48321118e-17 -1.64542432e-22  4.71340719e-22 -2.01817883e-22\n  -8.93820249e-17  3.60455991e-22 -2.31531375e-21  1.87282729e-17\n   9.95961257e-23  3.35040321e-22 -5.55326477e-18  1.33472240e-17\n  -1.93874046e-22]\n [-3.81331354e-23  5.31916710e-17 -5.36164013e-22  9.61297658e-23\n  -5.24554817e-22  9.65854230e-23  2.51682549e-18 -3.65577836e-23\n   8.78661694e-23  3.61052917e-16 -6.47338243e-17  3.53235414e-16\n  -6.50406296e-17 -3.51069891e-12  5.09945340e-17 -1.22564138e-16\n   1.95730531e-22 -7.07352760e-22  3.01837909e-22  3.67677559e-17\n  -3.79610107e-22  1.15032835e-21  3.98202258e-23  2.42286438e-23\n  -6.70262125e-18  7.19342008e-23 -2.13415430e-22  8.35816698e-23\n   3.81642749e-17 -1.66510414e-22  9.98670716e-22 -7.71096321e-18\n  -3.89377213e-23 -1.39313101e-22  2.41284388e-18 -5.79924839e-18\n   8.42365225e-23]\n [-6.03488350e-18  8.41804862e-12 -8.12558263e-17  4.99679008e-18\n  -6.73625306e-17  1.09263025e-17  3.98307791e-13 -5.78560508e-18\n   1.39055615e-17  5.47176910e-11 -3.36483640e-12  4.53619540e-11\n  -7.35777482e-12 -5.55598851e-07  8.07033106e-12 -1.93968488e-11\n   2.42847547e-17 -8.53642840e-17  3.67677559e-17  5.56067654e-12\n  -6.66243188e-17  1.81375914e-16  7.72403784e-18  4.17402560e-18\n   8.38062111e-15  1.52652730e-17 -1.41235442e-17  4.18997768e-18\n   4.68315198e-12 -4.48349723e-17  1.43182542e-16 -8.75706149e-13\n   6.37553476e-19 -1.99622126e-17  3.81855132e-13 -9.17779083e-13\n   1.33311843e-17]\n [ 8.76594405e-23 -1.22276029e-16  1.03119763e-21 -2.15250917e-22\n   7.19895785e-22 -2.85499271e-23 -5.78560411e-18  8.40387124e-23\n  -2.01984777e-22 -6.94408798e-16  1.44950053e-16 -4.84778059e-16\n   1.92255141e-17  8.07032868e-12 -1.17225261e-16  2.81748146e-16\n  -2.31687901e-22  8.64777483e-22 -3.79610107e-22 -6.66243188e-17\n   1.09852619e-21 -2.44129795e-21 -1.66764064e-22 -3.09541447e-23\n   1.52652730e-17 -1.78507088e-22  4.89358747e-22  6.51844885e-23\n  -4.48349771e-17  9.33919948e-22 -1.80994994e-21  6.37555436e-19\n  -1.30322120e-22  1.27523445e-22 -5.54663285e-18  1.33311780e-17\n  -1.93641658e-22]\n [-2.10687456e-22  2.93887584e-16 -2.70354712e-21  3.06921788e-22\n  -2.12617609e-21  2.67740565e-22  1.39055651e-17 -2.01984870e-22\n   4.85465553e-22  1.82056929e-15 -2.06681168e-16  1.43176776e-15\n  -1.80296549e-16 -1.93968472e-11  2.81748199e-16 -6.77175109e-16\n   7.43776194e-22 -2.65901802e-21  1.15032835e-21  1.81375914e-16\n  -2.44129795e-21  6.15909492e-21  3.17925484e-22  1.19447977e-22\n  -1.41235462e-17  4.89358776e-22 -7.48742858e-22  3.70099998e-23\n   1.43182545e-16 -1.80994987e-21  4.76179157e-21 -1.99622121e-17\n   1.27523388e-22 -5.55247369e-22  1.33311846e-17 -3.20411536e-17\n   4.65413093e-22]\n [-1.22970260e-23  1.71530896e-17 -1.27921552e-22  5.43087071e-23\n  -7.66798840e-23 -1.02275947e-23  8.11615635e-19 -1.17891029e-23\n   2.83348041e-23  8.61424221e-17 -3.65715143e-17  5.16362524e-17\n   6.88727033e-18 -1.13211946e-12  1.64445588e-17 -3.95241097e-17\n   2.06858442e-23 -8.82742797e-23  3.98202258e-23  7.72403784e-18\n  -1.66764064e-22  3.17925484e-22  2.97854381e-23  2.93120927e-25\n  -4.69532940e-18  1.80084098e-23 -1.18594386e-22 -1.99921216e-23\n   4.08509649e-18 -1.56620303e-22  2.27343640e-22  1.26104967e-18\n   2.97831113e-23  2.31678717e-24  7.78091785e-19 -1.87012434e-18\n   2.71643815e-23]\n [-3.33706288e-24  4.65489221e-18 -5.58926781e-23 -2.34976109e-23\n  -4.61096149e-23  1.52572078e-23  2.20248389e-19 -3.19924251e-24\n   7.68924982e-24  3.76381391e-17  1.58233132e-17  3.10502369e-17\n  -1.02742122e-17 -3.07227093e-13  4.46261624e-18 -1.07257909e-17\n   1.92317105e-23 -5.81318402e-23  2.42286438e-23  4.17402560e-18\n  -3.09541447e-23  1.19447977e-22  2.93120927e-25  6.00145026e-24\n   2.74068188e-18  1.60175234e-23  4.67205228e-23  5.15195768e-24\n   3.40315971e-18 -1.58431444e-23  8.93957475e-23 -1.39606523e-18\n  -4.82907910e-24 -2.69668577e-23  2.11153052e-19 -5.07495283e-19\n   7.37169710e-24]\n [ 1.06638323e-18 -1.48745969e-12  4.99679099e-18 -2.91912373e-17\n   8.66209886e-18  4.98063868e-18 -7.03832560e-14  1.02230275e-18\n  -2.45715166e-18 -3.36483947e-12  1.96574016e-11 -5.83305639e-12\n  -3.35396874e-12  9.81737372e-08 -1.42601916e-12  3.42740289e-12\n  -1.51535193e-18  1.48321118e-17 -6.70262125e-18  8.38062111e-15\n   1.52652730e-17 -1.41235462e-17 -4.69532940e-18  2.74068188e-18\n   2.98280988e-12  6.46999651e-18  5.91474129e-17 -1.12549214e-18\n  -4.84656906e-13  9.85975592e-18 -2.01113570e-17 -5.67183597e-13\n  -2.55725894e-18 -1.00863003e-17 -6.74725577e-14  1.62176121e-13\n  -2.35559070e-18]\n [-1.54892601e-23  2.16060465e-17 -2.15250933e-22 -4.75878905e-23\n  -1.46551718e-22  2.86452246e-23  1.02230251e-18 -1.48495702e-23\n   3.56903509e-23  1.44950041e-16  3.20457405e-17  9.86879894e-17\n  -1.92897148e-17 -1.42601848e-12  2.07135786e-17 -4.97845988e-17\n   5.19526406e-23 -1.64542432e-22  7.19342008e-23  1.52652730e-17\n  -1.78507088e-22  4.89358776e-22  1.80084098e-23  1.60175234e-23\n   6.46999651e-18  6.18547806e-23  7.79478618e-23 -7.78129898e-24\n   9.85975645e-18 -1.49511768e-22  3.45920679e-22 -2.55725908e-18\n   1.17796440e-23 -6.46577862e-23  9.80086388e-19 -2.35558979e-18\n   3.42163178e-23]\n [ 3.72287588e-23 -5.19296118e-17  3.06921794e-22 -5.96967284e-22\n   3.26815413e-22  8.37651179e-23 -2.45715102e-18  3.56903679e-23\n  -8.57823316e-23 -2.06681205e-16  4.01998208e-16 -2.20077536e-16\n  -5.64075579e-17  3.42740228e-12 -4.97846085e-17  1.19656126e-16\n  -7.77243368e-23  4.71340719e-22 -2.13415430e-22 -1.41235442e-17\n   4.89358747e-22 -7.48742858e-22 -1.18594386e-22  4.67205228e-23\n   5.91474129e-17  7.79478618e-23  1.24841279e-21 -2.04278281e-23\n  -2.01113563e-17  3.45920642e-22 -7.57875615e-22 -1.00863010e-17\n  -6.46577753e-23 -1.68667702e-22 -2.35559042e-18  5.66174882e-18\n  -8.22376971e-23]\n [ 4.11043927e-25 -5.73494095e-19 -4.63911097e-23  1.15677685e-23\n  -1.27564657e-22  4.93179096e-23 -2.71268335e-20  3.94253998e-25\n  -9.47225565e-25  3.12397286e-17 -7.78974592e-18  8.59020970e-17\n  -3.32106828e-17  3.78508484e-14 -5.49796981e-19  1.32143587e-18\n   5.69300846e-23 -2.01817883e-22  8.35816698e-23  4.18997768e-18\n   6.51844885e-23  3.70099998e-23 -1.99921216e-23  5.15195768e-24\n  -1.12549214e-18 -7.78129898e-24 -2.04278281e-23  7.05234636e-23\n   1.13419249e-17  1.53138852e-22  1.22014068e-22 -4.31714054e-18\n  -5.91078263e-23 -4.58007415e-23 -2.60235646e-20  6.25159029e-20\n  -9.08297050e-25]\n [-4.64831856e-18  6.48391257e-12 -6.73625362e-17  8.66209815e-18\n  -6.66594325e-17  1.32859873e-17  3.06793638e-13 -4.45628868e-18\n   1.07106304e-17  4.53619401e-11 -5.83305932e-12  4.48884879e-11\n  -8.94678538e-12 -4.27944152e-07  6.21608781e-12 -1.49402180e-11\n   2.50258083e-17 -8.93820249e-17  3.81642749e-17  4.68315198e-12\n  -4.48349771e-17  1.43182545e-16  4.08509649e-18  3.40315971e-18\n  -4.84656906e-13  9.85975645e-18 -2.01113563e-17  1.13419249e-17\n   4.90575681e-12 -1.76269879e-17  1.24887075e-16 -1.08647964e-12\n  -5.94580594e-18 -1.91301942e-17  2.94118737e-13 -7.06911303e-13\n   1.02681916e-17]\n [ 6.75186223e-23 -9.41818203e-17  7.19895802e-22 -1.46551720e-22\n   3.62299116e-22  5.17243472e-23 -4.45628783e-18  6.47300789e-23\n  -1.55576477e-22 -4.84778142e-16  9.86879763e-17 -2.43972322e-16\n  -3.48311847e-17  6.21608505e-12 -9.02915075e-17  2.17013524e-16\n  -9.22766488e-23  3.60455991e-22 -1.66510414e-22 -4.48349723e-17\n   9.33919948e-22 -1.80994987e-21 -1.56620303e-22 -1.58431444e-23\n   9.85975592e-18 -1.49511768e-22  3.45920642e-22  1.53138852e-22\n  -1.76269879e-17  9.38804979e-22 -1.20336286e-21 -5.94580489e-18\n  -1.86948231e-22  2.79194185e-23 -4.27224880e-18  1.02681856e-17\n  -1.49150571e-22]\n [-1.62279969e-22  2.26363797e-16 -2.12617624e-21  3.26815415e-22\n  -1.80387610e-21  2.52453710e-22  1.07106322e-17 -1.55576559e-22\n   3.73924991e-22  1.43176753e-15 -2.20077602e-16  1.21473083e-15\n  -1.70002354e-16 -1.49402164e-11  2.17013575e-16 -5.21586967e-16\n   6.40437088e-22 -2.31531375e-21  9.98670716e-22  1.43182542e-16\n  -1.80994994e-21  4.76179157e-21  2.27343640e-22  8.93957475e-23\n  -2.01113570e-17  3.45920679e-22 -7.57875615e-22  1.22014068e-22\n   1.24887075e-16 -1.20336286e-21  3.83109559e-21 -1.91301937e-17\n   2.79193782e-23 -4.51520793e-22  1.02681901e-17 -2.46793860e-17\n   3.58479352e-22]\n [ 4.43153190e-19 -6.18153823e-13  1.09263025e-17  4.98063891e-18\n   1.32859865e-17 -5.32308411e-18 -2.92484475e-14  4.24843845e-19\n  -1.02110744e-18 -7.35777132e-12 -3.35396666e-12 -8.94678980e-12\n   3.58456677e-12  4.07987217e-08 -5.92620607e-13  1.42434875e-12\n  -5.88380499e-18  1.87282729e-17 -7.71096321e-18 -8.75706149e-13\n   6.37555436e-19 -1.99622121e-17  1.26104967e-18 -1.39606523e-18\n  -5.67183597e-13 -2.55725908e-18 -1.00863010e-17 -4.31714054e-18\n  -1.08647964e-12 -5.94580489e-18 -1.91301937e-17  4.85020256e-13\n   3.99204528e-18  7.35302555e-18 -2.80400005e-14  6.73936501e-14\n  -9.78932966e-19]\n [-6.43695447e-24  8.97897133e-18 -2.85499068e-23  2.86452245e-23\n   5.17243592e-23 -4.29805696e-23  4.24843809e-19 -6.17120226e-24\n   1.48320967e-23  1.92255629e-17 -1.92897103e-17 -3.48312160e-17\n   2.89431241e-17 -5.92620052e-13  8.60807736e-18 -2.06893205e-17\n  -3.10934280e-23  9.95961257e-23 -3.89377213e-23  6.37553476e-19\n  -1.30322120e-22  1.27523388e-22  2.97831113e-23 -4.82907910e-24\n  -2.55725894e-18  1.17796440e-23 -6.46577753e-23 -5.91078263e-23\n  -5.94580594e-18 -1.86948231e-22  2.79193782e-23  3.99204528e-18\n   5.78202234e-23  3.92591544e-23  4.07306718e-19 -9.78931944e-19\n   1.42195477e-23]\n [ 1.54711490e-23 -2.15807464e-17  2.67740577e-22  8.37651138e-23\n   2.52453702e-22 -8.17314502e-23 -1.02110770e-18  1.48321090e-23\n  -3.56485365e-23 -1.80296534e-16 -5.64075093e-17 -1.70002440e-16\n   5.50379937e-17  1.42434889e-12 -2.06893306e-17  4.97263054e-17\n  -1.05478149e-22  3.35040321e-22 -1.39313101e-22 -1.99622126e-17\n   1.27523445e-22 -5.55247369e-22  2.31678717e-24 -2.69668577e-23\n  -1.00863003e-17 -6.46577862e-23 -1.68667702e-22 -4.58007415e-23\n  -1.91301942e-17  2.79194185e-23 -4.51520793e-22  7.35302555e-18\n   3.92591544e-23  1.30713404e-22 -9.78932297e-19  2.35282762e-18\n  -3.41762049e-23]\n [-4.66579211e-19  6.50830306e-13 -5.78560485e-18  1.02230239e-18\n  -4.45628780e-18  4.24843766e-19  3.07946641e-14 -4.47306733e-19\n   1.07509084e-18  3.89602781e-12 -6.88418784e-13  3.00086577e-12\n  -2.86089814e-13 -4.29553909e-08  6.23946962e-13 -1.49964173e-12\n   1.51738199e-18 -5.55326477e-18  2.41284388e-18  3.81855132e-13\n  -5.54663285e-18  1.33311846e-17  7.78091785e-19  2.11153052e-19\n  -6.74725577e-14  9.80086388e-19 -2.35559042e-18 -2.60235646e-20\n   2.94118737e-13 -4.27224880e-18  1.02681901e-17 -2.80400005e-14\n   4.07306718e-19 -9.78932297e-19  2.95226497e-14 -7.09569644e-14\n   1.03068298e-18]\n [ 1.12141169e-18 -1.56425468e-12  1.39055596e-17 -2.45715054e-18\n   1.07106268e-17 -1.02110688e-18 -7.40142197e-14  1.07509076e-18\n  -2.58395447e-18 -9.36400745e-12  1.65464602e-12 -7.21253988e-12\n   6.87613428e-13  1.03242228e-07 -1.49964122e-12  3.60435212e-12\n  -3.64700878e-18  1.33472240e-17 -5.79924839e-18 -9.17779083e-13\n   1.33311780e-17 -3.20411536e-17 -1.87012434e-18 -5.07495283e-19\n   1.62176121e-13 -2.35558979e-18  5.66174882e-18  6.25159029e-20\n  -7.06911303e-13  1.02681856e-17 -2.46793860e-17  6.73936501e-14\n  -9.78931944e-19  2.35282762e-18 -7.09569644e-14  1.70543323e-13\n  -2.47722126e-18]\n [-1.62890275e-23  2.27215283e-17 -2.01984857e-22  3.56903616e-23\n  -1.55576551e-22  1.48321153e-23  1.07509104e-18 -1.56161944e-23\n   3.75331431e-23  1.36016655e-16 -2.40339019e-17  1.04765304e-16\n  -9.98794718e-18 -1.49964149e-12  2.17829877e-17 -5.23548945e-17\n   5.29744184e-23 -1.93874046e-22  8.42365225e-23  1.33311843e-17\n  -1.93641658e-22  4.65413093e-22  2.71643815e-23  7.37169710e-24\n  -2.35559070e-18  3.42163178e-23 -8.22376971e-23 -9.08297050e-25\n   1.02681916e-17 -1.49150571e-22  3.58479352e-22 -9.78932966e-19\n   1.42195477e-23 -3.41762049e-23  1.03068298e-18 -2.47722126e-18\n   3.59827935e-23]]', 'hess_sum': '[[-2.21840592e-23  3.09445695e-17  2.81305341e-24  3.39313281e-25\n   9.04774679e-25  5.50128208e-24  1.46417071e-18 -2.12676456e-23\n   5.11163806e-23 -1.89430129e-18 -2.28488857e-19 -6.09285382e-19\n  -3.70457305e-18 -2.04237061e-12  2.96663553e-17 -7.13023640e-17\n  -1.87234518e-25 -3.07950107e-24 -4.73573769e-24 -1.85662847e-19\n   2.69685433e-24 -6.48180633e-24  2.85926855e-24 -3.76038902e-24\n  -2.23989369e-20  3.25098997e-25 -7.81761823e-25  9.55552027e-24\n  -5.97170543e-20  8.67565349e-25 -2.08490288e-24 -3.63088730e-19\n   5.27415996e-24 -1.26761154e-23  1.40368768e-18 -3.37372943e-18\n   4.90050740e-23]\n [ 3.09445695e-17 -4.31646127e-11 -3.92375297e-18 -4.73131372e-19\n  -1.26220276e-18 -7.67382637e-18 -2.04236892e-12  2.96663499e-17\n  -7.13023458e-17  2.64222161e-12  3.18604357e-13  8.49972670e-13\n   5.16756520e-12  2.84890456e-06 -4.13816379e-11  9.94598539e-11\n   2.61191356e-19  4.29547713e-18  6.60571583e-18  2.58967798e-13\n  -3.76170490e-18  9.04104674e-18 -3.98836766e-18  5.24544006e-18\n   3.12273470e-14 -4.53575404e-19  1.09018570e-18 -1.33290230e-17\n   8.33068370e-14 -1.21004881e-18  2.90837268e-18  5.06479640e-13\n  -7.35684819e-18  1.76820180e-17 -1.95800373e-12  4.70602280e-12\n  -6.83571493e-17]\n [ 2.81305341e-24 -3.92375297e-18 -7.11046851e-22 -1.30151492e-22\n  -6.09650156e-23 -9.43575182e-23 -1.85660404e-19  2.69684043e-24\n  -6.48187807e-24  4.78819261e-16  8.76440894e-17  4.10538722e-17\n   6.35403611e-17  2.58968182e-13 -3.76167654e-18  9.04104445e-18\n   5.32560687e-23 -2.95605528e-22  3.21001498e-22  5.01773225e-17\n  -4.60793932e-22  1.51810144e-21  5.71963880e-24  6.23009554e-23\n   1.22020965e-17  1.03847781e-22  1.80141461e-22 -4.15004546e-23\n   4.58258223e-18 -8.49478013e-23  1.69938628e-22  6.04146911e-18\n  -5.33826913e-23  1.82297630e-22 -1.77996426e-19  4.27808669e-19\n  -6.21404306e-24]\n [ 3.39313281e-25 -4.73131372e-19 -1.30151492e-22 -3.45422961e-22\n   1.46660215e-22 -7.19840135e-23 -2.23992983e-20  3.25094534e-25\n  -7.81770382e-25  8.76441107e-17  2.32608067e-16 -9.87611003e-17\n   4.84741069e-17  3.12275084e-14 -4.53585798e-19  1.09020330e-18\n  -6.92800482e-23  1.29899187e-22  1.04233380e-23  1.22020971e-17\n   1.03847771e-22  1.80141444e-22  1.42439490e-24  9.06919688e-23\n   3.12994208e-17  1.88664238e-22  5.25099857e-22 -3.00725412e-23\n  -1.10742639e-17 -6.42796953e-23 -1.97075238e-22  3.73057895e-18\n  -4.31575347e-23  1.29354077e-22 -2.14546806e-20  5.16049077e-20\n  -7.49176157e-25]\n [ 9.04774679e-25 -1.26220276e-18 -6.09650156e-23  1.46660215e-22\n  -6.89102022e-22  2.02610830e-22 -5.97150621e-20  8.67559923e-25\n  -2.08488335e-24  4.10538125e-17 -9.87610966e-17  4.64041652e-16\n  -1.36438215e-16  8.33068698e-14 -1.21004594e-18  2.90833404e-18\n   1.41629773e-22 -2.58022051e-22 -1.07897890e-22  4.58258155e-18\n  -8.49478095e-23  1.69938603e-22 -5.02378219e-23 -2.26063192e-23\n  -1.10742636e-17 -6.42796977e-23 -1.97075225e-22 -1.46809613e-22\n   5.29637491e-17 -1.27640547e-22  1.28583295e-21 -1.38834715e-17\n   2.27315884e-22 -5.06631734e-22 -5.72621431e-20  1.37601024e-19\n  -1.99892597e-24]\n [ 5.50128208e-24 -7.67382637e-18 -9.43575182e-23 -7.19840135e-23\n   2.02610830e-22 -4.45267811e-22 -3.63088398e-19  5.27415858e-24\n  -1.26761340e-23  6.35403350e-17  4.84741123e-17 -1.36438216e-16\n   2.99843618e-16  5.06479508e-13 -7.35685302e-18  1.76820170e-17\n   1.99954900e-23 -1.25560958e-22 -1.91779528e-23  6.04146818e-18\n  -5.33826972e-23  1.82297579e-22 -1.68513962e-23  1.53792556e-22\n   3.73057918e-18 -4.31575416e-23  1.29354056e-22 -1.89591995e-23\n  -1.38834707e-17  2.27315897e-22 -5.06631733e-22  3.54673484e-17\n  -2.79991983e-23  8.06863561e-22 -3.48099754e-19  8.36631871e-19\n  -1.21526262e-23]\n [ 1.46417071e-18 -2.04236892e-12 -1.85660404e-19 -2.23992983e-20\n  -5.97150621e-20 -3.63088398e-19 -9.66368646e-14  1.40368519e-18\n  -3.37374036e-18  1.25025114e-13  1.50838194e-14  4.02110345e-14\n   2.44504583e-13  1.34798340e-07 -1.95800143e-12  4.70603084e-12\n   1.23580669e-20  2.03252078e-19  3.12564472e-19  1.22542124e-14\n  -1.77996026e-19  4.27807379e-19 -1.88714263e-19  2.48188238e-19\n   1.47875590e-15 -2.14543507e-20  5.16040355e-20 -6.30672448e-19\n   3.94102303e-15 -5.72626405e-20  1.37601160e-19  2.39640027e-14\n  -3.48100386e-19  8.36632825e-19 -9.26442757e-14  2.22669797e-13\n  -3.23437531e-18]\n [-2.12676456e-23  2.96663499e-17  2.69684043e-24  3.25094534e-25\n   8.67559923e-25  5.27415858e-24  1.40368519e-18 -2.03892391e-23\n   4.90049724e-23 -1.81604260e-18 -2.18916895e-19 -5.84217468e-19\n  -3.55162241e-18 -1.95800173e-12  2.84409506e-17 -6.83571728e-17\n  -1.79561612e-25 -2.95210125e-24 -4.54000458e-24 -1.77995966e-19\n   2.58536160e-24 -6.21402972e-24  2.74112866e-24 -3.60512704e-24\n  -2.14561338e-20  3.11810401e-25 -7.49175639e-25  9.16086556e-24\n  -5.72634573e-20  8.31579288e-25 -1.99887839e-24 -3.48100365e-19\n   5.05616717e-24 -1.21526008e-23  1.34571179e-18 -3.23436911e-18\n   4.69807629e-23]\n [ 5.11163806e-23 -7.13023458e-17 -6.48187807e-24 -7.81770382e-25\n  -2.08488335e-24 -1.26761340e-23 -3.37374036e-18  4.90049724e-23\n  -1.17782405e-22  4.36487505e-18  5.26439170e-19  1.40395151e-18\n   8.53611823e-18  4.70601559e-12 -6.83571621e-17  1.64294653e-16\n   4.31480721e-25  7.09565932e-24  1.09120300e-23  4.27809398e-19\n  -6.21406443e-24  1.49353880e-23 -6.58827730e-24  8.66473965e-24\n   5.16033404e-20 -7.49173915e-25  1.80123056e-24 -2.20178513e-23\n   1.37599746e-19 -1.99894664e-24  4.80412369e-24  8.36633821e-19\n  -1.21526352e-23  2.92082753e-23 -3.23437519e-18  7.77373482e-18\n  -1.12917192e-22]\n [-1.89430129e-18  2.64222161e-12  4.78819261e-16  8.76441107e-17\n   4.10538125e-17  6.35403350e-17  1.25025114e-13 -1.81604260e-18\n   4.36487505e-18 -3.22437033e-10 -5.90195940e-11 -2.76456435e-11\n  -4.27880646e-11 -1.74388614e-07  2.53309063e-12 -6.08822873e-12\n  -3.58625562e-17  1.99060751e-16 -2.16162503e-16 -3.37894315e-11\n   3.10298770e-16 -1.02229003e-15 -3.85159491e-18 -4.19534765e-17\n  -8.21690077e-12 -6.99312043e-17 -1.21307350e-16  2.79464169e-17\n  -3.08590704e-12  5.72039952e-17 -1.14436739e-16 -4.06832417e-12\n   3.59479271e-17 -1.22759179e-16  1.19860955e-13 -2.88082165e-13\n   4.18452042e-18]\n [-2.28488857e-19  3.18604357e-13  8.76440894e-17  2.32608067e-16\n  -9.87610966e-17  4.84741123e-17  1.50838194e-14 -2.18916895e-19\n   5.26439170e-19 -5.90195940e-11 -1.56638420e-10  6.65057899e-11\n  -3.26425186e-11 -2.10282479e-08  3.05440270e-13 -7.34128530e-13\n   4.66532622e-17 -8.74742116e-17 -7.01904522e-18 -8.21689906e-12\n  -6.99311709e-17 -1.21307340e-16 -9.59196772e-19 -6.10720645e-17\n  -2.10770486e-11 -1.27046640e-16 -3.53602557e-16  2.02508813e-17\n   7.45741735e-12  4.32860323e-17  1.32710600e-16 -2.51217778e-12\n   2.90622738e-17 -8.71071430e-17  1.44471595e-14 -3.47499658e-14\n   5.04495205e-19]\n [-6.09285382e-19  8.49972670e-13  4.10538722e-17 -9.87611003e-17\n   4.64041652e-16 -1.36438216e-16  4.02110345e-14 -5.84217468e-19\n   1.40395151e-18 -2.76456435e-11  6.65057899e-11 -3.12485911e-10\n   9.18775454e-11 -5.60984449e-08  8.14845622e-13 -1.95845268e-12\n  -9.53735822e-17  1.73752244e-16  7.26584618e-17 -3.08591051e-12\n   5.72039410e-17 -1.14436757e-16  3.38301954e-17  1.52231247e-17\n   7.45741631e-12  4.32860305e-17  1.32710587e-16  9.88616534e-17\n  -3.56658210e-11  8.59531252e-17 -8.65880522e-16  9.34913487e-12\n  -1.53074606e-16  3.41166031e-16  3.85591147e-14 -9.26623103e-14\n   1.34610367e-18]\n [-3.70457305e-18  5.16756520e-12  6.35403611e-17  4.84741069e-17\n  -1.36438215e-16  2.99843618e-16  2.44504583e-13 -3.55162241e-18\n   8.53611823e-18 -4.27880646e-11 -3.26425186e-11  9.18775454e-11\n  -2.01914835e-10 -3.41063259e-07  4.95410411e-12 -1.19070971e-11\n  -1.34649364e-17  8.45527865e-17  1.29144924e-17 -4.06832513e-12\n   3.59478803e-17 -1.22759167e-16  1.13477437e-17 -1.03563994e-16\n  -2.51217724e-12  2.90622887e-17 -8.71071302e-17  1.27671305e-17\n   9.34913445e-12 -1.53074623e-16  3.41166028e-16 -2.38837300e-11\n   1.88547040e-17 -5.43342320e-16  2.34410802e-13 -5.63389784e-13\n   8.18360667e-18]\n [-2.04237061e-12  2.84890456e-06  2.58968182e-13  3.12275084e-14\n   8.33068698e-14  5.06479508e-13  1.34798340e-07 -1.95800173e-12\n   4.70601559e-12 -1.74388614e-07 -2.10282479e-08 -5.60984449e-08\n  -3.41063259e-07 -1.88030524e-01  2.73122226e-06 -6.56442788e-06\n  -1.72389703e-14 -2.83506141e-13 -4.35982978e-13 -1.70923874e-08\n   2.48274344e-13 -5.96720106e-13  2.63235737e-13 -3.46203625e-13\n  -2.06099630e-09  2.99367189e-14 -7.19534424e-14  8.79726452e-13\n  -5.49823491e-09  7.98658468e-14 -1.91955282e-13 -3.34281075e-08\n   4.85558475e-13 -1.16702872e-12  1.29230089e-07 -3.10601447e-07\n   4.51162957e-12]\n [ 2.96663553e-17 -4.13816379e-11 -3.76167654e-18 -4.53585798e-19\n  -1.21004594e-18 -7.35685302e-18 -1.95800143e-12  2.84409506e-17\n  -6.83571621e-17  2.53309063e-12  3.05440270e-13  8.14845622e-13\n   4.95410411e-12  2.73122226e-06 -3.96723175e-11  9.53514113e-11\n   2.50395355e-19  4.11806218e-18  6.33284594e-18  2.48274610e-13\n  -3.60627334e-18  8.66761713e-18 -3.82360537e-18  5.02876175e-18\n   2.99372608e-14 -4.34851733e-19  1.04516342e-18 -1.27784363e-17\n   7.98639015e-14 -1.16009943e-18  2.78821404e-18  4.85558529e-13\n  -7.05296329e-18  1.69516263e-17 -1.87713150e-12  4.51163753e-12\n  -6.55335560e-17]\n [-7.13023640e-17  9.94598539e-11  9.04104445e-18  1.09020330e-18\n   2.90833404e-18  1.76820170e-17  4.70603084e-12 -6.83571728e-17\n   1.64294653e-16 -6.08822873e-12 -7.34128530e-13 -1.95845268e-12\n  -1.19070971e-11 -6.56442788e-06  9.53514113e-11 -2.29175135e-10\n  -6.01829537e-19 -9.89767576e-18 -1.52208580e-17 -5.96714868e-13\n   8.66762248e-18 -2.08323430e-17  9.18995886e-18 -1.20865114e-17\n  -7.19527826e-14  1.04515320e-18 -2.51199468e-18  3.07126420e-17\n  -1.91953673e-13  2.78820855e-18 -6.70137223e-18 -1.16702987e-12\n   1.69516499e-17 -4.07428757e-17  4.51162948e-12 -1.08436059e-11\n   1.57508348e-16]\n [-1.87234518e-25  2.61191356e-19  5.32560687e-23 -6.92800482e-23\n   1.41629773e-22  1.99954900e-23  1.23580669e-20 -1.79561612e-25\n   4.31480721e-25 -3.58625562e-17  4.66532622e-17 -9.53735822e-17\n  -1.34649364e-17 -1.72389703e-14  2.50395355e-19 -6.01829537e-19\n  -1.87706995e-22  2.11736477e-22 -5.67343218e-23 -3.36784779e-18\n   1.01679717e-22 -1.62251154e-22  2.10628456e-23  1.19688694e-23\n   5.57115038e-18  1.16136690e-22  2.97658338e-23  2.15781937e-23\n  -1.21688079e-17 -1.12889608e-22 -1.75116835e-22 -8.79375272e-19\n   2.47318215e-23 -4.35696943e-23  1.18518607e-20 -2.84784619e-20\n   4.13669352e-25]\n [-3.07950107e-24  4.29547713e-18 -2.95605528e-22  1.29899187e-22\n  -2.58022051e-22 -1.25560958e-22  2.03252078e-19 -2.95210125e-24\n   7.09565932e-24  1.99060751e-16 -8.74742116e-17  1.73752244e-16\n   8.45527865e-17 -2.83506141e-13  4.11806218e-18 -9.89767576e-18\n   2.11736477e-22 -5.37791640e-22  1.13414703e-22  1.88277264e-17\n  -3.40673675e-22  7.16674486e-22 -2.44420543e-23  3.58909700e-23\n  -1.11190940e-17 -1.04363230e-22 -1.58003146e-22  1.87846928e-23\n   2.18224650e-17  2.26423163e-22  2.95953976e-22  9.67265001e-18\n   7.55896882e-24  2.10994017e-22  1.94839313e-19 -4.68321480e-19\n   6.80239405e-24]\n [-4.73573769e-24  6.60571583e-18  3.21001498e-22  1.04233380e-23\n  -1.07897890e-22 -1.91779528e-23  3.12564472e-19 -4.54000458e-24\n   1.09120300e-23 -2.16162503e-16 -7.01904522e-18  7.26584618e-17\n   1.29144924e-17 -4.35982978e-13  6.33284594e-18 -1.52208580e-17\n  -5.67343218e-23  1.13414703e-22 -4.86834690e-22 -2.09153872e-17\n   3.26209415e-22 -7.49608652e-22 -9.07338082e-24  6.42136183e-23\n  -9.20541629e-20  3.66756976e-23 -3.59444926e-23 -1.09019935e-22\n   8.36138427e-18  9.46619753e-24  1.80459462e-22  4.24860433e-18\n   2.98456724e-22 -1.58151894e-22  2.99642418e-19 -7.20204129e-19\n   1.04611892e-23]\n [-1.85662847e-19  2.58967798e-13  5.01773225e-17  1.22020971e-17\n   4.58258155e-18  6.04146818e-18  1.22542124e-14 -1.77995966e-19\n   4.27809398e-19 -3.37894315e-11 -8.21689906e-12 -3.08591051e-12\n  -4.06832513e-12 -1.70923874e-08  2.48274610e-13 -5.96714868e-13\n  -3.36784779e-18  1.88277264e-17 -2.09153872e-17 -3.62354354e-12\n   2.78354512e-17 -1.04781030e-16  1.29544263e-19 -5.02399111e-18\n  -1.15686362e-12 -9.49961780e-18 -1.72511790e-17  2.97427978e-18\n  -3.76717827e-13  5.93371717e-18 -1.28806815e-17 -3.67425083e-13\n   3.01011616e-18 -1.09473506e-17  1.17477218e-14 -2.82356834e-14\n   4.10130657e-19]\n [ 2.69685433e-24 -3.76170490e-18 -4.60793932e-22  1.03847771e-22\n  -8.49478095e-23 -5.33826972e-23 -1.77996026e-19  2.58536160e-24\n  -6.21406443e-24  3.10298770e-16 -6.99311709e-17  5.72039410e-17\n   3.59478803e-17  2.48274344e-13 -3.60627334e-18  8.66762248e-18\n   1.01679717e-22 -3.40673675e-22  3.26209415e-22  2.78354512e-17\n  -6.56829333e-22  1.19113376e-21  4.81389549e-23 -3.14353967e-23\n  -9.49961713e-18 -1.12859364e-22 -1.13043977e-22 -2.02442149e-24\n   5.93371696e-18 -2.02069972e-23  1.53453675e-22  3.01011658e-18\n  -1.17356715e-22  1.67629997e-22 -1.70638446e-19  4.10136461e-19\n  -5.95735268e-24]\n [-6.48180633e-24  9.04104674e-18  1.51810144e-21  1.80141444e-22\n   1.69938603e-22  1.82297579e-22  4.27807379e-19 -6.21402972e-24\n   1.49353880e-23 -1.02229003e-15 -1.21307340e-16 -1.14436757e-16\n  -1.22759167e-16 -5.96720106e-13  8.66761713e-18 -2.08323430e-17\n  -1.62251154e-22  7.16674486e-22 -7.49608652e-22 -1.04781030e-16\n   1.19113376e-21 -3.37048800e-21 -3.84487908e-23 -8.58020665e-23\n  -1.72511782e-17 -1.13043968e-22 -2.85534510e-22  6.94516503e-23\n  -1.28806813e-17  1.53453638e-22 -4.11924515e-22 -1.09473532e-17\n   1.67629987e-22 -3.90178378e-22  4.10132352e-19 -9.85750130e-19\n   1.43183531e-23]\n [ 2.85926855e-24 -3.98836766e-18  5.71963880e-24  1.42439490e-24\n  -5.02378219e-23 -1.68513962e-23 -1.88714263e-19  2.74112866e-24\n  -6.58827730e-24 -3.85159491e-18 -9.59196772e-19  3.38301954e-17\n   1.13477437e-17  2.63235737e-13 -3.82360537e-18  9.18995886e-18\n   2.10628456e-23 -2.44420543e-23 -9.07338082e-24  1.29544263e-19\n   4.81389549e-23 -3.84487908e-23 -5.96350632e-23  1.31617536e-24\n  -1.85042098e-19  2.73781051e-26 -2.52364340e-24  6.37224261e-24\n   4.45579945e-18  4.02115785e-23  6.32340362e-23  1.30798433e-18\n   4.56155533e-24  2.50516698e-23 -1.80917246e-19  4.34832194e-19\n  -6.31612550e-24]\n [-3.76038902e-24  5.24544006e-18  6.23009554e-23  9.06919688e-23\n  -2.26063192e-23  1.53792556e-22  2.48188238e-19 -3.60512704e-24\n   8.66473965e-24 -4.19534765e-17 -6.10720645e-17  1.52231247e-17\n  -1.03563994e-16 -3.46203625e-13  5.02876175e-18 -1.20865114e-17\n   1.19688694e-23  3.58909700e-23  6.42136183e-23 -5.02399111e-18\n  -3.14353967e-23 -8.58020665e-23  1.31617536e-24 -1.20664150e-22\n  -7.30731493e-18 -4.16308407e-23 -1.28074026e-22  5.87057444e-23\n   1.49476016e-18 -2.62406147e-23  5.57618379e-23 -1.19609102e-17\n  -3.69506806e-23 -2.37750977e-22  2.37942076e-19 -5.71878476e-19\n   8.30689079e-24]\n [-2.23989369e-20  3.12273470e-14  1.22020965e-17  3.12994208e-17\n  -1.10742636e-17  3.73057918e-18  1.47875590e-15 -2.14561338e-20\n   5.16033404e-20 -8.21690077e-12 -2.10770486e-11  7.45741631e-12\n  -2.51217724e-12 -2.06099630e-09  2.99372608e-14 -7.19527826e-14\n   5.57115038e-18 -1.11190940e-17 -9.20541629e-20 -1.15686362e-12\n  -9.49961713e-18 -1.72511782e-17 -1.85042098e-19 -7.30731493e-18\n  -2.90208603e-12 -1.85340193e-17 -4.74059659e-17  2.22830578e-18\n   8.32749076e-13  6.74083574e-18  1.33381463e-17 -1.17676766e-13\n   2.52188921e-18 -5.79402883e-18  1.41577682e-15 -3.40675901e-15\n   4.94443114e-20]\n [ 3.25098997e-25 -4.53575404e-19  1.03847781e-22  1.88664238e-22\n  -6.42796977e-23 -