{'theta_hat': '[ 2.36392244e-12 -3.29749695e-06  3.63535453e-11 -9.62304466e-12\n  8.22826940e-11  2.20832339e-11 -1.56018770e-07  2.26630685e-12\n -5.44700053e-12 -2.44804812e-05  6.48015482e-06 -5.54092162e-05\n -1.48708701e-05  2.17637623e-01 -3.16128827e-06  7.59808090e-06\n -1.82357033e-11  4.83602665e-11 -2.09888849e-11 -2.48365301e-06\n  1.65374243e-11 -8.91737113e-11 -9.25792921e-12 -6.23274807e-12\n  1.27658172e-06 -2.21891773e-11 -1.86371405e-11  1.38643415e-11\n -8.33200328e-06  1.36727004e-11 -9.05589268e-11 -3.10555537e-06\n  1.55272181e-11  2.07306699e-12 -1.49577680e-07  3.59504536e-07\n -5.22205340e-12]', 'theta_bar': '[-2.31786390e-12  1.56082840e-06 -8.03886287e-11 -2.31305251e-11\n -4.13108233e-11  6.94913518e-11 -3.23978839e-06  4.47898228e-11\n  1.49358661e-10  5.41337306e-05  1.55761205e-05  2.78187151e-05\n -4.67955225e-05  2.18167764e+00 -3.01615053e-05 -1.00578199e-04\n  2.19409582e-11 -8.39307544e-11  2.21874164e-11  6.19738821e-06\n -1.61707827e-11  1.36220891e-10  9.05767268e-12 -2.68327968e-12\n  3.14052993e-06  7.69003129e-12  3.03455709e-11  3.52527567e-11\n  1.96370338e-06  2.24213685e-12  1.14738978e-10 -7.59748646e-06\n  1.78846033e-11 -6.56373450e-11 -6.42530970e-06 -1.16190318e-05\n  1.01445960e-11]', 'grad_op_sum': '[[ 7.37386929e-24 -1.02857939e-17  9.14364020e-23 -1.61566037e-23\n   7.04278738e-23 -6.71465326e-24 -4.86682266e-19  7.06928492e-24\n  -1.69908542e-23 -6.15732969e-17  1.08798625e-17 -4.74261550e-17\n   4.52164785e-18  6.78871733e-13 -9.86092657e-18  2.37005033e-17\n  -2.39810506e-23  8.77650796e-23 -3.81331064e-23 -6.03488477e-18\n   8.76594647e-23 -2.10687418e-22 -1.22969449e-23 -3.33711256e-24\n   1.06634104e-18 -1.54892801e-23  3.72284206e-23  4.10934393e-25\n  -4.64829622e-18  6.75185529e-23 -1.62279930e-22  4.43188380e-19\n  -6.43697534e-24  1.54713797e-23 -4.66579211e-19  1.12141169e-18\n  -1.62890275e-23]\n [-1.02857939e-17  1.43476311e-11 -1.27544434e-16  2.25369729e-17\n  -9.82397487e-17  9.36582409e-18  6.78872013e-13 -9.86092985e-18\n   2.37005048e-17  8.58884550e-11 -1.51764053e-11  6.61546813e-11\n  -6.30694642e-12 -9.46956675e-07  1.37549846e-11 -3.30597794e-11\n   3.34510168e-17 -1.22422968e-16  5.31916734e-17  8.41804835e-12\n  -1.22276027e-16  2.93887586e-16  1.71530921e-17  4.65488894e-18\n  -1.48746129e-12  2.16060439e-17 -5.19296293e-17 -5.73497715e-19\n   6.48391364e-12 -9.41818177e-17  2.26363807e-16 -6.18152138e-13\n   8.97897200e-18 -2.15807321e-17  6.50830306e-13 -1.56425468e-12\n   2.27215283e-17]\n [ 9.14364020e-23 -1.27544434e-16  1.23725016e-21 -1.43019670e-22\n   9.49340614e-22 -1.46464232e-22 -6.03488722e-18  8.76595102e-23\n  -2.10687453e-22 -8.33164555e-16  9.63094641e-17 -6.39286324e-16\n   9.86290460e-17  8.41804888e-12 -1.22276061e-16  2.93887604e-16\n  -3.49975588e-22  1.23981729e-21 -5.23888817e-22 -8.57434815e-17\n   1.04184972e-21 -2.71601367e-21 -1.29012275e-22 -6.17431415e-23\n   7.21788033e-18 -1.99044288e-22  3.51535552e-22 -5.00643682e-23\n  -6.34109415e-17  7.02442852e-22 -2.12652674e-21  1.16957518e-17\n  -4.55408993e-23  2.41011956e-22 -5.78560767e-18  1.39055549e-17\n  -2.01984869e-22]\n [-1.61566037e-23  2.25369729e-17 -1.43019670e-22  6.90311142e-22\n  -3.27604722e-22 -3.43146465e-22  1.06634288e-18 -1.54892842e-23\n   3.72284376e-23  9.63094805e-17 -4.64855853e-16  2.20609199e-16\n   2.31075054e-16 -1.48746030e-12  2.16060541e-17 -5.19296230e-17\n   1.09357342e-23 -2.20459294e-22  1.16391729e-22  7.21787980e-18\n  -1.99044273e-22  3.51535544e-22  1.38710332e-22 -6.51952375e-23\n  -7.67858571e-17 -6.93986817e-23 -9.75403113e-22 -1.29776921e-22\n   3.14372080e-17 -1.98615857e-22  3.76563207e-22  4.12114499e-17\n   1.89262122e-23  3.32850637e-22  1.02230434e-18 -2.45711158e-18\n   3.56904361e-23]\n [ 7.04278738e-23 -9.82397487e-17  9.49340614e-22 -3.27604722e-22\n   1.38806982e-21  9.87310378e-23 -4.64830067e-18  6.75185840e-23\n  -1.62279963e-22 -6.39286095e-16  2.20609142e-16 -9.34726926e-16\n  -6.64856435e-17  6.48391225e-12 -9.41818353e-17  2.26363815e-16\n  -3.38530003e-22  1.23834850e-21 -5.41723450e-22 -6.34109357e-17\n   7.02442836e-22 -2.12652659e-21 -1.68811561e-22 -4.89941139e-23\n   3.14372082e-17 -1.98615855e-22  3.76563205e-22  1.05052210e-22\n  -1.23310547e-16  4.47206282e-22 -2.05463444e-21 -1.92140581e-17\n   1.15644010e-22  1.39098095e-22 -4.45628028e-18  1.07106237e-17\n  -1.55576531e-22]\n [-6.71465326e-24  9.36582409e-18 -1.46464232e-22 -3.43146465e-22\n   9.87310378e-23  3.41797521e-22  4.43187359e-19 -6.43697603e-24\n   1.54713824e-23  9.86290115e-17  2.31074961e-16 -6.64856153e-17\n  -2.30166640e-16 -6.18153777e-13  8.97897291e-18 -2.15807414e-17\n   8.37692885e-23 -2.21855465e-22  7.79217437e-23  1.16957514e-17\n  -4.55409186e-23  2.41011947e-22 -9.30493721e-23  4.21343838e-23\n   4.12114490e-17  1.89262119e-23  3.32850638e-22  2.02262143e-22\n  -1.92140592e-17  1.15643999e-22  1.39098099e-22 -3.95816108e-17\n  -6.48175543e-24 -2.80072181e-22  4.24846470e-19 -1.02113354e-18\n   1.48320859e-23]\n [-4.86682266e-19  6.78872013e-13 -6.03488722e-18  1.06634288e-18\n  -4.64830067e-18  4.43187359e-19  3.21214845e-14 -4.66579413e-19\n   1.12141226e-18  4.06389462e-12 -7.18075666e-13  3.13016731e-12\n  -2.98442390e-13 -4.48061690e-08  6.50830372e-13 -1.56425537e-12\n   1.58277366e-18 -5.79258353e-18  2.51682225e-18  3.98307937e-13\n  -5.78560678e-18  1.39055605e-17  8.11606293e-19  2.20254139e-19\n  -7.03784172e-14  1.02230420e-18 -2.45711217e-18 -2.71149434e-20\n   3.06791154e-13 -4.45628014e-18  1.07106283e-17 -2.92525130e-14\n   4.24846745e-19 -1.02113426e-18  3.07946641e-14 -7.40142197e-14\n   1.07509104e-18]\n [ 7.06928492e-24 -9.86092985e-18  8.76595102e-23 -1.54892842e-23\n   6.75185840e-23 -6.43697603e-24 -4.66579413e-19  6.77728168e-24\n  -1.62890315e-23 -5.90299370e-17  1.04304893e-17 -4.54670382e-17\n   4.33465998e-18  6.50830320e-13 -9.45361204e-18  2.27215324e-17\n  -2.29903260e-23  8.41393317e-23 -3.65577897e-23 -5.78560783e-18\n   8.40387107e-23 -2.01984882e-22 -1.17890936e-23 -3.19922576e-24\n   1.02230425e-18 -1.48494858e-23  3.56904416e-23  3.94239571e-25\n  -4.45628090e-18  6.47300533e-23 -1.55576543e-22  4.24846871e-19\n  -6.17126603e-24  1.48320789e-23 -4.47306733e-19  1.07509076e-18\n  -1.56161944e-23]\n [-1.69908542e-23  2.37005048e-17 -2.10687453e-22  3.72284376e-23\n  -1.62279963e-22  1.54713824e-23  1.12141226e-18 -1.62890315e-23\n   3.91502907e-23  1.41876985e-16 -2.50696428e-17  1.09279384e-16\n  -1.04184297e-17 -1.56425483e-12  2.27215264e-17 -5.46106501e-17\n   5.52569868e-23 -2.02227829e-22  8.78661558e-23  1.39055570e-17\n  -2.01984790e-22  4.85465503e-22  2.83347441e-23  7.68929615e-24\n  -2.45711253e-18  3.56904287e-23 -8.57819253e-23 -9.47176803e-25\n   1.07106260e-17 -1.55576457e-22  3.73924982e-22 -1.02113447e-18\n   1.48320653e-23 -3.56487987e-23  1.07509084e-18 -2.58395447e-18\n   3.75331431e-23]\n [-6.15732969e-17  8.58884550e-11 -8.33164555e-16  9.63094805e-17\n  -6.39286095e-16  9.86290115e-17  4.06389462e-12 -5.90299370e-17\n   1.41876985e-16  5.61053211e-10 -6.48548166e-11  4.30495495e-10\n  -6.64167980e-11 -5.66871631e-06  8.23407314e-11 -1.97903989e-10\n   2.35673609e-16 -8.34893118e-16  3.52786786e-16  5.77396812e-11\n  -7.01581925e-16  1.82896428e-15  8.68769162e-17  4.15778503e-17\n  -4.86052234e-12  1.34036484e-16 -2.36724138e-16  3.37133069e-17\n   4.27009333e-11 -4.73025311e-16  1.43200356e-15 -7.87591883e-12\n   3.06673038e-17 -1.62297460e-16  3.89602971e-12 -9.36400431e-12\n   1.36016663e-16]\n [ 1.08798625e-17 -1.51764053e-11  9.63094641e-17 -4.64855853e-16\n   2.20609142e-16  2.31074961e-16 -7.18075666e-13  1.04304893e-17\n  -2.50696428e-17 -6.48548166e-11  3.13034154e-10 -1.48558317e-10\n  -1.55606030e-10  1.00165628e-06 -1.45495243e-11  3.49694261e-11\n  -7.36413475e-18  1.48457373e-16 -7.83782267e-17 -4.86051950e-12\n   1.34036496e-16 -2.36724085e-16 -9.34075942e-17  4.39024883e-17\n   5.17076322e-11  4.67331120e-17  6.56836992e-16  8.73918170e-17\n  -2.11698276e-11  1.33747974e-16 -2.53577798e-16 -2.77518058e-11\n  -1.27449145e-17 -2.24141773e-16 -6.88420096e-13  1.65461979e-12\n  -2.40339520e-17]\n [-4.74261550e-17  6.61546813e-11 -6.39286324e-16  2.20609199e-16\n  -9.34726926e-16 -6.64856153e-17  3.13016731e-12 -4.54670382e-17\n   1.09279384e-16  4.30495495e-10 -1.48558317e-10  6.29445588e-10\n   4.47715229e-11 -4.36626879e-06  6.34220810e-11 -1.52433472e-10\n   2.27966234e-16 -8.33904359e-16  3.64796782e-16  4.27009484e-11\n  -4.73025233e-16  1.43200379e-15  1.13677800e-16  3.29926599e-17\n  -2.11698354e-11  1.33748018e-16 -2.53577761e-16 -7.07422888e-17\n   8.30373916e-11 -3.01148875e-16  1.38359169e-15  1.29387661e-11\n  -7.78747563e-17 -9.36686757e-17  3.00086071e-12 -7.21253775e-12\n   1.04765291e-16]\n [ 4.52164785e-18 -6.30694642e-12  9.86290460e-17  2.31075054e-16\n  -6.64856435e-17 -2.30166640e-16 -2.98442390e-13  4.33465998e-18\n  -1.04184297e-17 -6.64167980e-11 -1.55606030e-10  4.47715229e-11\n   1.54994343e-10  4.16264785e-07 -6.04644081e-12  1.45324723e-11\n  -5.64102429e-17  1.49397481e-16 -5.24725057e-17 -7.87592233e-12\n   3.06672562e-17 -1.62297483e-16  6.26595056e-17 -2.83733024e-17\n  -2.77518160e-11 -1.27449003e-17 -2.24141868e-16 -1.36203421e-16\n   1.29387679e-11 -7.78747173e-17 -9.36685997e-17  2.66542794e-11\n   4.36478344e-18  1.88600754e-16 -2.86091635e-13  6.87631377e-13\n  -9.98792741e-18]\n [ 6.78871733e-13 -9.46956675e-07  8.41804888e-12 -1.48746030e-12\n   6.48391225e-12 -6.18153777e-13 -4.48061690e-08  6.50830320e-13\n  -1.56425483e-12 -5.66871631e-06  1.00165628e-06 -4.36626879e-06\n   4.16264785e-07  6.25000000e-02 -9.07841468e-07  2.18197545e-06\n  -2.20779781e-12  8.08002781e-12 -3.51069883e-12 -5.55598887e-07\n   8.07032881e-12 -1.93968473e-11 -1.13211955e-12 -3.07227071e-13\n   9.81737475e-08 -1.42601862e-12  3.42740258e-12  3.78507040e-14\n  -4.27944130e-07  6.21608510e-12 -1.49402166e-11  4.07987017e-08\n  -5.92619831e-13  1.42434854e-12 -4.29553909e-08  1.03242228e-07\n  -1.49964149e-12]\n [-9.86092657e-18  1.37549846e-11 -1.22276061e-16  2.16060541e-17\n  -9.41818353e-17  8.97897291e-18  6.50830372e-13 -9.45361204e-18\n   2.27215264e-17  8.23407314e-11 -1.45495243e-11  6.34220810e-11\n  -6.04644081e-12 -9.07841468e-07  1.31868181e-11 -3.16942047e-11\n   3.20692908e-17 -1.17366162e-16  5.09945332e-17  8.07033116e-12\n  -1.17225262e-16  2.81748199e-16  1.64445590e-17  4.46261633e-18\n  -1.42601963e-12  2.07135818e-17 -4.97846153e-17 -5.49793234e-19\n   6.21608713e-12 -9.02915083e-17  2.17013572e-16 -5.92620296e-13\n   8.60807435e-18 -2.06893262e-17  6.23946962e-13 -1.49964122e-12\n   2.17829877e-17]\n [ 2.37005033e-17 -3.30597794e-11  2.93887604e-16 -5.19296230e-17\n   2.26363815e-16 -2.15807414e-17 -1.56425537e-12  2.27215324e-17\n  -5.46106501e-17 -1.97903989e-10  3.49694261e-11 -1.52433472e-10\n   1.45324723e-11  2.18197545e-06 -3.16942047e-11  7.61762696e-11\n  -7.70777679e-17  2.82086748e-16 -1.22564137e-16 -1.93968488e-11\n   2.81748147e-16 -6.77175108e-16 -3.95241114e-17 -1.07257933e-17\n   3.42740245e-12 -4.97846058e-17  1.19656117e-16  1.32144025e-18\n  -1.49402195e-11  2.17013522e-16 -5.21586978e-16  1.42434830e-12\n  -2.06893154e-17  4.97263062e-17 -1.49964173e-12  3.60435212e-12\n  -5.23548945e-17]\n [-2.39810506e-23  3.34510168e-17 -3.49975588e-22  1.09357342e-23\n  -3.38530003e-22  8.37692885e-23  1.58277366e-18 -2.29903260e-23\n   5.52569868e-23  2.35673609e-16 -7.36413475e-18  2.27966234e-16\n  -5.64102429e-17 -2.20779781e-12  3.20692908e-17 -7.70777679e-17\n   1.45742727e-22 -4.56777750e-22  1.86940496e-22  2.44146873e-17\n  -2.34717770e-22  7.41439218e-22  1.65462564e-23  3.40586311e-23\n   1.11943262e-18  7.48366520e-23 -4.73427401e-23  6.50170212e-23\n   2.46116775e-17 -8.45449846e-23  6.42893623e-22 -7.29823426e-18\n  -4.22990825e-23 -1.19146791e-22  1.51737948e-18 -3.64701115e-18\n   5.29743937e-23]\n [ 8.77650796e-23 -1.22422968e-16  1.23981729e-21 -2.20459294e-22\n   1.23834850e-21 -2.21855465e-22 -5.79258353e-18  8.41393317e-23\n  -2.02227829e-22 -8.34893118e-16  1.48457373e-16 -8.33904359e-16\n   1.49397481e-16  8.08002781e-12 -1.17366162e-16  2.82086748e-16\n  -4.56777750e-22  1.66821325e-21 -7.09175185e-22 -8.49734232e-17\n   8.62908972e-22 -2.65999727e-21 -9.24713626e-23 -5.42211188e-23\n   1.55050722e-17 -1.58695017e-22  4.80365347e-22 -1.97047761e-22\n  -9.09845732e-17  3.66259954e-22 -2.32643299e-21  1.73306477e-17\n   9.97441996e-23  3.24548176e-22 -5.55326504e-18  1.33472225e-17\n  -1.93874050e-22]\n [-3.81331064e-23  5.31916734e-17 -5.23888817e-22  1.16391729e-22\n  -5.41723450e-22  7.79217437e-23  2.51682225e-18 -3.65577897e-23\n   8.78661558e-23  3.52786786e-16 -7.83782267e-17  3.64796782e-16\n  -5.24725057e-17 -3.51069883e-12  5.09945332e-17 -1.22564137e-16\n   1.86940496e-22 -7.09175185e-22  3.13451918e-22  3.52300186e-17\n  -3.73498453e-22  1.14798599e-21  4.37047445e-23  1.06888466e-23\n  -9.06972277e-18  6.10829854e-23 -2.29688643e-22  7.44394247e-23\n   4.03030163e-17 -1.75372737e-22  9.98349833e-22 -5.47071340e-18\n  -3.59555182e-23 -1.31466813e-22  2.41284450e-18 -5.79924714e-18\n   8.42365369e-23]\n [-6.03488477e-18  8.41804835e-12 -8.57434815e-17  7.21787980e-18\n  -6.34109357e-17  1.16957514e-17  3.98307937e-13 -5.78560783e-18\n   1.39055570e-17  5.77396812e-11 -4.86051950e-12  4.27009484e-11\n  -7.87592233e-12 -5.55598887e-07  8.07033116e-12 -1.93968488e-11\n   2.44146873e-17 -8.49734232e-17  3.52300186e-17  6.11532792e-12\n  -6.79622259e-17  1.82883201e-16  7.83969452e-18  4.93340013e-18\n  -2.42518865e-13  1.33449893e-17 -1.93622822e-17  4.64971659e-18\n   4.19667165e-12 -4.26881610e-17  1.43241387e-16 -9.85803600e-13\n   2.69108105e-18 -1.68201901e-17  3.81855474e-13 -9.17778535e-13\n   1.33311857e-17]\n [ 8.76594647e-23 -1.22276027e-16  1.04184972e-21 -1.99044273e-22\n   7.02442836e-22 -4.55409186e-23 -5.78560678e-18  8.40387107e-23\n  -2.01984790e-22 -7.01581925e-16  1.34036496e-16 -4.73025233e-16\n   3.06672562e-17  8.07032881e-12 -1.17225262e-16  2.81748147e-16\n  -2.34717770e-22  8.62908972e-22 -3.73498453e-22 -6.79622259e-17\n   1.10437748e-21 -2.44173857e-21 -1.63116358e-22 -3.61507620e-23\n   1.33449892e-17 -1.83969308e-22  4.76062906e-22  5.79786192e-23\n  -4.26881659e-17  9.26921747e-22 -1.80699677e-21  2.69108309e-18\n  -1.29817307e-22  1.35949292e-22 -5.54663269e-18  1.33311793e-17\n  -1.93641649e-22]\n [-2.10687418e-22  2.93887586e-16 -2.71601367e-21  3.51535544e-22\n  -2.12652659e-21  2.41011947e-22  1.39055605e-17 -2.01984882e-22\n   4.85465503e-22  1.82896428e-15 -2.36724085e-16  1.43200379e-15\n  -1.62297483e-16 -1.93968473e-11  2.81748199e-16 -6.77175108e-16\n   7.41439218e-22 -2.65999727e-21  1.14798599e-21  1.82883201e-16\n  -2.44173857e-21  6.17184914e-21  3.24980422e-22  1.17588268e-22\n  -1.93622837e-17  4.76062938e-22 -8.05734745e-22  3.14511118e-23\n   1.43241391e-16 -1.80699670e-21  4.75966223e-21 -1.68201901e-17\n   1.35949235e-22 -5.21064970e-22  1.33311860e-17 -3.20411475e-17\n   4.65413109e-22]\n [-1.22969449e-23  1.71530921e-17 -1.29012275e-22  1.38710332e-22\n  -1.68811561e-22 -9.30493721e-23  8.11606293e-19 -1.17890936e-23\n   2.83347441e-23  8.68769162e-17 -9.34075942e-17  1.13677800e-16\n   6.26595056e-17 -1.13211955e-12  1.64445590e-17 -3.95241114e-17\n   1.65462564e-23 -9.24713626e-23  4.37047445e-23  7.83969452e-18\n  -1.63116358e-22  3.24980422e-22  5.86821989e-23 -5.37161369e-24\n  -1.48511656e-17  2.39921330e-23 -1.82934333e-22 -7.21022277e-23\n   1.54098040e-17 -1.83494535e-22  2.70465212e-22  1.13293071e-17\n   1.51725270e-23  5.80514571e-23  7.78090658e-19 -1.87011735e-18\n   2.71643864e-23]\n [-3.33711256e-24  4.65488894e-18 -6.17431415e-23 -6.51952375e-23\n  -4.89941139e-23  4.21343838e-23  2.20254139e-19 -3.19922576e-24\n   7.68929615e-24  4.15778503e-17  4.39024883e-17  3.29926599e-17\n  -2.83733024e-17 -3.07227071e-13  4.46261633e-18 -1.07257933e-17\n   3.40586311e-23 -5.42211188e-23  1.06888466e-23  4.93340013e-18\n  -3.61507620e-23  1.17588268e-22 -5.37161369e-24  2.88570924e-23\n   7.56306435e-18  3.86713938e-23  9.58822532e-23  9.70807415e-24\n   3.65294936e-18 -5.38785552e-24  1.02230045e-22 -4.56650411e-18\n  -1.33303040e-23 -5.17084664e-23  2.11151203e-19 -5.07500381e-19\n   7.37167052e-24]\n [ 1.06634104e-18 -1.48746129e-12  7.21788033e-18 -7.67858571e-17\n   3.14372082e-17  4.12114490e-17 -7.03784172e-14  1.02230425e-18\n  -2.45711253e-18 -4.86052234e-12  5.17076322e-11 -2.11698354e-11\n  -2.77518160e-11  9.81737475e-08 -1.42601963e-12  3.42740245e-12\n   1.11943262e-18  1.55050722e-17 -9.06972277e-18 -2.42518865e-13\n   1.33449892e-17 -1.93622837e-17 -1.48511656e-17  7.56306435e-18\n   8.66053354e-12  8.52891974e-18  1.03833230e-16  1.60083020e-17\n  -3.28523537e-12  1.62318786e-17 -2.63581490e-17 -4.92095976e-12\n  -1.00184919e-18 -3.96642516e-17 -6.74727321e-14  1.62171520e-13\n  -2.35559910e-18]\n [-1.54892801e-23  2.16060439e-17 -1.99044288e-22 -6.93986817e-23\n  -1.98615855e-22  1.89262119e-23  1.02230420e-18 -1.48494858e-23\n   3.56904287e-23  1.34036484e-16  4.67331120e-17  1.33748018e-16\n  -1.27449003e-17 -1.42601862e-12  2.07135818e-17 -4.97846058e-17\n   7.48366520e-23 -1.58695017e-22  6.10829854e-23  1.33449893e-17\n  -1.83969308e-22  4.76062938e-22  2.39921330e-23  3.86713938e-23\n   8.52891974e-18  1.56386798e-22  1.62209243e-22 -2.38439541e-23\n   1.62318792e-17 -1.77887243e-22  3.52660419e-22 -1.00184920e-18\n  -5.63064607e-23 -1.06281984e-22  9.80076430e-19 -2.35559786e-18\n   3.42162344e-23]\n [ 3.72284206e-23 -5.19296293e-17  3.51535552e-22 -9.75403113e-22\n   3.76563205e-22  3.32850638e-22 -2.45711217e-18  3.56904416e-23\n  -8.57819253e-23 -2.36724138e-16  6.56836992e-16 -2.53577761e-16\n  -2.24141868e-16  3.42740258e-12 -4.97846153e-17  1.19656117e-16\n  -4.73427401e-23  4.80365347e-22 -2.29688643e-22 -1.93622822e-17\n   4.76062906e-22 -8.05734745e-22 -1.82934333e-22  9.58822532e-23\n   1.03833230e-16  1.62209243e-22  1.70055222e-21  5.26690961e-23\n  -2.63581486e-17  3.52660384e-22 -7.81253365e-22 -3.96642527e-17\n  -1.06281975e-22 -4.53179660e-22 -2.35559915e-18  5.66170121e-18\n  -8.22378094e-23]\n [ 4.10934393e-25 -5.73497715e-19 -5.00643682e-23 -1.29776921e-22\n   1.05052210e-22  2.02262143e-22 -2.71149434e-20  3.94239571e-25\n  -9.47176803e-25  3.37133069e-17  8.73918170e-17 -7.07422888e-17\n  -1.36203421e-16  3.78507040e-14 -5.49793234e-19  1.32144025e-18\n   6.50170212e-23 -1.97047761e-22  7.44394247e-23  4.64971659e-18\n   5.79786192e-23  3.14511118e-23 -7.21022277e-23  9.70807415e-24\n   1.60083020e-17 -2.38439541e-23  5.26690961e-23  2.05590391e-22\n  -1.69996842e-17  1.93944333e-22 -1.02486326e-24 -2.29255494e-17\n  -3.60275934e-23 -1.26287685e-22 -2.60219363e-20  6.25106799e-20\n  -9.08305813e-25]\n [-4.64829622e-18  6.48391364e-12 -6.34109415e-17  3.14372080e-17\n  -1.23310547e-16 -1.92140592e-17  3.06791154e-13 -4.45628090e-18\n   1.07106260e-17  4.27009333e-11 -2.11698276e-11  8.30373916e-11\n   1.29387679e-11 -4.27944130e-07  6.21608713e-12 -1.49402195e-11\n   2.46116775e-17 -9.09845732e-17  4.03030163e-17  4.19667165e-12\n  -4.26881659e-17  1.43241391e-16  1.54098040e-17  3.65294936e-18\n  -3.28523537e-12  1.62318792e-17 -2.63581486e-17 -1.69996842e-17\n   1.18240356e-11 -2.83672829e-17  1.55261370e-16  2.90481833e-12\n  -1.39095703e-17 -5.20489777e-18  2.94117814e-13 -7.06910877e-13\n   1.02681892e-17]\n [ 6.75185529e-23 -9.41818177e-17  7.02442852e-22 -1.98615857e-22\n   4.47206282e-22  1.15643999e-22 -4.45628014e-18  6.47300533e-23\n  -1.55576457e-22 -4.73025311e-16  1.33747974e-16 -3.01148875e-16\n  -7.78747173e-17  6.21608510e-12 -9.02915083e-17  2.17013522e-16\n  -8.45449846e-23  3.66259954e-22 -1.75372737e-22 -4.26881610e-17\n   9.26921747e-22 -1.80699670e-21 -1.83494535e-22 -5.38785552e-24\n   1.62318786e-17 -1.77887243e-22  3.52660384e-22  1.93944333e-22\n  -2.83672829e-17  1.02894001e-21 -1.19710734e-21 -1.39095693e-17\n  -1.39772253e-22  2.16735396e-23 -4.27224573e-18  1.02681836e-17\n  -1.49150568e-22]\n [-1.62279930e-22  2.26363807e-16 -2.12652674e-21  3.76563207e-22\n  -2.05463444e-21  1.39098099e-22  1.07106283e-17 -1.55576543e-22\n   3.73924982e-22  1.43200356e-15 -2.53577798e-16  1.38359169e-15\n  -9.36685997e-17 -1.49402166e-11  2.17013572e-16 -5.21586978e-16\n   6.42893623e-22 -2.32643299e-21  9.98349833e-22  1.43241387e-16\n  -1.80699677e-21  4.75966223e-21  2.70465212e-22  1.02230045e-22\n  -2.63581490e-17  3.52660419e-22 -7.81253365e-22 -1.02486326e-24\n   1.55261370e-16 -1.19710734e-21  4.06138626e-21 -5.20489827e-18\n   2.16735000e-23 -3.64518591e-22  1.02681883e-17 -2.46793854e-17\n   3.58479330e-22]\n [ 4.43188380e-19 -6.18152138e-13  1.16957518e-17  4.12114499e-17\n  -1.92140581e-17 -3.95816108e-17 -2.92525130e-14  4.24846871e-19\n  -1.02113447e-18 -7.87591883e-12 -2.77518058e-11  1.29387661e-11\n   2.66542794e-11  4.07987017e-08 -5.92620296e-13  1.42434830e-12\n  -7.29823426e-18  1.73306477e-17 -5.47071340e-18 -9.85803600e-13\n   2.69108309e-18 -1.68201901e-17  1.13293071e-17 -4.56650411e-18\n  -4.92095976e-12 -1.00184920e-18 -3.96642527e-17 -2.29255494e-17\n   2.90481833e-12 -1.39095693e-17 -5.20489827e-18  4.64211094e-12\n  -7.59433047e-19  3.11383952e-17 -2.80403740e-14  6.73968283e-14\n  -9.78929803e-19]\n [-6.43697534e-24  8.97897200e-18 -4.55408993e-23  1.89262122e-23\n   1.15644010e-22 -6.48175543e-24  4.24846745e-19 -6.17126603e-24\n   1.48320653e-23  3.06673038e-17 -1.27449145e-17 -7.78747563e-17\n   4.36478344e-18 -5.92619831e-13  8.60807435e-18 -2.06893154e-17\n  -4.22990825e-23  9.97441996e-23 -3.59555182e-23  2.69108105e-18\n  -1.29817307e-22  1.35949235e-22  1.51725270e-23 -1.33303040e-23\n  -1.00184919e-18 -5.63064607e-23 -1.06281975e-22 -3.60275934e-23\n  -1.39095703e-17 -1.39772253e-22  2.16735000e-23 -7.59433047e-19\n   1.17949359e-22  5.42134791e-23  4.07314313e-19 -9.78928900e-19\n   1.42196027e-23]\n [ 1.54713797e-23 -2.15807321e-17  2.41011956e-22  3.32850637e-22\n   1.39098095e-22 -2.80072181e-22 -1.02113426e-18  1.48320789e-23\n  -3.56487987e-23 -1.62297460e-16 -2.24141773e-16 -9.36686757e-17\n   1.88600754e-16  1.42434854e-12 -2.06893262e-17  4.97263062e-17\n  -1.19146791e-22  3.24548176e-22 -1.31466813e-22 -1.68201901e-17\n   1.35949292e-22 -5.21064970e-22  5.80514571e-23 -5.17084664e-23\n  -3.96642516e-17 -1.06281984e-22 -4.53179660e-22 -1.26287685e-22\n  -5.20489777e-18  2.16735396e-23 -3.64518591e-22  3.11383952e-17\n   5.42134791e-23  3.38956679e-22 -9.78928724e-19  2.35285840e-18\n  -3.41761521e-23]\n [-4.66579211e-19  6.50830306e-13 -5.78560767e-18  1.02230434e-18\n  -4.45628028e-18  4.24846470e-19  3.07946641e-14 -4.47306733e-19\n   1.07509084e-18  3.89602971e-12 -6.88420096e-13  3.00086071e-12\n  -2.86091635e-13 -4.29553909e-08  6.23946962e-13 -1.49964173e-12\n   1.51737948e-18 -5.55326504e-18  2.41284450e-18  3.81855474e-13\n  -5.54663269e-18  1.33311860e-17  7.78090658e-19  2.11151203e-19\n  -6.74727321e-14  9.80076430e-19 -2.35559915e-18 -2.60219363e-20\n   2.94117814e-13 -4.27224573e-18  1.02681883e-17 -2.80403740e-14\n   4.07314313e-19 -9.78928724e-19  2.95226497e-14 -7.09569644e-14\n   1.03068298e-18]\n [ 1.12141169e-18 -1.56425468e-12  1.39055549e-17 -2.45711158e-18\n   1.07106237e-17 -1.02113354e-18 -7.40142197e-14  1.07509076e-18\n  -2.58395447e-18 -9.36400431e-12  1.65461979e-12 -7.21253775e-12\n   6.87631377e-13  1.03242228e-07 -1.49964122e-12  3.60435212e-12\n  -3.64701115e-18  1.33472225e-17 -5.79924714e-18 -9.17778535e-13\n   1.33311793e-17 -3.20411475e-17 -1.87011735e-18 -5.07500381e-19\n   1.62171520e-13 -2.35559786e-18  5.66170121e-18  6.25106799e-20\n  -7.06910877e-13  1.02681836e-17 -2.46793854e-17  6.73968283e-14\n  -9.78928900e-19  2.35285840e-18 -7.09569644e-14  1.70543323e-13\n  -2.47722126e-18]\n [-1.62890275e-23  2.27215283e-17 -2.01984869e-22  3.56904361e-23\n  -1.55576531e-22  1.48320859e-23  1.07509104e-18 -1.56161944e-23\n   3.75331431e-23  1.36016663e-16 -2.40339520e-17  1.04765291e-16\n  -9.98792741e-18 -1.49964149e-12  2.17829877e-17 -5.23548945e-17\n   5.29743937e-23 -1.93874050e-22  8.42365369e-23  1.33311857e-17\n  -1.93641649e-22  4.65413109e-22  2.71643864e-23  7.37167052e-24\n  -2.35559910e-18  3.42162344e-23 -8.22378094e-23 -9.08305813e-25\n   1.02681892e-17 -1.49150568e-22  3.58479330e-22 -9.78929803e-19\n   1.42196027e-23 -3.41761521e-23  1.03068298e-18 -2.47722126e-18\n   3.59827935e-23]]', 'hess_sum': '[[-2.21840753e-23  3.09445810e-17  2.81307933e-24  3.39074677e-25\n   9.04805188e-25  5.50143595e-24  1.46416495e-18 -2.12676377e-23\n   5.11163450e-23 -1.89431403e-18 -2.28326829e-19 -6.09305420e-19\n  -3.70467969e-18 -2.04236989e-12  2.96663667e-17 -7.13023722e-17\n  -1.87226624e-25 -3.07948498e-24 -4.73574601e-24 -1.85665930e-19\n   2.69684890e-24 -6.48182652e-24  2.85922522e-24 -3.76031903e-24\n  -2.23687936e-20  3.25037227e-25 -7.81628551e-25  9.55555850e-24\n  -5.97215416e-20  8.67592909e-25 -2.08490150e-24 -3.63108311e-19\n   5.27419882e-24 -1.26761872e-23  1.40368601e-18 -3.37372701e-18\n   4.90050894e-23]\n [ 3.09445810e-17 -4.31646079e-11 -3.92374859e-18 -4.73141271e-19\n  -1.26220774e-18 -7.67382240e-18 -2.04236916e-12  2.96663621e-17\n  -7.13023495e-17  2.64221941e-12  3.18601366e-13  8.49969416e-13\n   5.16756330e-12  2.84890379e-06 -4.13816286e-11  9.94598607e-11\n   2.61195024e-19  4.29547558e-18  6.60571420e-18  2.58967315e-13\n  -3.76170677e-18  9.04104513e-18 -3.98837067e-18  5.24544102e-18\n   3.12293473e-14 -4.53576085e-19  1.09019463e-18 -1.33290228e-17\n   8.33070343e-14 -1.21005247e-18  2.90837645e-18  5.06479436e-13\n  -7.35684779e-18  1.76820169e-17 -1.95800395e-12  4.70602460e-12\n  -6.83571372e-17]\n [ 2.81307933e-24 -3.92374859e-18 -8.59226437e-22 -1.18082921e-22\n  -3.55414286e-23 -1.24449701e-22 -1.85663316e-19  2.69683288e-24\n  -6.48189575e-24  5.78603462e-16  7.95171231e-17  2.39336228e-17\n   8.38044401e-17  2.58968105e-13 -3.76167488e-18  9.04104282e-18\n   3.79790605e-23 -2.69204284e-22  3.14328850e-22  6.83915364e-17\n  -4.96142453e-22  1.59337886e-21  1.58212486e-23  3.02923417e-23\n   1.07122083e-17  1.07253482e-22  1.79160654e-22 -4.15017075e-23\n   1.41387375e-18 -7.65984888e-23  1.58279425e-22  9.77404566e-18\n  -6.23036755e-23  1.92690494e-22 -1.77995893e-19  4.27810698e-19\n  -6.21403192e-24]\n [ 3.39074677e-25 -4.73141271e-19 -1.18082921e-22 -7.60974519e-22\n   9.00266391e-23  1.33513854e-22 -2.23685488e-20  3.25038150e-25\n  -7.81642660e-25  7.95171299e-17  5.12440616e-16 -6.06240494e-17\n  -8.99082410e-17  3.12292856e-14 -4.53587400e-19  1.09020979e-18\n  -1.62581685e-23  1.38266723e-22 -1.43820349e-23  1.07122089e-17\n   1.07253471e-22  1.79160644e-22 -1.83433934e-23  1.51223181e-22\n   8.20007603e-17  1.14063371e-22  7.84647952e-22  1.72517212e-24\n  -4.16220206e-18 -7.40736292e-23 -1.46333457e-22 -2.13038964e-17\n  -7.48393245e-24  6.01958391e-24 -2.14471836e-20  5.15908603e-20\n  -7.49160748e-25]\n [ 9.04805188e-25 -1.26220774e-18 -3.55414286e-23  9.00266391e-23\n  -9.45166291e-22  1.55389266e-22 -5.97194546e-20  8.67583696e-25\n  -2.08487694e-24  2.39335631e-17 -6.06240427e-17  6.36475466e-16\n  -1.04639167e-16  8.33082626e-14 -1.21004999e-18  2.90833519e-18\n   1.47983697e-22 -2.75053855e-22 -1.11817111e-22  1.41387250e-18\n  -7.65984962e-23  1.58279403e-22 -5.92031256e-23 -1.35678914e-24\n  -4.16220203e-18 -7.40736317e-23 -1.46333445e-22 -2.03545259e-22\n   8.43630343e-17 -1.83250704e-22  1.41805542e-21 -8.04494470e-18\n   2.06054688e-22 -4.93664282e-22 -5.72649301e-20  1.37601061e-19\n  -1.99893806e-24]\n [ 5.50143595e-24 -7.67382240e-18 -1.24449701e-22  1.33513854e-22\n   1.55389266e-22 -6.98413354e-22 -3.63106492e-19  5.27419816e-24\n  -1.26761962e-23  8.38044194e-17 -8.99081873e-17 -1.04639165e-16\n   4.70311959e-16  5.06479437e-13 -7.35685450e-18  1.76820134e-17\n  -1.36763612e-23 -1.32211195e-22 -1.12873522e-23  9.77404470e-18\n  -6.23036818e-23  1.92690439e-22  9.87333244e-24  9.03081884e-23\n  -2.13038956e-17 -7.48394057e-24  6.01956861e-24 -4.49818496e-23\n  -8.04494318e-18  2.06054702e-22 -4.93664276e-22  6.62372189e-17\n  -6.50724229e-23  9.66557900e-22 -3.48104839e-19  8.36640915e-19\n  -1.21526302e-23]\n [ 1.46416495e-18 -2.04236916e-12 -1.85663316e-19 -2.23685488e-20\n  -5.97194546e-20 -3.63106492e-19 -9.66372138e-14  1.40368671e-18\n  -3.37374558e-18  1.25026796e-13  1.50637890e-14  4.02135064e-14\n   2.44517593e-13  1.34798406e-07 -1.95800193e-12  4.70602824e-12\n   1.23575734e-20  2.03249968e-19  3.12565635e-19  1.22544572e-14\n  -1.77995590e-19  4.27808739e-19 -1.88708830e-19  2.48180088e-19\n   1.47519708e-15 -2.14464681e-20  5.15877193e-20 -6.30676796e-19\n   3.94166381e-15 -5.72652629e-20  1.37600127e-19  2.39663714e-14\n  -3.48105611e-19  8.36642379e-19 -9.26439683e-14  2.22670304e-13\n  -3.23437701e-18]\n [-2.12676377e-23  2.96663621e-17  2.69683288e-24  3.25038150e-25\n   8.67583696e-25  5.27419816e-24  1.40368671e-18 -2.03892433e-23\n   4.90049881e-23 -1.81603752e-18 -2.18874660e-19 -5.84233707e-19\n  -3.55165101e-18 -1.95800023e-12  2.84409518e-17 -6.83571698e-17\n  -1.79558101e-25 -2.95209333e-24 -4.54000651e-24 -1.77995374e-19\n   2.58536583e-24 -6.21401811e-24  2.74112319e-24 -3.60512066e-24\n  -2.14483867e-20  3.11761526e-25 -7.49158280e-25  9.16087509e-24\n  -5.72661412e-20  8.31582996e-25 -1.99888869e-24 -3.48105650e-19\n   5.05619548e-24 -1.21526070e-23  1.34571297e-18 -3.23437161e-18\n   4.69807560e-23]\n [ 5.11163450e-23 -7.13023495e-17 -6.48189575e-24 -7.81642660e-25\n  -2.08487694e-24 -1.26761962e-23 -3.37374558e-18  4.90049881e-23\n  -1.17782465e-22  4.36488421e-18  5.26352788e-19  1.40394922e-18\n   8.53616558e-18  4.70601749e-12 -6.83571725e-17  1.64294619e-16\n   4.31479890e-25  7.09565317e-24  1.09120350e-23  4.27811355e-19\n  -6.21405366e-24  1.49354129e-23 -6.58825679e-24  8.66469366e-24\n   5.15888210e-20 -7.49158224e-25  1.80109608e-24 -2.20178707e-23\n   1.37600193e-19 -1.99895606e-24  4.80411062e-24  8.36642747e-19\n  -1.21526393e-23  2.92083507e-23 -3.23437629e-18  7.77373354e-18\n  -1.12917200e-22]\n [-1.89431403e-18  2.64221941e-12  5.78603462e-16  7.95171299e-17\n   2.39335631e-17  8.38044194e-17  1.25026796e-13 -1.81603752e-18\n   4.36488421e-18 -3.89631757e-10 -5.35468894e-11 -1.61168636e-11\n  -5.64339024e-11 -1.74388375e-07  2.53309098e-12 -6.08822804e-12\n  -2.55750176e-17  1.81282144e-16 -2.11669135e-16 -4.60548917e-11\n   3.34102479e-16 -1.07298187e-15 -1.06540224e-17 -2.03988751e-17\n  -7.21360885e-12 -7.22246038e-17 -1.20646872e-16  2.79472581e-17\n  -9.52097901e-13  5.15815661e-17 -1.06585430e-16 -6.58184209e-12\n   4.19553213e-17 -1.29757736e-16  1.19860769e-13 -2.88084172e-13\n   4.18451303e-18]\n [-2.28326829e-19  3.18601366e-13  7.95171231e-17  5.12440616e-16\n  -6.06240427e-17 -8.99081873e-17  1.50637890e-14 -2.18874660e-19\n   5.26352788e-19 -5.35468894e-11 -3.45077734e-10  4.08242987e-11\n   6.05441771e-11 -2.10295795e-08  3.05440232e-13 -7.34132028e-13\n   1.09483264e-17 -9.31089141e-17  9.68489284e-18 -7.21360889e-12\n  -7.22245663e-17 -1.20646872e-16  1.23524325e-17 -1.01833772e-16\n  -5.52193450e-11 -7.68103952e-17 -5.28382317e-16 -1.16170864e-18\n   2.80283420e-12  4.98812699e-17  9.85410675e-17  1.43460422e-11\n   5.03966178e-18 -4.05367502e-18  1.44420564e-14 -3.47383896e-14\n   5.04486611e-19]\n [-6.09305420e-19  8.49969416e-13  2.39336228e-17 -6.06240494e-17\n   6.36475466e-16 -1.04639165e-16  4.02135064e-14 -5.84233707e-19\n   1.40394922e-18 -1.61168636e-11  4.08242987e-11 -4.28602946e-10\n   7.04640335e-11 -5.60987932e-08  8.14849627e-13 -1.95845178e-12\n  -9.96523152e-17  1.85221462e-16  7.52976642e-17 -9.52101118e-13\n   5.15815131e-17 -1.06585448e-16  3.98674248e-17  9.13683921e-19\n   2.80283404e-12  4.98812669e-17  9.85410585e-17  1.37067482e-16\n  -5.68101175e-11  1.23401036e-16 -9.54919208e-16  5.41746490e-12\n  -1.38757300e-16  3.32433726e-16  3.85608596e-14 -9.26614956e-14\n   1.34611013e-18]\n [-3.70467969e-18  5.16756330e-12  8.38044401e-17 -8.99082410e-17\n  -1.04639167e-16  4.70311959e-16  2.44517593e-13 -3.55165101e-18\n   8.53616558e-18 -5.64339024e-11  6.05441771e-11  7.04640335e-11\n  -3.16708316e-10 -3.41063390e-07  4.95410385e-12 -1.19070945e-11\n   9.20968900e-18  8.90310593e-17  7.60096673e-18 -6.58184248e-12\n   4.19552730e-17 -1.29757720e-16 -6.64870580e-18 -6.08136077e-17\n   1.43460473e-11  5.03966880e-18 -4.05363524e-18  3.02907977e-17\n   5.41746465e-12 -1.38757315e-16  3.32433729e-16 -4.46041777e-11\n   4.38198305e-17 -6.50880579e-16  2.34414351e-13 -5.63394989e-13\n   8.18360895e-18]\n [-2.04236989e-12  2.84890379e-06  2.58968105e-13  3.12292856e-14\n   8.33082626e-14  5.06479437e-13  1.34798406e-07 -1.95800023e-12\n   4.70601749e-12 -1.74388375e-07 -2.10295795e-08 -5.60987932e-08\n  -3.41063390e-07 -1.88030626e-01  2.73122212e-06 -6.56442788e-06\n  -1.72389080e-14 -2.83505737e-13 -4.35982868e-13 -1.70923513e-08\n   2.48274241e-13 -5.96719896e-13  2.63235581e-13 -3.46203144e-13\n  -2.06108358e-09  2.99368074e-14 -7.19537228e-14  8.79726605e-13\n  -5.49828978e-09  7.98660269e-14 -1.91955661e-13 -3.34280885e-08\n   4.85558380e-13 -1.16702862e-12  1.29230172e-07 -3.10601581e-07\n   4.51162943e-12]\n [ 2.96663667e-17 -4.13816286e-11 -3.76167488e-18 -4.53587400e-19\n  -1.21004999e-18 -7.35685450e-18 -1.95800193e-12  2.84409518e-17\n  -6.83571725e-17  2.53309098e-12  3.05440232e-13  8.14849627e-13\n   4.95410385e-12  2.73122212e-06 -3.96723160e-11  9.53514202e-11\n   2.50395766e-19  4.11806173e-18  6.33284601e-18  2.48274583e-13\n  -3.60627350e-18  8.66761727e-18 -3.82360542e-18  5.02876048e-18\n   2.99371461e-14 -4.34855101e-19  1.04516538e-18 -1.27784372e-17\n   7.98647538e-14 -1.16010047e-18  2.78821849e-18  4.85558641e-13\n  -7.05296289e-18  1.69516253e-17 -1.87713078e-12  4.51163850e-12\n  -6.55335556e-17]\n [-7.13023722e-17  9.94598607e-11  9.04104282e-18  1.09020979e-18\n   2.90833519e-18  1.76820134e-17  4.70602824e-12 -6.83571698e-17\n   1.64294619e-16 -6.08822804e-12 -7.34132028e-13 -1.95845178e-12\n  -1.19070945e-11 -6.56442788e-06  9.53514202e-11 -2.29175144e-10\n  -6.01830047e-19 -9.89767554e-18 -1.52208583e-17 -5.96714694e-13\n   8.66762390e-18 -2.08323425e-17  9.18995930e-18 -1.20865125e-17\n  -7.19541564e-14  1.04515394e-18 -2.51200212e-18  3.07126400e-17\n  -1.91953343e-13  2.78821153e-18 -6.70136590e-18 -1.16702946e-12\n   1.69516489e-17 -4.07428788e-17  4.51163028e-12 -1.08436040e-11\n   1.57508348e-16]\n [-1.87226624e-25  2.61195024e-19  3.79790605e-23 -1.62581685e-23\n   1.47983697e-22 -1.36763612e-23  1.23575734e-20 -1.79558101e-25\n   4.31479890e-25 -2.55750176e-17  1.09483264e-17 -9.96523152e-17\n   9.20968900e-18 -1.72389080e-14  2.50395766e-19 -6.01830047e-19\n  -2.36192954e-22  1.96181136e-22 -4.27424130e-23 -1.53915684e-18\n   9.79576061e-23 -1.52972615e-22  1.11070762e-23 -1.18963587e-23\n  -9.34036534e-19  1.23582431e-22 -1.20724875e-24  2.00817854e-23\n  -1.29808575e-17 -1.10403937e-22 -1.77642259e-22  3.23580958e-18\n   1.90994382e-23 -2.41312113e-23  1.18515012e-20 -2.84780726e-20\n   4.13669249e-25]\n [-3.07948498e-24  4.29547558e-18 -2.69204284e-22  1.38266723e-22\n  -2.75053855e-22 -1.32211195e-22  2.03249968e-19 -2.95209333e-24\n   7.09565317e-24  1.81282144e-16 -9.31089141e-17  1.85221462e-16\n   8.90310593e-17 -2.83505737e-13  4.11806173e-18 -9.89767554e-18\n   1.96181136e-22 -5.69726659e-22  1.15333498e-22  1.54896650e-17\n  -3.28393522e-22  7.13230251e-22 -3.37105815e-23  3.66003459e-23\n  -1.21756299e-17 -1.01792846e-22 -1.62543597e-22  1.75495311e-23\n   2.39402642e-17  2.19953136e-22  3.05051726e-22  1.04873769e-17\n   6.96473067e-24  2.16041440e-22  1.94838480e-19 -4.68321021e-19\n   6.80239221e-24]\n [-4.73574601e-24  6.60571420e-18  3.14328850e-22 -1.43820349e-23\n  -1.11817111e-22 -1.12873522e-23  3.12565635e-19 -4.54000651e-24\n   1.09120350e-23 -2.11669135e-16  9.68489284e-18  7.52976642e-17\n   7.60096673e-18 -4.35982868e-13  6.33284601e-18 -1.52208583e-17\n  -4.27424130e-23  1.15333498e-22 -4.98939614e-22 -2.00696017e-17\n   3.21651902e-22 -7.48912120e-22 -7.74556977e-24  7.57902180e-23\n   2.94842991e-18  3.12537455e-23 -2.21813455e-23 -1.03994866e-22\n   8.85344960e-18  8.08703656e-24  1.82390484e-22  3.29703995e-18\n   2.98440291e-22 -1.63782053e-22  2.99642765e-19 -7.20204518e-19\n   1.04611898e-23]\n [-1.85665930e-19  2.58967315e-13  6.83915364e-17  1.07122089e-17\n   1.41387250e-18  9.77404470e-18  1.22544572e-14 -1.77995374e-19\n   4.27811355e-19 -4.60548917e-11 -7.21360889e-12 -9.52101118e-13\n  -6.58184248e-12 -1.70923513e-08  2.48274583e-13 -5.96714694e-13\n  -1.53915684e-18  1.54896650e-17 -2.00696017e-17 -5.86358467e-12\n   3.23053941e-17 -1.13917631e-16 -1.14096863e-18 -1.08382234e-18\n  -9.73053906e-13 -9.91076496e-18 -1.71362615e-17  2.96579645e-18\n   1.82936072e-14  4.88323775e-18 -1.14372184e-17 -8.30261520e-13\n   4.11057989e-18 -1.22423706e-17  1.17476795e-14 -2.82358871e-14\n   4.10129723e-19]\n [ 2.69684890e-24 -3.76170677e-18 -4.96142453e-22  1.07253471e-22\n  -7.65984962e-23 -6.23036818e-23 -1.77995590e-19  2.58536583e-24\n  -6.21405366e-24  3.34102479e-16 -7.22245663e-17  5.15815131e-17\n   4.19552730e-17  2.48274241e-13 -3.60627350e-18  8.66762390e-18\n   9.79576061e-23 -3.28393522e-22  3.21651902e-22  3.23053941e-17\n  -6.84634985e-22  1.19500755e-21  5.12252140e-23 -4.16535069e-23\n  -9.91076413e-18 -1.12615067e-22 -1.12119831e-22 -2.76189152e-25\n   4.88323762e-18 -1.61467825e-23  1.50423751e-22  4.11058028e-18\n  -1.21621945e-22  1.69479369e-22 -1.70638903e-19  4.10135480e-19\n  -5.95735873e-24]\n [-6.48182652e-24  9.04104513e-18  1.59337886e-21  1.79160644e-22\n   1.58279403e-22  1.92690439e-22  4.27808739e-19 -6.21401811e-24\n   1.49354129e-23 -1.07298187e-15 -1.20646872e-16 -1.06585448e-16\n  -1.29757720e-16 -5.96719896e-13  8.66761727e-18 -2.08323425e-17\n  -1.52972615e-22  7.13230251e-22 -7.48912120e-22 -1.13917631e-16\n   1.19500755e-21 -3.44285223e-21 -4.49326690e-23 -7.05669029e-23\n  -1.71362612e-17 -1.12119823e-22 -2.85338102e-22  7.16541456e-23\n  -1.14372185e-17  1.50423714e-22 -4.04104318e-22 -1.22423731e-17\n   1.69479359e-22 -3.99472933e-22  4.10131023e-19 -9.85753356e-19\n   1.43183384e-23]\n [ 2.85922522e-24 -3.98837067e-18  1.58212486e-23 -1.83433934e-23\n  -5.92031256e-23  9.87333244e-24 -1.88708830e-19  2.74112319e-24\n  -6.58825679e-24 -1.06540224e-17  1.23524325e-17  3.98674248e-17\n  -6.64870580e-18  2.63235581e-13 -3.82360542e-18  9.18995930e-18\n   1.11070762e-23 -3.37105815e-23 -7.74556977e-24 -1.14096863e-18\n   5.12252140e-23 -4.49326690e-23 -9.81821832e-23  7.24573605e-24\n   2.15792359e-18 -2.04782455e-24  1.21320948e-23  1.69861364e-23\n   5.50205292e-18  4.31540672e-23  7.16620589e-23 -1.97058300e-18\n   1.10454232e-23  1.24376423e-23 -1.80916456e-19  4.34829222e-19\n  -6.31612980e-24]\n [-3.76031903e-24  5.24544102e-18  3.02923417e-23  1.51223181e-22\n  -1.35678914e-24  9.03081884e-23  2.48180088e-19 -3.60512066e-24\n   8.66469366e-24 -2.03988751e-17 -1.01833772e-16  9.13683921e-19\n  -6.08136077e-17 -3.46203144e-13  5.02876048e-18 -1.20865125e-17\n  -1.18963587e-23  3.66003459e-23  7.57902180e-23 -1.08382234e-18\n  -4.16535069e-23 -7.05669029e-23  7.24573605e-24 -1.75275787e-22\n  -1.47074140e-17 -3.03288508e-23 -1.63668502e-22  5.27346391e-23\n  -1.13904297e-18 -2.26807412e-23  4.89987005e-23 -4.25197557e-18\n  -4.50157356e-23 -1.96320102e-22  2.37941051e-19 -5.71872620e-19\n   8.30689579e-24]\n [-2.23687936e-20  3.12293473e-14  1.07122083e-17  8.20007603e-17\n  -4.16220203e-18 -2.13038956e-17  1.47519708e-15 -2.14483867e-20\n   5.15888210e-20 -7.21360885e-12 -5.52193450e-11  2.80283404e-12\n   1.43460473e-11 -2.06108358e-09  2.99371461e-14 -7.19541564e-14\n  -9.34036534e-19 -1.21756299e-17  2.94842991e-18 -9.73053906e-13\n  -9.91076413e-18 -1.71362612e-17  2.15792359e-18 -1.47074140e-17\n  -9.09238474e-12 -8.97428416e-18 -7.86157319e-17 -1.65918664e-18\n  -1.17017322e-14  8.02575310e-18  7.20566437e-18  2.93408921e-12\n  -2.04176061e-18  9.00411835e-18  1.41494457e-15 -3.40469446e-15\n   4.94419595e-20]\n [ 3.25037227e-25 -4.53576085e-19  1.07253482e-22  1.14063371e-22\n  -7.40736317e-23 -