{'theta_hat': '[-1.98115585e-11  2.76351681e-05  1.22691552e-11  6.72151293e-12\n -7.03550551e-12 -7.65819408e-12  1.37938857e-06 -1.21396195e-11\n  4.13713712e-11 -8.26205345e-06 -4.52626883e-06  4.73771330e-06\n  5.15703493e-06 -1.92411087e+00  1.69335697e-05 -5.77089752e-05\n -2.96043478e-12 -2.65180325e-12 -3.78161941e-12 -8.45468192e-07\n  8.35570963e-12 -2.61439481e-11 -2.22057935e-12 -2.02409627e-12\n -4.95847364e-07  1.45966986e-12 -1.23762943e-11 -1.43127486e-11\n  4.46522043e-07 -8.44643578e-12  1.72733863e-11  5.25069973e-07\n -5.46904507e-12  1.64768810e-11  7.19280585e-07 -2.80187840e-06\n  3.28544603e-11]', 'theta_bar': '[ 5.14586761e-13  1.00491696e-05  5.87280192e-20  3.96788129e-20\n -1.54704022e-20  1.62467312e-20 -4.27597723e-08 -3.46246357e-13\n -6.61601328e-13  1.14687703e-12  7.74872416e-13 -3.02115566e-13\n  3.17276219e-13 -8.35039278e-01 -6.76171334e-06 -1.29201596e-05\n  4.52840651e-27 -1.76558375e-27  1.85418358e-27 -4.88002582e-15\n -3.95159095e-20 -7.55062840e-20 -1.19289347e-27  1.25275467e-27\n -3.29712535e-15 -2.66984033e-20 -5.10148299e-20 -4.88437446e-28\n  1.28551860e-15  1.04094599e-20  1.98902088e-20 -1.35002784e-15\n -1.09318237e-20 -2.08883309e-20  3.28910202e-08  5.24043551e-08\n  1.99720092e-13]', 'grad_op_sum': '[[ 3.77848874e-22 -5.27061868e-16 -2.40689347e-22 -1.06958679e-22\n   1.67208191e-22  1.52259062e-22 -2.53020699e-17  3.27528221e-22\n  -8.48968725e-22  1.62080297e-16  7.20259948e-17 -1.12598085e-16\n  -1.02531392e-16  3.52938891e-11 -4.56869519e-16  1.18422749e-15\n   5.94547454e-23  5.12317772e-23  7.31428370e-23  1.60664977e-17\n  -2.13492840e-22  5.43824661e-22  1.69299540e-23  4.24473496e-23\n   7.32386846e-18 -7.72959008e-23  2.30694878e-22  2.94457701e-22\n  -1.09455964e-17  1.68919626e-22 -3.90660643e-22 -1.01486216e-17\n   1.36484070e-22 -3.44913463e-22 -2.12021115e-17  5.63939942e-17\n  -7.79418706e-22]\n [-5.27061868e-16  7.35199262e-10  3.35737873e-16  1.49196797e-16\n  -2.33238914e-16 -2.12386356e-16  3.52938892e-11 -4.56869523e-16\n   1.18422754e-15 -2.26086010e-10 -1.00469151e-10  1.57063210e-10\n   1.43021167e-10 -4.92314903e-05  6.37287860e-10 -1.65188041e-09\n  -8.29334989e-17 -7.14632703e-17 -1.02027035e-16 -2.24111778e-11\n   2.97801428e-16 -7.58581701e-16 -2.36156150e-17 -5.92098612e-17\n  -1.02160734e-11  1.07820147e-16 -3.21796574e-16 -4.10739417e-16\n   1.52680260e-11 -2.35626199e-16  5.44933019e-16  1.41563250e-11\n  -1.90381800e-16  4.81120221e-16  2.95748517e-11 -7.86640532e-11\n   1.08721213e-15]\n [-2.40689347e-22  3.35737873e-16  1.53657404e-22  6.70580553e-23\n  -1.08182603e-22 -9.73026395e-23  1.60664968e-17 -2.13492837e-22\n   5.43824641e-22 -1.03472954e-16 -4.51569063e-17  7.28502223e-17\n   6.55236865e-17 -2.24111765e-11  2.97801422e-16 -7.58581641e-16\n  -3.80240570e-23 -3.26677947e-23 -4.66434879e-23 -1.02313879e-17\n   1.38733841e-22 -3.48703107e-22 -9.49801843e-24 -2.72334038e-23\n  -4.55736430e-18  5.17399851e-23 -1.46681808e-22 -1.88656316e-22\n   7.09526744e-18 -1.07997736e-22  2.51948242e-22  6.47146304e-18\n  -8.85684409e-23  2.21261160e-22  1.38844170e-17 -3.60725024e-17\n   5.04221475e-22]\n [-1.06958679e-22  1.49196797e-16  6.70580553e-23  3.36875958e-23\n  -4.20278009e-23 -4.21044587e-23  7.32386812e-18 -7.72959074e-23\n   2.30694865e-22 -4.51569189e-17 -2.26852357e-17  2.83015440e-17\n   2.83531811e-17 -1.02160729e-11  1.07820155e-16 -3.21796543e-16\n  -1.63493248e-23 -1.43969221e-23 -2.05410356e-23 -4.55736430e-18\n   5.17399895e-23 -1.46681806e-22 -8.87527867e-24 -1.13983849e-23\n  -2.41576548e-18  1.39371564e-23 -6.61622755e-23 -7.99025788e-23\n   2.70820605e-18 -4.65592815e-23  1.00752858e-22  2.85120941e-18\n  -3.34668973e-23  9.27106578e-23  4.79976072e-18 -1.54888108e-17\n   1.96088911e-22]\n [ 1.67208191e-22 -2.33238914e-16 -1.08182603e-22 -4.20278009e-23\n   8.22436171e-23  6.89276049e-23 -1.09455956e-17  1.68919625e-22\n  -3.90660638e-22  7.28502068e-17  2.83015253e-17 -5.53828951e-17\n  -4.64159122e-17  1.52680250e-11 -2.35626195e-16  5.44932990e-16\n   2.70579047e-23  2.28353393e-23  3.26222515e-23  7.09526741e-18\n  -1.07997736e-22  2.51948248e-22  1.14200557e-24  1.97441461e-23\n   2.70820606e-18 -4.65592782e-23  1.00752862e-22  1.35671573e-22\n  -5.45057144e-18  7.67067819e-23 -1.88169863e-22 -4.52461006e-18\n   6.84354636e-23 -1.60292934e-22 -1.12518926e-17  2.56942632e-17\n  -3.83084736e-22]\n [ 1.52259062e-22 -2.12386356e-16 -9.73026395e-23 -4.21044587e-23\n   6.89276049e-23  6.16455672e-23 -1.01486214e-17  1.36484074e-22\n  -3.44913477e-22  6.55236344e-17  2.83531497e-17 -4.64158859e-17\n  -4.15121814e-17  1.41563247e-11 -1.90381804e-16  4.81120221e-16\n   2.40984211e-23  2.06752793e-23  2.95216493e-23  6.47146324e-18\n  -8.85684446e-23  2.21261177e-22  5.62989057e-24  1.72849646e-23\n   2.85120950e-18 -3.34668951e-23  9.27106667e-23  1.19663062e-22\n  -4.52461021e-18  6.84354670e-23 -1.60292943e-22 -4.09582147e-18\n   5.65071374e-23 -1.40425452e-22 -8.89465648e-18  2.28633288e-17\n  -3.21243725e-22]\n [-2.53020699e-17  3.52938892e-11  1.60664968e-17  7.32386812e-18\n  -1.09455956e-17 -1.01486214e-17  1.70196607e-12 -2.12021107e-17\n   5.63939875e-17 -1.08191850e-11 -4.93189427e-12  7.37076996e-12\n   6.83409092e-12 -2.37407461e-06  2.95748503e-11 -7.86640406e-11\n  -3.95852732e-18 -3.42566526e-18 -4.89014391e-18 -1.07631258e-12\n   1.38844166e-17 -3.60724995e-17 -1.32707963e-18 -2.81318237e-18\n  -5.06658356e-13  4.79976005e-18 -1.54888099e-17 -1.95544776e-17\n   7.14473002e-13 -1.12518923e-17  2.56942603e-17  6.78564337e-13\n  -8.89465593e-18  2.28633252e-17  1.36283344e-12 -3.75384832e-12\n   5.10300525e-17]\n [ 3.27528221e-22 -4.56869523e-16 -2.13492837e-22 -7.72959074e-23\n   1.68919625e-22  1.36484074e-22 -2.12021107e-17  3.53612908e-22\n  -7.79418672e-22  1.43766161e-16  5.20510679e-17 -1.13750564e-16\n  -9.19085002e-17  2.95748507e-11 -4.93255087e-16  1.08721204e-15\n   5.37098646e-23  4.48853612e-23  6.41419800e-23  1.38844174e-17\n  -2.24364620e-22  5.04221472e-22 -3.78268118e-24  3.95850538e-23\n   4.79976091e-18 -1.02911723e-22  1.96088915e-22  2.70841205e-22\n  -1.12518930e-17  1.52107256e-22 -3.83084725e-22 -8.89465651e-18\n   1.41671257e-22 -3.21243698e-22 -2.38124161e-17  5.10300568e-17\n  -7.86573913e-22]\n [-8.48968725e-22  1.18422754e-15  5.43824641e-22  2.30694865e-22\n  -3.90660638e-22 -3.44913477e-22  5.63939875e-17 -7.79418672e-22\n   1.93466605e-21 -3.66211721e-16 -1.55349958e-16  2.63071081e-16\n   2.32265051e-16 -7.86640439e-11  1.08721207e-15 -2.69866799e-15\n  -1.34942300e-22 -1.15407413e-22 -1.64802772e-22 -3.60725003e-17\n   5.04221460e-22 -1.24237992e-21 -2.65165943e-23 -9.71148151e-23\n  -1.54888099e-17  1.96088888e-22 -5.15912325e-22 -6.71338833e-22\n   2.56942617e-17 -3.83084723e-22  9.05503438e-22  2.28633268e-17\n  -3.21243701e-22  7.88866656e-22  5.10300522e-17 -1.28048606e-16\n   1.82049912e-21]\n [ 1.62080297e-16 -2.26086010e-10 -1.03472954e-16 -4.51569189e-17\n   7.28502068e-17  6.55236344e-17 -1.08191850e-11  1.43766161e-16\n  -3.66211721e-16  6.96787267e-11  3.04086771e-11 -4.90573681e-11\n  -4.41236754e-11  1.50916947e-05 -2.00539596e-10  5.10829167e-10\n   2.56054145e-17  2.19985053e-17  3.14097424e-17  6.88982050e-12\n  -9.34234232e-17  2.34816806e-16  6.39596811e-18  1.83389846e-17\n   3.06893075e-12 -3.48417276e-17  9.87755848e-17  1.27041236e-16\n  -4.77795588e-12  7.27257163e-17 -1.69662044e-16 -4.35788566e-12\n   5.96420229e-17 -1.48997350e-16 -9.34977194e-12  2.42912369e-11\n  -3.39542938e-16]\n [ 7.20259948e-17 -1.00469151e-10 -4.51569063e-17 -2.26852357e-17\n   2.83015253e-17  2.83531497e-17 -4.93189427e-12  5.20510679e-17\n  -1.55349958e-16  3.04086771e-11  1.52762435e-11 -1.90582625e-11\n  -1.90930370e-11  6.87950554e-06 -7.26060977e-11  2.16697843e-10\n   1.10096380e-17  9.69488997e-18  1.38323371e-17  3.06892998e-12\n  -3.48417126e-17  9.87755503e-17  5.97661712e-18  7.67567409e-18\n   1.62677716e-12 -9.38527824e-18  4.45536893e-17  5.38064091e-17\n  -1.82370619e-12  3.13530280e-17 -6.78469864e-17 -1.92000493e-12\n   2.25366113e-17 -6.24313710e-17 -3.23215894e-12  1.04301678e-11\n  -1.32046292e-16]\n [-1.12598085e-16  1.57063210e-10  7.28502223e-17  2.83015440e-17\n  -5.53828951e-17 -4.64158859e-17  7.37076996e-12 -1.13750564e-16\n   2.63071081e-16 -4.90573681e-11 -1.90582625e-11  3.72948707e-11\n   3.12565000e-11 -1.02814962e-05  1.58670803e-10 -3.66958165e-10\n  -1.82208074e-17 -1.53773297e-17 -2.19678416e-17 -4.77795687e-12\n   7.27257323e-17 -1.69662084e-16 -7.69027637e-19 -1.32957185e-17\n  -1.82370745e-12  3.13530419e-17 -6.78470315e-17 -9.13613093e-17\n   3.67041767e-12 -5.16543877e-17  1.26713685e-16  3.04687483e-12\n  -4.60844771e-17  1.07941347e-16  7.57703035e-12 -1.73025305e-11\n   2.57969463e-16]\n [-1.02531392e-16  1.43021167e-10  6.55236865e-17  2.83531811e-17\n  -4.64159122e-17 -4.15121814e-17  6.83409092e-12 -9.19085002e-17\n   2.32265051e-16 -4.41236754e-11 -1.90930370e-11  3.12565000e-11\n   2.79543410e-11 -9.53288199e-06  1.28203280e-10 -3.23986797e-10\n  -1.62278988e-17 -1.39227520e-17 -1.98799057e-17 -4.35788927e-12\n   5.96420715e-17 -1.48997479e-16 -3.79117356e-18 -1.16397110e-17\n  -1.92000710e-12  2.25366376e-17 -6.24314479e-17 -8.05812152e-17\n   3.04687665e-12 -4.60845061e-17  1.07941414e-16  2.75812993e-12\n  -3.80519580e-17  9.45626280e-17  5.98966980e-12 -1.53961866e-11\n   2.16325818e-16]\n [ 3.52938891e-11 -4.92314903e-05 -2.24111765e-11 -1.02160729e-11\n   1.52680250e-11  1.41563247e-11 -2.37407461e-06  2.95748507e-11\n  -7.86640439e-11  1.50916947e-05  6.87950554e-06 -1.02814962e-05\n  -9.53288199e-06  3.31159965e+00 -4.12539955e-05  1.09728569e-04\n   5.52175473e-12  4.77846478e-12  6.82126788e-12  1.50134977e-06\n  -1.93673900e-11  5.03175747e-11  1.85114510e-12  3.92411161e-12\n   7.06738382e-07 -6.69519122e-12  2.16053604e-11  2.72765653e-11\n  -9.96619283e-07  1.56952787e-11 -3.58409559e-11 -9.46530245e-07\n   1.24071667e-11 -3.18920810e-11 -1.90101807e-06  5.23624774e-06\n  -7.11818840e-11]\n [-4.56869519e-16  6.37287860e-10  2.97801422e-16  1.07820155e-16\n  -2.35626195e-16 -1.90381804e-16  2.95748503e-11 -4.93255087e-16\n   1.08721207e-15 -2.00539596e-10 -7.26060977e-11  1.58670803e-10\n   1.28203280e-10 -4.12539955e-05  6.88042138e-10 -1.51655341e-09\n  -7.49199565e-17 -6.26106457e-17 -8.94717269e-17 -1.93673909e-11\n   3.12966489e-16 -7.03339155e-16  5.27646841e-18 -5.52172405e-17\n  -6.69519226e-12  1.43551693e-16 -2.73524668e-16 -3.77796732e-16\n   1.56952796e-11 -2.12174599e-16  5.34365359e-16  1.24071673e-11\n  -1.97617413e-16  4.48103233e-16  3.32159691e-11 -7.11818893e-11\n   1.09719293e-15]\n [ 1.18422749e-15 -1.65188041e-09 -7.58581641e-16 -3.21796543e-16\n   5.44932990e-16  4.81120221e-16 -7.86640406e-11  1.08721204e-15\n  -2.69866799e-15  5.10829167e-10  2.16697843e-10 -3.66958165e-10\n  -3.23986797e-10  1.09728569e-04 -1.51655341e-09  3.76437520e-09\n   1.88231176e-16  1.60981938e-16  2.29883584e-16  5.03175737e-11\n  -7.03339115e-16  1.73299723e-15  3.69880297e-17  1.35465572e-16\n   2.16053595e-11 -2.73524623e-16  7.19646719e-16  9.36451340e-16\n  -3.58409563e-11  5.34365338e-16 -1.26308783e-15 -3.18920819e-11\n   4.48103222e-16 -1.10039104e-15 -7.11818806e-11  1.78615154e-10\n  -2.53941640e-15]\n [ 5.94547454e-23 -8.29334989e-17 -3.80240570e-23 -1.63493248e-23\n   2.70579047e-23  2.40984211e-23 -3.95852732e-18  5.37098646e-23\n  -1.34942300e-22  2.56054145e-17  1.10096380e-17 -1.82208074e-17\n  -1.62278988e-17  5.52175473e-12 -7.49199565e-17  1.88231176e-16\n   9.42298887e-24  8.07620495e-24  1.15321414e-23  2.52675118e-18\n  -3.48185787e-23  8.65943881e-23  2.08848816e-24  6.76611937e-24\n   1.10413117e-18 -1.32820903e-23  3.61789256e-23  4.68193945e-23\n  -1.77729087e-18  2.67568029e-23 -6.28564998e-23 -1.59993429e-18\n   2.22042420e-23 -5.49664678e-23 -3.50557454e-18  8.94054615e-18\n  -1.26101178e-22]\n [ 5.12317772e-23 -7.14632703e-17 -3.26677947e-23 -1.43969221e-23\n   2.28353393e-23  2.06752793e-23 -3.42566526e-18  4.48853612e-23\n  -1.15407413e-22  2.19985053e-17  9.69488997e-18 -1.53773297e-17\n  -1.39227520e-17  4.77846478e-12 -6.26106457e-17  1.60981938e-16\n   8.07620495e-24  6.94967162e-24  9.92235048e-24  2.17813466e-18\n  -2.92157328e-23  7.39604563e-23  2.16932915e-24  5.77442757e-24\n   9.82442330e-19 -1.07258596e-23  3.12529187e-23  4.00315571e-23\n  -1.49614945e-18  2.29423277e-23 -5.32727446e-23 -1.37669853e-18\n   1.86653064e-23 -4.69183207e-23 -2.91189584e-18  7.66102143e-18\n  -1.06438270e-22]\n [ 7.31428370e-23 -1.02027035e-16 -4.66434879e-23 -2.05410356e-23\n   3.26222515e-23  2.95216493e-23 -4.89014391e-18  6.41419800e-23\n  -1.64802772e-22  3.14097424e-17  1.38323371e-17 -2.19678416e-17\n  -1.98799057e-17  6.82126788e-12 -8.94717269e-17  2.29883584e-16\n   1.15321414e-23  9.92235048e-24  1.41666256e-23  3.10965367e-18\n  -4.17445958e-23  1.05620400e-22  3.08127643e-24  8.24645852e-24\n   1.40128887e-18 -1.53439690e-23  4.46159890e-23  5.71658392e-23\n  -2.13754404e-18  3.27592942e-23 -7.60948470e-23 -1.96557552e-18\n   2.66682295e-23 -6.70036895e-23 -4.16193369e-18  1.09393672e-17\n  -1.52055547e-22]\n [ 1.60664977e-17 -2.24111778e-11 -1.02313879e-17 -4.55736430e-18\n   7.09526741e-18  6.47146324e-18 -1.07631258e-12  1.38844174e-17\n  -3.60725003e-17  6.88982050e-12  3.06892998e-12 -4.77795687e-12\n  -4.35788927e-12  1.50134977e-06 -1.93673909e-11  5.03175737e-11\n   2.52675118e-18  2.17813466e-18  3.10965367e-18  6.83188732e-13\n  -9.05401407e-18  2.31039840e-17  7.31105101e-19  1.80320469e-18\n   3.12359965e-13 -3.26485371e-18  9.81172992e-18  1.25111370e-17\n  -4.64344329e-13  7.17916787e-18 -1.65842289e-17 -4.31469795e-13\n   5.78922291e-18 -1.46525097e-17 -8.98228964e-13  2.39662132e-12\n  -3.30741440e-17]\n [-2.13492840e-22  2.97801428e-16  1.38733841e-22  5.17399895e-23\n  -1.07997736e-22 -8.85684446e-23  1.38844166e-17 -2.24364620e-22\n   5.04221460e-22 -9.34234232e-17 -3.48417126e-17  7.27257323e-17\n   5.96420715e-17 -1.93673900e-11  3.12966489e-16 -7.03339115e-16\n  -3.48185787e-23 -2.92157328e-23 -4.17445958e-23 -9.05401407e-18\n   1.42790565e-22 -3.25779945e-22  8.42140240e-25 -2.55572755e-23\n  -3.26485399e-18  6.39224271e-23 -1.28158232e-22 -1.75170517e-22\n   7.17916799e-18 -9.86481938e-23  2.45796436e-22  5.78922299e-18\n  -9.02906035e-23  2.07438041e-22  1.50436979e-17 -3.30741451e-17\n   5.02953324e-22]\n [ 5.43824661e-22 -7.58581701e-16 -3.48703107e-22 -1.46681806e-22\n   2.51948248e-22  2.21261177e-22 -3.60724995e-17  5.04221472e-22\n  -1.24237992e-21  2.34816806e-16  9.87755503e-17 -1.69662084e-16\n  -1.48997479e-16  5.03175747e-11 -7.03339155e-16  1.73299723e-15\n   8.65943881e-23  7.39604563e-23  1.05620400e-22  2.31039840e-17\n  -3.25779945e-22  7.98162558e-22  1.56753545e-23  6.24070475e-23\n   9.81172975e-18 -1.28158218e-22  3.30202768e-22  4.31147513e-22\n  -1.65842294e-17  2.45796440e-22 -5.83194904e-22 -1.46525104e-17\n   2.07438048e-22 -5.06905681e-22 -3.30741429e-17  8.21765944e-17\n  -1.17403594e-21]\n [ 1.69299540e-23 -2.36156150e-17 -9.49801843e-24 -8.87527867e-24\n   1.14200557e-24  5.62989057e-24 -1.32707963e-18 -3.78268118e-24\n  -2.65165943e-23  6.39596811e-18  5.97661712e-18 -7.69027637e-19\n  -3.79117356e-18  1.85114510e-12  5.27646841e-18  3.69880297e-17\n   2.08848816e-24  2.16932915e-24  3.08127643e-24  7.31105101e-19\n   8.42140240e-25  1.56753545e-23  5.64633811e-24  1.16290912e-24\n   7.38269231e-19  6.04579439e-24  1.13647339e-23  9.06297264e-24\n  -2.33143151e-20  6.06354085e-24 -5.73313418e-24 -4.28877113e-19\n  -7.15082858e-26 -9.55843730e-24  4.88950591e-19  1.95841196e-18\n  -5.54108631e-24]\n [ 4.24473496e-23 -5.92098612e-17 -2.72334038e-23 -1.13983849e-23\n   1.97441461e-23  1.72849646e-23 -2.81318237e-18  3.95850538e-23\n  -9.71148151e-23  1.83389846e-17  7.67567409e-18 -1.32957185e-17\n  -1.16397110e-17  3.92411161e-12 -5.52172405e-17  1.35465572e-16\n   6.76611937e-24  5.77442757e-24  8.24645852e-24  1.80320469e-18\n  -2.55572755e-23  6.24070475e-23  1.16290912e-24  4.88024365e-24\n   7.60753454e-19 -1.01210883e-23  2.57606913e-23  3.37037341e-23\n  -1.30024699e-18  1.92039037e-23 -4.56662810e-23 -1.14399832e-18\n   1.62679522e-23 -3.96388029e-23 -2.59939031e-18  6.42120807e-18\n  -9.20017800e-23]\n [ 7.32386846e-18 -1.02160734e-11 -4.55736430e-18 -2.41576548e-18\n   2.70820606e-18  2.85120950e-18 -5.06658356e-13  4.79976091e-18\n  -1.54888099e-17  3.06893075e-12  1.62677716e-12 -1.82370745e-12\n  -1.92000710e-12  7.06738382e-07 -6.69519226e-12  2.16053595e-11\n   1.10413117e-18  9.82442330e-19  1.40128887e-18  3.12359965e-13\n  -3.26485399e-18  9.81172975e-18  7.38269231e-19  7.60753454e-19\n   1.76370224e-13 -7.00355695e-19  4.55784444e-18  5.36091348e-18\n  -1.72965229e-13  3.14789257e-18 -6.58454998e-18 -1.94542933e-13\n   2.12636494e-18 -6.19078392e-18 -2.90226096e-13  1.04539718e-12\n  -1.26422148e-17]\n [-7.72959008e-23  1.07820147e-16  5.17399851e-23  1.39371564e-23\n  -4.65592782e-23 -3.34668951e-23  4.79976005e-18 -1.02911723e-22\n   1.96088888e-22 -3.48417276e-17 -9.38527824e-18  3.13530419e-17\n   2.25366376e-17 -6.69519122e-12  1.43551693e-16 -2.73524623e-16\n  -1.32820903e-23 -1.07258596e-23 -1.53439690e-23 -3.26485371e-18\n   6.39224271e-23 -1.28158218e-22  6.04579439e-24 -1.01210883e-23\n  -7.00355695e-19  3.43122293e-23 -4.51925331e-23 -6.82726547e-23\n   3.14789240e-18 -3.74837571e-23  1.02816920e-22  2.12636473e-18\n  -3.99567566e-23  8.20286124e-23  7.13671903e-18 -1.26422142e-17\n   2.16606184e-22]\n [ 2.30694878e-22 -3.21796574e-16 -1.46681808e-22 -6.61622755e-23\n   1.00752862e-22  9.27106667e-23 -1.54888099e-17  1.96088915e-22\n  -5.15912325e-22  9.87755848e-17  4.45536893e-17 -6.78470315e-17\n  -6.24314479e-17  2.16053604e-11 -2.73524668e-16  7.19646719e-16\n   3.61789256e-23  3.12529187e-23  4.46159890e-23  9.81172992e-18\n  -1.28158232e-22  3.30202768e-22  1.13647339e-23  2.57606913e-23\n   4.55784444e-18 -4.51925331e-23  1.41066585e-22  1.78911669e-22\n  -6.58455031e-18  1.02816932e-22 -2.36040977e-22 -6.19078431e-18\n   8.20286245e-23 -2.09345995e-22 -1.26422147e-17  3.43116761e-17\n  -4.69691857e-22]\n [ 2.94457701e-22 -4.10739417e-16 -1.88656316e-22 -7.99025788e-23\n   1.35671573e-22  1.19663062e-22 -1.95544776e-17  2.70841205e-22\n  -6.71338833e-22  1.27041236e-16  5.38064091e-17 -9.13613093e-17\n  -8.05812152e-17  2.72765653e-11 -3.77796732e-16  9.36451340e-16\n   4.68193945e-23  4.00315571e-23  5.71658392e-23  1.25111370e-17\n  -1.75170517e-22  4.31147513e-22  9.06297264e-24  3.37037341e-23\n   5.36091348e-18 -6.82726547e-23  1.78911669e-22  2.32961572e-22\n  -8.92465416e-18  1.32911021e-22 -3.14389204e-22 -7.93066263e-18\n   1.11590414e-22 -2.73773541e-22 -1.77388211e-17  4.44281806e-17\n  -6.32230922e-22]\n [-1.09455964e-17  1.52680260e-11  7.09526744e-18  2.70820605e-18\n  -5.45057144e-18 -4.52461021e-18  7.14473002e-13 -1.12518930e-17\n   2.56942617e-17 -4.77795588e-12 -1.82370619e-12  3.67041767e-12\n   3.04687665e-12 -9.96619283e-07  1.56952796e-11 -3.58409563e-11\n  -1.77729087e-18 -1.49614945e-18 -2.13754404e-18 -4.64344329e-13\n   7.17916799e-18 -1.65842294e-17 -2.33143151e-20 -1.30024699e-18\n  -1.72965229e-13  3.14789240e-18 -6.58455031e-18 -8.92465416e-18\n   3.61715494e-13 -5.03713463e-18  1.24416509e-17  2.96456980e-13\n  -4.54496072e-18  1.05549692e-17  7.51703240e-13 -1.68795134e-12\n   2.53862998e-17]\n [ 1.68919626e-22 -2.35626199e-16 -1.07997736e-22 -4.65592815e-23\n   7.67067819e-23  6.84354670e-23 -1.12518923e-17  1.52107256e-22\n  -3.83084723e-22  7.27257163e-17  3.13530280e-17 -5.16543877e-17\n  -4.60845061e-17  1.56952787e-11 -2.12174599e-16  5.34365338e-16\n   2.67568029e-23  2.29423277e-23  3.27592942e-23  7.17916787e-18\n  -9.86481938e-23  2.45796440e-22  6.06354085e-24  1.92039037e-23\n   3.14789257e-18 -3.74837571e-23  1.02816932e-22  1.32911021e-22\n  -5.03713463e-18  7.59800081e-23 -1.78271822e-22 -4.54496078e-18\n   6.29211493e-23 -1.56011155e-22 -9.92162550e-18  2.53863003e-17\n  -3.57491383e-22]\n [-3.90660643e-22  5.44933019e-16  2.51948242e-22  1.00752858e-22\n  -1.88169863e-22 -1.60292943e-22  2.56942603e-17 -3.83084725e-22\n   9.05503438e-22 -1.69662044e-16 -6.78469864e-17  1.26713685e-16\n   1.07941414e-16 -3.58409559e-11  5.34365359e-16 -1.26308783e-15\n  -6.28564998e-23 -5.32727446e-23 -7.60948470e-23 -1.65842289e-17\n   2.45796436e-22 -5.83194904e-22 -5.73313418e-24 -4.56662810e-23\n  -6.58454998e-18  1.02816920e-22 -2.36040977e-22 -3.14389204e-22\n   1.24416509e-17 -1.78271822e-22  4.32253743e-22  1.05549694e-17\n  -1.56011156e-22  3.70806932e-22  2.53862982e-17 -5.96749549e-17\n   8.76604284e-22]\n [-1.01486216e-17  1.41563250e-11  6.47146304e-18  2.85120941e-18\n  -4.52461006e-18 -4.09582147e-18  6.78564337e-13 -8.89465651e-18\n   2.28633268e-17 -4.35788566e-12 -1.92000493e-12  3.04687483e-12\n   2.75812993e-12 -9.46530245e-07  1.24071673e-11 -3.18920819e-11\n  -1.59993429e-18 -1.37669853e-18 -1.96557552e-18 -4.31469795e-13\n   5.78922299e-18 -1.46525104e-17 -4.28877113e-19 -1.14399832e-18\n  -1.94542933e-13  2.12636473e-18 -6.19078431e-18 -7.93066263e-18\n   2.96456980e-13 -4.54496078e-18  1.05549694e-17  2.72717902e-13\n  -3.69853018e-18  9.29518473e-18  5.77074537e-13 -1.51768839e-12\n   2.10897155e-17]\n [ 1.36484070e-22 -1.90381800e-16 -8.85684409e-23 -3.34668973e-23\n   6.84354636e-23  5.65071374e-23 -8.89465593e-18  1.41671257e-22\n  -3.21243701e-22  5.96420229e-17  2.25366113e-17 -4.60844771e-17\n  -3.80519580e-17  1.24071667e-11 -1.97617413e-16  4.48103222e-16\n   2.22042420e-23  1.86653064e-23  2.66682295e-23  5.78922291e-18\n  -9.02906035e-23  2.07438048e-22 -7.15082858e-26  1.62679522e-23\n   2.12636494e-18 -3.99567566e-23  8.20286245e-23  1.11590414e-22\n  -4.54496072e-18  6.29211493e-23 -1.56011156e-22 -3.69853018e-18\n   5.71310317e-23 -1.32050143e-22 -9.47985950e-18  2.10897159e-17\n  -3.18727135e-22]\n [-3.44913463e-22  4.81120221e-16  2.21261160e-22  9.27106578e-23\n  -1.60292934e-22 -1.40425452e-22  2.28633252e-17 -3.21243698e-22\n   7.88866656e-22 -1.48997350e-16 -6.24313710e-17  1.07941347e-16\n   9.45626280e-17 -3.18920810e-11  4.48103233e-16 -1.10039104e-15\n  -5.49664678e-23 -4.69183207e-23 -6.70036895e-23 -1.46525097e-17\n   2.07438041e-22 -5.06905681e-22 -9.55843730e-24 -3.96388029e-23\n  -6.19078392e-18  8.20286124e-23 -2.09345995e-22 -2.73773541e-22\n   1.05549692e-17 -1.56011155e-22  3.70806932e-22  9.29518473e-18\n  -1.32050143e-22  3.21960623e-22  2.10897138e-17 -5.21639875e-17\n   7.46921464e-22]\n [-2.12021115e-17  2.95748517e-11  1.38844170e-17  4.79976072e-18\n  -1.12518926e-17 -8.89465648e-18  1.36283344e-12 -2.38124161e-17\n   5.10300522e-17 -9.34977194e-12 -3.23215894e-12  7.57703035e-12\n   5.98966980e-12 -1.90101807e-06  3.32159691e-11 -7.11818806e-11\n  -3.50557454e-18 -2.91189584e-18 -4.16193369e-18 -8.98228964e-13\n   1.50436979e-17 -3.30741429e-17  4.88950591e-19 -2.59939031e-18\n  -2.90226096e-13  7.13671903e-18 -1.26422147e-17 -1.77388211e-17\n   7.51703240e-13 -9.92162550e-18  2.53862982e-17  5.77074537e-13\n  -9.47985950e-18  2.10897138e-17  1.61332266e-12 -3.33174791e-12\n   5.23850851e-17]\n [ 5.63939942e-17 -7.86640532e-11 -3.60725024e-17 -1.54888108e-17\n   2.56942632e-17  2.28633288e-17 -3.75384832e-12  5.10300568e-17\n  -1.28048606e-16  2.42912369e-11  1.04301678e-11 -1.73025305e-11\n  -1.53961866e-11  5.23624774e-06 -7.11818893e-11  1.78615154e-10\n   8.94054615e-18  7.66102143e-18  1.09393672e-17  2.39662132e-12\n  -3.30741451e-17  8.21765944e-17  1.95841196e-18  6.42120807e-18\n   1.04539718e-12 -1.26422142e-17  3.43116761e-17  4.44281806e-17\n  -1.68795134e-12  2.53863003e-17 -5.96749549e-17 -1.51768839e-12\n   2.10897159e-17 -5.21639875e-17 -3.33174791e-12  8.48290714e-12\n  -1.19745060e-16]\n [-7.79418706e-22  1.08721213e-15  5.04221475e-22  1.96088911e-22\n  -3.83084736e-22 -3.21243725e-22  5.10300525e-17 -7.86573913e-22\n   1.82049912e-21 -3.39542938e-16 -1.32046292e-16  2.57969463e-16\n   2.16325818e-16 -7.11818840e-11  1.09719293e-15 -2.53941640e-15\n  -1.26101178e-22 -1.06438270e-22 -1.52055547e-22 -3.30741440e-17\n   5.02953324e-22 -1.17403594e-21 -5.54108631e-24 -9.20017800e-23\n  -1.26422148e-17  2.16606184e-22 -4.69691857e-22 -6.32230922e-22\n   2.53862998e-17 -3.57491383e-22  8.76604284e-22  2.10897155e-17\n  -3.18727135e-22  7.46921464e-22  5.23850851e-17 -1.19745060e-16\n   1.78438933e-21]]', 'hess_sum': '[[-1.60618349e-22  2.24046741e-16  9.38128832e-23  7.24486190e-23\n  -2.91138056e-23 -5.68440753e-23  1.20336019e-17 -1.72470383e-23\n   2.84738230e-22 -6.31736279e-17 -4.87869263e-17  1.96052549e-17\n   3.82788490e-17 -1.67856850e-11  2.40579289e-17 -3.97181670e-16\n  -2.14704763e-23 -2.09440708e-23 -2.97968658e-23 -6.90384867e-18\n   2.19713071e-23 -1.73735144e-22 -3.94979070e-23 -1.31601189e-23\n  -5.82354758e-18 -2.99842468e-23 -1.04860091e-22 -9.78727643e-23\n   1.56585524e-18 -6.18589179e-23  8.82758713e-23  4.14324490e-18\n  -1.71313499e-23  1.07654949e-22 -4.96579047e-19 -2.02160951e-17\n   1.37149397e-22]\n [ 2.24046741e-16 -3.12523079e-10 -1.30859607e-16 -1.01058636e-16\n   4.06109129e-17  7.92919673e-17 -1.67856835e-11  2.40579074e-17\n  -3.97181645e-16  8.81209173e-11  6.80529340e-11 -2.73474198e-11\n  -5.33952953e-11  2.34143740e-05 -3.35584671e-11  5.54029101e-10\n   2.99492149e-17  2.92149783e-17  4.15637535e-17  9.63017886e-12\n  -3.06478490e-17  2.42343292e-16  5.50956178e-17  1.83570368e-17\n   8.12327339e-12  4.18251236e-17  1.46269418e-16  1.36523075e-16\n  -2.18421550e-12  8.62870119e-17 -1.23136152e-16 -5.77942658e-12\n   2.38965898e-17 -1.50168271e-16  6.92677704e-13  2.81994561e-11\n  -1.91309862e-16]\n [ 9.38128832e-23 -1.30859607e-16 -4.19696106e-22  1.11699613e-24\n  -1.30549821e-22 -1.70930336e-22 -6.90385050e-18  2.19713172e-23\n  -1.73735167e-22  2.82623531e-16 -7.52181498e-19  8.79123743e-17\n   1.15104649e-16  9.63017919e-12 -3.06478563e-17  2.42343279e-16\n   8.09452823e-23 -1.23602913e-22 -9.03911054e-23  2.99771559e-17\n  -1.85050557e-22  8.31406864e-22  7.53212172e-23  7.75747521e-23\n  -4.30254873e-19 -3.29578899e-23  1.86687859e-23 -2.09436060e-22\n   8.80253017e-18 -1.07393003e-22  2.89723197e-22  1.21303347e-17\n  -8.28593906e-23  3.43286304e-22 -6.37480840e-19  1.21740557e-17\n  -9.90443385e-23]\n [ 7.24486190e-23 -1.01058636e-16  1.11699613e-24 -3.38224248e-22\n  -1.12144096e-22 -8.89308200e-23 -5.82354798e-18 -2.99842523e-23\n  -1.04860109e-22 -7.52188370e-19  2.27760416e-16  7.55178918e-17\n   5.98860716e-17  8.12327411e-12  4.18251164e-17  1.46269378e-16\n   2.31520376e-22  8.67993913e-23  7.39167597e-23 -4.30255497e-19\n  -3.29578887e-23  1.86687071e-23  1.48217683e-22  4.46810626e-23\n   2.54727076e-17 -2.36441501e-23  5.91679418e-22 -7.73566743e-23\n   9.04344501e-18  4.91906734e-23  1.60580222e-22  6.35450691e-18\n  -3.89680279e-23  1.76017944e-22  3.16795082e-18  7.95580585e-18\n  -1.74985149e-24]\n [-2.91138056e-23  4.06109129e-17 -1.30549821e-22 -1.12144096e-22\n  -3.56521071e-22 -2.90997967e-22  1.56585658e-18 -6.18589183e-23\n   8.82759258e-23  8.79123604e-17  7.55178781e-17  2.40081540e-16\n   1.95958306e-16 -2.18421523e-12  8.62870144e-17 -1.23136175e-16\n   1.19592491e-22  1.73794787e-23 -5.12844793e-23  8.80252973e-18\n  -1.07393005e-22  2.89723186e-22  1.16067224e-22  7.10911913e-24\n   9.04344463e-18  4.91906828e-23  1.60580222e-22 -4.32865510e-22\n   2.65740596e-17 -5.13264691e-23  6.40169543e-22  2.04688562e-17\n  -1.58458693e-22  5.95282538e-22  4.48864170e-18 -5.47297293e-18\n   1.18351459e-22]\n [-5.68440753e-23  7.92919673e-17 -1.70930336e-22 -8.89308200e-23\n  -2.90997967e-22 -5.98103841e-22  4.14324588e-18 -1.71313477e-23\n   1.07654960e-22  1.15104617e-16  5.98860581e-17  1.95958325e-16\n   4.02763711e-16 -5.77942521e-12  2.38965846e-17 -1.50168260e-16\n   1.15281278e-22 -5.36552967e-23 -8.87646497e-23  1.21303350e-17\n  -8.28593975e-23  3.43286273e-22  9.95331884e-24  1.95030932e-22\n   6.35450792e-18 -3.89680141e-23  1.76017942e-22 -5.49256851e-22\n   2.04688594e-17 -1.58458734e-22  5.95282419e-22  4.46632927e-17\n  -7.82468660e-23  1.06904984e-21  6.83931125e-19 -7.49420731e-18\n   6.60919662e-23]\n [ 1.20336019e-17 -1.67856835e-11 -6.90385050e-18 -5.82354798e-18\n   1.56585658e-18  4.14324588e-18 -9.20304348e-13 -4.96577711e-19\n  -2.02160964e-17  4.64905359e-12  3.92157990e-12 -1.05444765e-12\n  -2.79006559e-12  1.28373330e-06  6.92677523e-13  2.81994507e-11\n   1.55281225e-18  1.55691249e-18  2.21340417e-18  5.18327480e-13\n  -6.37480620e-19  1.21740550e-17  3.43286888e-18  9.14347162e-19\n   4.76046496e-13  3.16794998e-18  7.95580546e-18  6.93238937e-18\n  -7.20471121e-14  4.48864204e-18 -5.47297344e-18 -3.07909296e-13\n   6.83930451e-19 -7.49420497e-18  1.76649024e-13  1.45951762e-12\n  -7.42795796e-18]\n [-1.72470383e-23  2.40579074e-17  2.19713172e-23 -2.99842523e-23\n  -6.18589183e-23 -1.71313477e-23 -4.96577711e-19 -1.72575356e-22\n   1.37149429e-22 -1.47955060e-17  2.01914277e-17  4.16558114e-17\n   1.15362583e-17  6.92676909e-13  2.40725601e-16 -1.91309852e-16\n  -7.62799495e-24 -3.41593554e-24 -5.01217981e-24 -6.37480103e-19\n   9.86255390e-23 -9.90443831e-23  4.09672673e-23 -8.24832205e-24\n   3.16794967e-18  8.47331647e-23 -1.74986254e-24 -4.87141662e-23\n   4.48863915e-18 -2.05634632e-23  1.18351467e-22  6.83931151e-19\n  -5.90634442e-23  6.60919331e-23  1.32558367e-17 -7.42796059e-18\n   2.86487053e-22]\n [ 2.84738230e-22 -3.97181645e-16 -1.73735167e-22 -1.04860109e-22\n   8.82759258e-23  1.07654960e-22 -2.02160964e-17  1.37149429e-22\n  -5.71302594e-22  1.16993336e-16  7.06128269e-17 -5.94450566e-17\n  -7.24949027e-17  2.81994518e-11 -1.91309892e-16  7.96910522e-16\n   4.13846942e-23  3.78573451e-23  5.39542574e-23  1.21740539e-17\n  -9.90443442e-23  3.58174284e-22  4.17988616e-23  2.75966671e-23\n   7.95580464e-18 -1.74980994e-24  1.79955404e-22  1.97354628e-22\n  -5.47297151e-18  1.18351482e-22 -2.24455949e-22 -7.49420256e-18\n   6.60919461e-23 -2.24888503e-22 -7.42795909e-18  3.91201286e-17\n  -4.12780184e-22]\n [-6.31736279e-17  8.81209173e-11  2.82623531e-16 -7.52188370e-19\n   8.79123604e-17  1.15104617e-16  4.64905359e-12 -1.47955060e-17\n   1.16993336e-16 -1.90318810e-10  5.06515975e-13 -5.92002734e-11\n  -7.75115592e-11 -6.48496493e-06  2.06382870e-11 -1.63194087e-10\n  -5.45086069e-17  8.32342370e-17  6.08694218e-17 -2.01866308e-11\n   1.24613126e-16 -5.59869746e-16 -5.07213257e-17 -5.22388638e-17\n   2.89733402e-13  2.21938456e-17 -1.25715562e-17  1.41034409e-16\n  -5.92763212e-12  7.23185166e-17 -1.95099842e-16 -8.16857728e-12\n   5.57975603e-17 -2.31169269e-16  4.29280851e-13 -8.19801373e-12\n   6.66965255e-17]\n [-4.87869263e-17  6.80529340e-11 -7.52181498e-19  2.27760416e-16\n   7.55178781e-17  5.98860581e-17  3.92157990e-12  2.01914277e-17\n   7.06128269e-17  5.06515975e-13 -1.53373976e-10 -5.08537730e-11\n  -4.03273089e-11 -5.47021662e-06 -2.81650728e-11 -9.84978724e-11\n  -1.55905941e-16 -5.84507266e-17 -4.97755670e-17  2.89733466e-13\n   2.21938655e-17 -1.25715393e-17 -9.98098847e-17 -3.00882591e-17\n  -1.71533348e-11  1.59219755e-17 -3.98437285e-16  5.20920140e-17\n  -6.08985932e-12 -3.31250441e-17 -1.08134765e-16 -4.27912838e-12\n   2.62410570e-17 -1.18530542e-16 -2.13330016e-12 -5.35744246e-12\n   1.17830462e-18]\n [ 1.96052549e-17 -2.73474198e-11  8.79123743e-17  7.55178918e-17\n   2.40081540e-16  1.95958325e-16 -1.05444765e-12  4.16558114e-17\n  -5.94450566e-17 -5.92002734e-11 -5.08537730e-11 -1.61671077e-10\n  -1.31958523e-10  1.47085176e-06 -5.81057109e-11  8.29199773e-11\n  -8.05336271e-17 -1.17033215e-17  3.45350365e-17 -5.92763244e-12\n   7.23185203e-17 -1.95099851e-16 -7.81597499e-17 -4.78729615e-18\n  -6.08986081e-12 -3.31250463e-17 -1.08134800e-16  2.91492008e-16\n  -1.78949890e-11  3.45632645e-17 -4.31090669e-16 -1.37837484e-11\n   1.06706201e-16 -4.00863718e-16 -3.02265280e-12  3.68550260e-12\n  -7.96979045e-17]\n [ 3.82788490e-17 -5.33952953e-11  1.15104649e-16  5.98860716e-17\n   1.95958306e-16  4.02763711e-16 -2.79006559e-12  1.15362583e-17\n  -7.24949027e-17 -7.75115592e-11 -4.03273089e-11 -1.31958523e-10\n  -2.71221463e-10  3.89187050e-06 -1.60919754e-11  1.01123465e-10\n  -7.76304695e-17  3.61315419e-17  5.97742339e-17 -8.16857937e-12\n   5.57975801e-17 -2.31169301e-16 -6.70258383e-18 -1.31333983e-16\n  -4.27912942e-12  2.62410690e-17 -1.18530575e-16  3.69870141e-16\n  -1.37837480e-11  1.06706162e-16 -4.00863659e-16 -3.00763010e-11\n   5.26914832e-17 -7.19899147e-16 -4.60559162e-13  5.04660418e-12\n  -4.45063854e-17]\n [-1.67856850e-11  2.34143740e-05  9.63017919e-12  8.12327411e-12\n  -2.18421523e-12 -5.77942521e-12  1.28373330e-06  6.92676909e-13\n   2.81994518e-11 -6.48496493e-06 -5.47021662e-06  1.47085176e-06\n   3.89187050e-06 -1.79068150e+00 -9.66217695e-07 -3.93354540e-05\n  -2.16602130e-12 -2.17174451e-12 -3.08748424e-12 -7.23015103e-07\n   8.89227621e-13 -1.69815968e-11 -4.78850805e-12 -1.27542211e-12\n  -6.64037958e-07 -4.41897989e-12 -1.10975584e-11 -9.67001390e-12\n   1.00498683e-07 -6.26120697e-12  7.63425786e-12  4.29503802e-07\n  -9.54019150e-13  1.04536923e-11 -2.46407983e-07 -2.03588288e-06\n   1.03612777e-11]\n [ 2.40579289e-17 -3.35584671e-11 -3.06478563e-17  4.18251164e-17\n   8.62870144e-17  2.38965846e-17  6.92677523e-13  2.40725601e-16\n  -1.91309892e-16  2.06382870e-11 -2.81650728e-11 -5.81057109e-11\n  -1.60919754e-11 -9.66217695e-07 -3.35788425e-10  2.66858416e-10\n   1.06403078e-17  4.76490469e-18  6.99149327e-18  8.89227850e-13\n  -1.37572769e-16  1.38157120e-16 -5.71452950e-17  1.15055596e-17\n  -4.41898020e-12 -1.18194390e-16  2.44078315e-18  6.79514797e-17\n  -6.26120645e-12  2.86840049e-17 -1.65088469e-16 -9.54019201e-13\n   8.23877506e-17 -9.21919006e-17 -1.84905872e-11  1.03612771e-11\n  -3.99621251e-16]\n [-3.97181670e-16  5.54029101e-10  2.42343279e-16  1.46269378e-16\n  -1.23136175e-16 -1.50168260e-16  2.81994507e-11 -1.91309852e-16\n   7.96910522e-16 -1.63194087e-10 -9.84978724e-11  8.29199773e-11\n   1.01123465e-10 -3.93354540e-05  2.66858416e-10 -1.11161159e-09\n  -5.77275511e-17 -5.28073980e-17 -7.52610291e-17 -1.69815956e-11\n   1.38157126e-16 -4.99617326e-16 -5.83051932e-17 -3.84945337e-17\n  -1.10975575e-11  2.44076252e-18 -2.51019876e-16 -2.75290504e-16\n   7.63425679e-12 -1.65088450e-16  3.13094030e-16  1.04536905e-11\n  -9.21919142e-17  3.13697662e-16  1.03612722e-11 -5.45687275e-11\n   5.75787626e-16]\n [-2.14704763e-23  2.99492149e-17  8.09452823e-23  2.31520376e-22\n   1.19592491e-22  1.15281278e-22  1.55281225e-18 -7.62799495e-24\n   4.13846942e-23 -5.45086069e-17 -1.55905941e-16 -8.05336271e-17\n  -7.76304695e-17 -2.16602130e-12  1.06403078e-17 -5.77275511e-17\n  -3.56848682e-22 -1.45367110e-22 -8.96994073e-23 -5.69605145e-18\n   4.38536617e-23 -1.65446578e-22 -6.78681168e-23 -1.35997798e-22\n  -1.61119896e-17  1.42601997e-22 -4.83931046e-22 -4.46755621e-24\n  -8.48221046e-18  5.84364479e-23 -2.40471684e-22 -8.62162240e-18\n   1.38394002e-23 -2.05278106e-22  3.48549983e-19 -2.86626447e-18\n   2.68057861e-23]\n [-2.09440708e-23  2.92149783e-17 -1.23602913e-22  8.67993913e-23\n   1.73794787e-23 -5.36552967e-23  1.55691249e-18 -3.41593554e-24\n   3.78573451e-23  8.32342370e-17 -5.84507266e-17 -1.17033215e-17\n   3.61315419e-17 -2.17174451e-12  4.76490469e-18 -5.28073980e-17\n  -1.45367110e-22 -1.73491725e-22 -1.01479803e-22  8.63866992e-18\n  -7.26113770e-23  2.56161139e-22  8.49621033e-24 -3.41675000e-23\n  -6.19494799e-18  3.87267940e-23 -1.72231678e-22 -1.37719194e-22\n  -1.71651138e-18 -3.76887637e-23 -6.11741242e-24  3.87251415e-18\n  -1.98265266e-23  1.03898242e-22  2.62221793e-20 -2.67204385e-18\n   1.97414281e-23]\n [-2.97968658e-23  4.15637535e-17 -9.03911054e-23  7.39167597e-23\n  -5.12844793e-23 -8.87646497e-23  2.21340417e-18 -5.01217981e-24\n   5.39542574e-23  6.08694218e-17 -4.97755670e-17  3.45350365e-17\n   5.97742339e-17 -3.08748424e-12  6.99149327e-18 -7.52610291e-17\n  -8.96994073e-23 -1.01479803e-22 -1.30373023e-22  6.39870342e-18\n  -4.53484913e-23  1.82491832e-22 -2.88580686e-23 -2.81491860e-23\n  -5.60617708e-18  1.41829314e-24 -1.26967462e-22 -2.44606912e-22\n   3.85962785e-18 -3.84888950e-24  8.98802011e-23  6.14400675e-18\n  -5.78527078e-23  1.87523293e-22  4.91840082e-20 -3.80617434e-18\n   2.83284087e-23]\n [-6.90384867e-18  9.63017886e-12  2.99771559e-17 -4.30255497e-19\n   8.80252973e-18  1.21303350e-17  5.18327480e-13 -6.37480103e-19\n   1.21740539e-17 -2.01866308e-11  2.89733466e-13 -5.92763244e-12\n  -8.16857937e-12 -7.23015103e-07  8.89227850e-13 -1.69815956e-11\n  -5.69605145e-18  8.63866992e-18  6.39870342e-18 -2.17888595e-12\n   9.61523467e-18 -5.71353036e-17 -5.06371043e-18 -6.05410824e-18\n   5.97727711e-14  2.58211608e-18 -8.77994289e-19  1.45266347e-17\n  -5.97354275e-13  6.87563645e-18 -1.93068811e-17 -8.75307337e-13\n   4.50018890e-18 -2.35003400e-17 -2.94400903e-14 -8.65749557e-13\n   5.72977681e-18]\n [ 2.19713071e-23 -3.06478490e-17 -1.85050557e-22 -3.29578887e-23\n  -1.07393005e-22 -8.28593975e-23 -6.37480620e-19  9.86255390e-23\n  -9.90443442e-23  1.24613126e-16  2.21938655e-17  7.23185203e-17\n   5.57975801e-17  8.89227621e-13 -1.37572769e-16  1.38157126e-16\n   4.38536617e-23 -7.26113770e-23 -4.53484913e-23  9.61523467e-18\n  -4.25395135e-22  5.81200327e-22  6.33869950e-23 -1.47839647e-23\n   2.58211772e-18  7.23627838e-24  5.17000200e-23 -1.33624683e-22\n   6.87563679e-18 -1.23229151e-22  2.60109659e-22  4.50019069e-18\n  -1.71883941e-22  2.48634786e-22 -7.43674538e-18  5.72978006e-18\n  -1.71999046e-22]\n [-1.73735144e-22  2.42343292e-16  8.31406864e-22  1.86687071e-23\n   2.89723186e-22  3.43286273e-22  1.21740550e-17 -9.90443831e-23\n   3.58174284e-22 -5.59869746e-16 -1.25715393e-17 -1.95099851e-16\n  -2.31169301e-16 -1.69815968e-11  1.38157120e-16 -4.99617326e-16\n  -1.65446578e-22  2.56161139e-22  1.82491832e-22 -5.71353036e-17\n   5.81200327e-22 -1.78097208e-21 -1.68047192e-22 -1.23092710e-22\n  -8.77993768e-19  5.17000226e-23 -6.41176626e-23  4.40657099e-22\n  -1.93068802e-17  2.60109636e-22 -6.56563844e-22 -2.35003390e-17\n   2.48634781e-22 -7.40764899e-22  5.72978121e-18 -2.43424889e-17\n   2.76313833e-22]\n [-3.94979070e-23  5.50956178e-17  7.53212172e-23  1.48217683e-22\n   1.16067224e-22  9.95331884e-24  3.43286888e-18  4.09672673e-23\n   4.17988616e-23 -5.07213257e-17 -9.98098847e-17 -7.81597499e-17\n  -6.70258383e-18 -4.78850805e-12 -5.71452950e-17 -5.83051932e-17\n  -6.78681168e-23  8.49621033e-24 -2.88580686e-23 -5.06371043e-18\n   6.33869950e-23 -1.68047192e-22 -1.70425811e-22  4.78136238e-23\n  -1.20382981e-17 -7.32059110e-23 -2.07120516e-22  8.85442459e-23\n  -9.27774116e-18 -4.30783663e-23 -1.71087662e-22 -1.14008425e-19\n   6.13604091e-23 -5.52820778e-23 -3.64645560e-18 -3.57923969e-18\n  -3.82369849e-23]\n [-1.31601189e-23  1.83570368e-17  7.75747521e-23  4.46810626e-23\n   7.10911913e-24  1.95030932e-22  9.14347162e-19 -8.24832205e-24\n   2.75966671e-23 -5.22388638e-17 -3.00882591e-17 -4.78729615e-18\n  -1.31333983e-16 -1.27542211e-12  1.15055596e-17 -3.84945337e-17\n  -1.35997798e-22 -3.41675000e-23 -2.81491860e-23 -6.05410824e-18\n  -1.47839647e-23 -1.23092710e-22  4.78136238e-23 -2.07644736e-22\n  -2.24914732e-18  1.09631096e-22 -1.44651359e-22  2.67529865e-25\n   3.86077687e-19  8.84470907e-23 -6.73395728e-23 -1.54852593e-17\n  -6.24231173e-23 -2.93702501e-22  4.92168930e-19 -1.86686792e-18\n   2.21175989e-23]\n [-5.82354758e-18  8.12327339e-12 -4.30254873e-19  2.54727076e-17\n   9.04344463e-18  6.35450792e-18  4.76046496e-13  3.16794967e-18\n   7.95580464e-18  2.89733402e-13 -1.71533348e-11 -6.08986081e-12\n  -4.27912942e-12 -6.64037958e-07 -4.41898020e-12 -1.10975575e-11\n  -1.61119896e-17 -6.19494799e-18 -5.60617708e-18  5.97727711e-14\n   2.58211772e-18 -8.77993768e-19 -1.20382981e-17 -2.24914732e-18\n  -1.95839317e-12 -2.03371168e-18 -4.21800316e-17  6.39887705e-18\n  -7.41360317e-13 -5.12024912e-18 -1.22293542e-17 -4.62083577e-13\n   2.01846393e-18 -1.20991107e-17 -3.13718574e-13 -6.16167527e-13\n  -1.06556198e-18]\n [-2.99842468e-23  4.18251236e-17 -3.29578899e-23 -2.36441501e-23\n   4.91906828e-23 -