{'theta_hat': '[-1.98935857e-11  2.77495877e-05  1.20566731e-11  6.67670543e-12\n -6.96787591e-12 -7.53505619e-12  1.38750948e-06 -1.21230670e-11\n  4.15624714e-11 -1.27441655e-05 -5.86519323e-06  6.42596416e-06\n  7.72584176e-06 -1.93543872e+00  1.69104807e-05 -5.79755412e-05\n -2.94051156e-12 -2.79444809e-12 -3.86220004e-12 -8.22483244e-07\n  8.44102827e-12 -2.57494376e-11 -2.20874802e-12 -2.01002064e-12\n -4.89690375e-07  1.50587135e-12 -1.23704959e-11 -1.43065349e-11\n  4.38299725e-07 -8.49325182e-12  1.71971638e-11  5.11706128e-07\n -5.51906564e-12  1.62618802e-11  7.17641847e-07 -2.82079783e-06\n  3.28158977e-11]', 'theta_bar': '[ 5.32625375e-13  1.04014377e-05 -5.79696321e-13  8.39734105e-14\n  1.59234473e-13  2.56333992e-13 -7.23323711e-08 -6.99932170e-13\n -8.47733194e-13 -1.13206690e-05  1.63988473e-06  3.10962944e-06\n  5.00584876e-06 -1.41255127e+00 -1.36687093e-05 -1.65550582e-05\n -1.80706410e-14 -2.20384483e-13 -1.54683620e-13  6.24564503e-08\n  2.26645656e-13  1.06952016e-12 -1.62123691e-14  1.42412020e-14\n -8.32743982e-09 -1.70986310e-14 -1.90390394e-13  4.56134731e-14\n -1.76887956e-08 -7.39973566e-14 -2.70418704e-13 -2.75004890e-08\n -9.73260529e-14 -4.68354430e-13  5.98266709e-08  1.25392252e-07\n  1.46170723e-12]', 'grad_op_sum': '[[ 3.77859315e-22 -5.27076433e-16 -2.40681566e-22 -1.06974567e-22\n   1.67215881e-22  1.52260284e-22 -2.53031037e-17  3.27526114e-22\n  -8.48993051e-22  1.62274593e-16  7.17747859e-17 -1.12494704e-16\n  -1.02528417e-16  3.52953311e-11 -4.56866579e-16  1.18426142e-15\n   5.94650871e-23  5.12284613e-23  7.31427742e-23  1.60657274e-17\n  -2.13494410e-22  5.43806533e-22  1.69272900e-23  4.24424415e-23\n   7.32544136e-18 -7.72926948e-23  2.30731891e-22  2.94461322e-22\n  -1.09463576e-17  1.68918075e-22 -3.90678558e-22 -1.01487426e-17\n   1.36483824e-22 -3.44916310e-22 -2.12019029e-17  5.63964025e-17\n  -7.79413797e-22]\n [-5.27076433e-16  7.35219578e-10  3.35727019e-16  1.49218958e-16\n  -2.33249641e-16 -2.12388061e-16  3.52953311e-11 -4.56866583e-16\n   1.18426147e-15 -2.26357032e-10 -1.00118740e-10  1.56919003e-10\n   1.43017017e-10 -4.92335017e-05  6.37283760e-10 -1.65192774e-09\n  -8.29479246e-17 -7.14586450e-17 -1.02026947e-16 -2.24101033e-11\n   2.97803618e-16 -7.58556414e-16 -2.36118990e-17 -5.92030147e-17\n  -1.02182674e-11  1.07815675e-16 -3.21848204e-16 -4.10744467e-16\n   1.52690879e-11 -2.35624034e-16  5.44958008e-16  1.41564938e-11\n  -1.90381456e-16  4.81124192e-16  2.95745607e-11 -7.86674126e-11\n   1.08720528e-15]\n [-2.40681566e-22  3.35727019e-16  1.53741939e-22  6.70886967e-23\n  -1.08231453e-22 -9.73177847e-23  1.60657265e-17 -2.13494408e-22\n   5.43806513e-22 -1.01790562e-16 -4.45145178e-17  7.18613840e-17\n   6.52123541e-17 -2.24101020e-11  2.97803613e-16 -7.58556354e-16\n  -3.80380831e-23 -3.26146611e-23 -4.66133798e-23 -1.02405948e-17\n   1.38698659e-22 -3.48853102e-22 -9.49712560e-24 -2.72312697e-23\n  -4.56087969e-18  5.17233535e-23 -1.46726960e-22 -1.88670805e-22\n   7.10069229e-18 -1.07975138e-22  2.52029268e-22  6.47316783e-18\n  -8.85609128e-23  2.21285823e-22  1.38845724e-17 -3.60707077e-17\n   5.04225133e-22]\n [-1.06974567e-22  1.49218958e-16  6.70886967e-23  3.37424424e-23\n  -4.20709867e-23 -4.21239604e-23  7.32544102e-18 -7.72927014e-23\n   2.30731878e-22 -4.46229608e-17 -2.17040067e-17  2.75293703e-17\n   2.80041218e-17 -1.02182669e-11  1.07815683e-16 -3.21848173e-16\n  -1.63820209e-23 -1.43564284e-23 -2.05226336e-23 -4.56087969e-18\n   5.17233578e-23 -1.46726957e-22 -8.86935835e-24 -1.13866152e-23\n  -2.42152545e-18  1.39189463e-23 -6.62716533e-23 -7.99175033e-23\n   2.71283397e-18 -4.65429284e-23  1.00834167e-22  2.85331952e-18\n  -3.34590881e-23  9.27458248e-23  4.79944333e-18 -1.54924752e-17\n   1.96081442e-22]\n [ 1.67215881e-22 -2.33249641e-16 -1.08231453e-22 -4.20709867e-23\n   8.22876511e-23  6.89419950e-23 -1.09463569e-17  1.68918073e-22\n  -3.90678552e-22  7.19274152e-17  2.75016525e-17 -5.45574264e-17\n  -4.61502765e-17  1.52690869e-11 -2.35624030e-16  5.44957979e-16\n   2.70819620e-23  2.27929200e-23  3.26007662e-23  7.10069227e-18\n  -1.07975139e-22  2.52029274e-22  1.13796609e-24  1.97362073e-23\n   2.71283398e-18 -4.65429251e-23  1.00834172e-22  1.35686191e-22\n  -5.45534808e-18  7.66888638e-23 -1.88249301e-22 -4.52619511e-18\n   6.84290758e-23 -1.60317904e-22 -1.12517390e-17  2.56960368e-17\n  -3.83081121e-22]\n [ 1.52260284e-22 -2.12388061e-16 -9.73177847e-23 -4.21239604e-23\n   6.89419950e-23  6.16593850e-23 -1.01487423e-17  1.36483828e-22\n  -3.44916324e-22  6.52328231e-17  2.79792184e-17 -4.61403425e-17\n  -4.12447847e-17  1.41564934e-11 -1.90381460e-16  4.81124192e-16\n   2.41101264e-23  2.06572425e-23  2.95131336e-23  6.47316803e-18\n  -8.85609165e-23  2.21285840e-22  5.62862807e-24  1.72818463e-23\n   2.85331962e-18 -3.34590859e-23  9.27458337e-23  1.19667155e-22\n  -4.52619525e-18  6.84290792e-23 -1.60317913e-22 -4.09731078e-18\n   5.65017449e-23 -1.40450224e-22 -8.89463207e-18  2.28636107e-17\n  -3.21243151e-22]\n [-2.53031037e-17  3.52953311e-11  1.60657265e-17  7.32544102e-18\n  -1.09463569e-17 -1.01487423e-17  1.70206841e-12 -2.12019021e-17\n   5.63963958e-17 -1.08384207e-11 -4.90702393e-12  7.36053496e-12\n   6.83379639e-12 -2.37421736e-06  2.95745593e-11 -7.86674000e-11\n  -3.95955118e-18 -3.42533699e-18 -4.89013769e-18 -1.07623631e-12\n   1.38845720e-17 -3.60707048e-17 -1.32681590e-18 -2.81269644e-18\n  -5.06814077e-13  4.79944265e-18 -1.54924743e-17 -1.95548360e-17\n   7.14548371e-13 -1.12517387e-17  2.56960339e-17  6.78576314e-13\n  -8.89463152e-18  2.28636070e-17  1.36281279e-12 -3.75408675e-12\n   5.10295665e-17]\n [ 3.27526114e-22 -4.56866583e-16 -2.13494408e-22 -7.72927014e-23\n   1.68918073e-22  1.36483828e-22 -2.12019021e-17  3.53613333e-22\n  -7.79413764e-22  1.43726954e-16  5.21017599e-17 -1.13771425e-16\n  -9.19091005e-17  2.95745597e-11 -4.93255680e-16  1.08720519e-15\n   5.37077777e-23  4.48860303e-23  6.41419926e-23  1.38845728e-17\n  -2.24364303e-22  5.04225130e-22 -3.78214362e-24  3.95860442e-23\n   4.79944351e-18 -1.02912370e-22  1.96081446e-22  2.70840474e-22\n  -1.12517394e-17  1.52107569e-22 -3.83081110e-22 -8.89463210e-18\n   1.41671307e-22 -3.21243124e-22 -2.38124582e-17  5.10295708e-17\n  -7.86574903e-22]\n [-8.48993051e-22  1.18426147e-15  5.43806513e-22  2.30731878e-22\n  -3.90678552e-22 -3.44916324e-22  5.63963958e-17 -7.79413764e-22\n   1.93472272e-21 -3.66664375e-16 -1.54764712e-16  2.62830232e-16\n   2.32258120e-16 -7.86674033e-11  1.08720522e-15 -2.69874704e-15\n  -1.34966394e-22 -1.15399688e-22 -1.64802626e-22 -3.60707056e-17\n   5.04225118e-22 -1.24233769e-21 -2.65103880e-23 -9.71033804e-23\n  -1.54924743e-17  1.96081419e-22 -5.15998555e-22 -6.71347268e-22\n   2.56960353e-17 -3.83081108e-22  9.05545174e-22  2.28636086e-17\n  -3.21243127e-22  7.88873288e-22  5.10295662e-17 -1.28054217e-16\n   1.82048769e-21]\n [ 1.62274593e-16 -2.26357032e-10 -1.01790562e-16 -4.46229608e-17\n   7.19274152e-17  6.52328231e-17 -1.08384207e-11  1.43726954e-16\n  -3.66664375e-16  1.03321410e-10  4.19349577e-11 -6.79487934e-11\n  -5.01915034e-11  1.51185267e-05 -2.00484906e-10  5.11460573e-10\n   2.53734403e-17  2.30226846e-17  3.19974585e-17  6.70689912e-12\n  -9.41168491e-17  2.31814102e-16  6.40260127e-18  1.83607586e-17\n   3.00665836e-12 -3.51535208e-17  9.80439315e-17  1.26772970e-16\n  -4.67510303e-12  7.31607166e-17 -1.68152375e-16 -4.32508402e-12\n   5.97880368e-17 -1.48527267e-16 -9.34589031e-12  2.43360508e-11\n  -3.39451596e-16]\n [ 7.17747859e-17 -1.00118740e-10 -4.45145178e-17 -2.17040067e-17\n   2.75016525e-17  2.79792184e-17 -4.90702393e-12  5.21017599e-17\n  -1.54764712e-16  4.19349577e-11  3.30176059e-11 -3.35530865e-11\n  -2.58928584e-11  6.84481385e-06 -7.26768084e-11  2.15881482e-10\n   1.04296141e-17  1.04669239e-17  1.41913490e-17  2.99592268e-12\n  -3.51753863e-17  9.77912841e-17  6.07716705e-18  7.87776145e-18\n   1.52318832e-12 -9.72276366e-18  4.26270165e-17  5.35354290e-17\n  -1.73763463e-12  3.16636066e-17 -6.63604396e-17 -1.87948153e-12\n   2.26877190e-17 -6.17607075e-17 -3.23717759e-12  1.03722269e-11\n  -1.32164391e-16]\n [-1.12494704e-16  1.56919003e-10  7.18613840e-17  2.75293703e-17\n  -5.45574264e-17 -4.61403425e-17  7.36053496e-12 -1.13771425e-16\n   2.62830232e-16 -6.79487934e-11 -3.35530865e-11  5.29519160e-11\n   3.64306679e-11 -1.02672194e-05  1.58699903e-10 -3.66622204e-10\n  -1.77973394e-17 -1.61908628e-17 -2.23871380e-17 -4.66856524e-12\n   7.31740603e-17 -1.67998545e-16 -8.35976777e-19 -1.34287593e-17\n  -1.74037818e-12  3.16580310e-17 -6.64250161e-17 -9.10920632e-17\n   3.58054746e-12 -5.19973497e-17  1.25242639e-16  3.01646314e-12\n  -4.62081171e-17  1.07466478e-16  7.57909569e-12 -1.72786858e-11\n   2.58018065e-16]\n [-1.02528417e-16  1.43017017e-10  6.52123541e-17  2.80041218e-17\n  -4.61502765e-17 -4.12447847e-17  6.83379639e-12 -9.19091005e-17\n   2.32258120e-16 -5.01915034e-11 -2.58928584e-11  3.64306679e-11\n   3.31702781e-11 -9.53247114e-06  1.28204118e-10 -3.23977129e-10\n  -1.60199989e-17 -1.42683527e-17 -2.00460790e-17 -4.32305600e-12\n   5.97922263e-17 -1.48479587e-16 -3.81049917e-18 -1.16907883e-17\n  -1.88194609e-12  2.26827262e-17 -6.18187292e-17 -8.05085143e-17\n   3.01744585e-12 -4.62061468e-17  1.07489627e-16  2.72928780e-12\n  -3.81567732e-17  9.40845611e-17  5.98972923e-12 -1.53955004e-11\n   2.16327217e-16]\n [ 3.52953311e-11 -4.92335017e-05 -2.24101020e-11 -1.02182669e-11\n   1.52690869e-11  1.41564934e-11 -2.37421736e-06  2.95745597e-11\n  -7.86674033e-11  1.51185267e-05  6.84481385e-06 -1.02672194e-05\n  -9.53247114e-06  3.31179879e+00 -4.12535896e-05  1.09733255e-04\n   5.52318291e-12  4.77800686e-12  6.82125920e-12  1.50124339e-06\n  -1.93676068e-11  5.03150713e-11  1.85077721e-12  3.92343379e-12\n   7.06955597e-07 -6.69474848e-12  2.16104719e-11  2.72770653e-11\n  -9.96724415e-07  1.56950645e-11 -3.58434299e-11 -9.46546952e-07\n   1.24071326e-11 -3.18924741e-11 -1.90098926e-06  5.23658032e-06\n  -7.11812061e-11]\n [-4.56866579e-16  6.37283760e-10  2.97803613e-16  1.07815683e-16\n  -2.35624030e-16 -1.90381460e-16  2.95745593e-11 -4.93255680e-16\n   1.08720522e-15 -2.00484906e-10 -7.26768084e-11  1.58699903e-10\n   1.28204118e-10 -4.12535896e-05  6.88042965e-10 -1.51654386e-09\n  -7.49170455e-17 -6.26115790e-17 -8.94717446e-17 -1.93676077e-11\n   3.12966047e-16 -7.03344258e-16  5.27571856e-18 -5.52186221e-17\n  -6.69474952e-12  1.43552595e-16 -2.73514250e-16 -3.77795713e-16\n   1.56950653e-11 -2.12175036e-16  5.34360316e-16  1.24071333e-11\n  -1.97617483e-16  4.48102432e-16  3.32160279e-11 -7.11812114e-11\n   1.09719431e-15]\n [ 1.18426142e-15 -1.65192774e-09 -7.58556354e-16 -3.21848173e-16\n   5.44957979e-16  4.81124192e-16 -7.86674000e-11  1.08720519e-15\n  -2.69874704e-15  5.11460573e-10  2.15881482e-10 -3.66622204e-10\n  -3.23977129e-10  1.09733255e-04 -1.51654386e-09  3.76448547e-09\n   1.88264784e-16  1.60971162e-16  2.29883380e-16  5.03150703e-11\n  -7.03344218e-16  1.73293832e-15  3.69793725e-17  1.35449621e-16\n   2.16104710e-11 -2.73514205e-16  7.19767002e-16  9.36463106e-16\n  -3.58434303e-11  5.34360295e-16 -1.26314604e-15 -3.18924750e-11\n   4.48102421e-16 -1.10040029e-15 -7.11812027e-11  1.78622980e-10\n  -2.53940045e-15]\n [ 5.94650871e-23 -8.29479246e-17 -3.80380831e-23 -1.63820209e-23\n   2.70819620e-23  2.41101264e-23 -3.95955118e-18  5.37077777e-23\n  -1.34966394e-22  2.53734403e-17  1.04296141e-17 -1.77973394e-17\n  -1.60199989e-17  5.52318291e-12 -7.49170455e-17  1.88264784e-16\n   9.44276517e-24  8.05389426e-24  1.15223804e-23  2.52839118e-18\n  -3.48102933e-23  8.66134957e-23  2.08484316e-24  6.75886494e-24\n   1.10754847e-18 -1.32715923e-23  3.62449908e-23  4.68278208e-23\n  -1.77985859e-18  2.67479154e-23 -6.29024078e-23 -1.60119614e-18\n   2.21996590e-23 -5.49877434e-23 -3.50536793e-18  8.94293145e-18\n  -1.26096316e-22]\n [ 5.12284613e-23 -7.14586450e-17 -3.26146611e-23 -1.43564284e-23\n   2.27929200e-23  2.06572425e-23 -3.42533699e-18  4.48860303e-23\n  -1.15399688e-22  2.30226846e-17  1.04669239e-17 -1.61908628e-17\n  -1.42683527e-17  4.77800686e-12 -6.26115790e-17  1.60971162e-16\n   8.05389426e-24  6.99382152e-24  9.94509759e-24  2.17226171e-18\n  -2.92397249e-23  7.38704602e-23  2.17242838e-24  5.78090329e-24\n   9.78043857e-19 -1.07424673e-23  3.11800897e-23  4.00181694e-23\n  -1.49150967e-18  2.29604221e-23 -5.31982051e-23 -1.37471961e-18\n   1.86731309e-23 -4.68869884e-23 -2.91196208e-18  7.66025663e-18\n  -1.06439829e-22]\n [ 7.31427742e-23 -1.02026947e-16 -4.66133798e-23 -2.05226336e-23\n   3.26007662e-23  2.95131336e-23 -4.89013769e-18  6.41419926e-23\n  -1.64802626e-22  3.19974585e-17  1.41913490e-17 -2.23871380e-17\n  -2.00460790e-17  6.82125920e-12 -8.94717446e-17  2.29883380e-16\n   1.15223804e-23  9.94509759e-24  1.41787101e-23  3.10634420e-18\n  -4.17577887e-23  1.05568474e-22  3.08247724e-24  8.24901537e-24\n   1.39926408e-18 -1.53520794e-23  4.45842800e-23  5.71591975e-23\n  -2.13518237e-18  3.27687099e-23 -7.60577715e-23 -1.96463578e-18\n   2.66720445e-23 -6.69891100e-23 -4.16193495e-18  1.09393527e-17\n  -1.52055577e-22]\n [ 1.60657274e-17 -2.24101033e-11 -1.02405948e-17 -4.56087969e-18\n   7.10069227e-18  6.47316803e-18 -1.07623631e-12  1.38845728e-17\n  -3.60707056e-17  6.70689912e-12  2.99592268e-12 -4.66856524e-12\n  -4.32305600e-12  1.50124339e-06 -1.93676077e-11  5.03150703e-11\n   2.52839118e-18  2.17226171e-18  3.10634420e-18  6.84192205e-13\n  -9.05016648e-18  2.31202826e-17  7.30984878e-19  1.80292726e-18\n   3.12761094e-13 -3.26299294e-18  9.81702707e-18  1.25127549e-17\n  -4.64946071e-13  7.17667343e-18 -1.65932668e-17 -4.31661355e-13\n   5.78838297e-18 -1.46552994e-17 -8.98244354e-13  2.39644364e-12\n  -3.30745061e-17]\n [-2.13494410e-22  2.97803618e-16  1.38698659e-22  5.17233578e-23\n  -1.07975139e-22 -8.85609165e-23  1.38845720e-17 -2.24364303e-22\n   5.04225118e-22 -9.41168491e-17 -3.51753863e-17  7.31740603e-17\n   5.97922263e-17 -1.93676068e-11  3.12966047e-16 -7.03344218e-16\n  -3.48102933e-23 -2.92397249e-23 -4.17577887e-23 -9.05016648e-18\n   1.42805552e-22 -3.25718339e-22  8.41270445e-25 -2.55591410e-23\n  -3.26299322e-18  6.39304269e-23 -1.28131184e-22 -1.75163625e-22\n   7.17667354e-18 -9.86583232e-23  2.45758091e-22  5.78838304e-18\n  -9.02941807e-23  2.07425483e-22  1.50436666e-17 -3.30745072e-17\n   5.02952585e-22]\n [ 5.43806533e-22 -7.58556414e-16 -3.48853102e-22 -1.46726957e-22\n   2.52029274e-22  2.21285840e-22 -3.60707048e-17  5.04225130e-22\n  -1.24233769e-21  2.31814102e-16  9.77912841e-17 -1.67998545e-16\n  -1.48479587e-16  5.03150713e-11 -7.03344258e-16  1.73293832e-15\n   8.66134957e-23  7.38704602e-23  1.05568474e-22  2.31202826e-17\n  -3.25718339e-22  7.98430729e-22  1.56750272e-23  6.24056662e-23\n   9.81702690e-18 -1.28131170e-22  3.30262978e-22  4.31171004e-22\n  -1.65932673e-17  2.45758096e-22 -5.83327033e-22 -1.46553001e-17\n   2.07425490e-22 -5.06945255e-22 -3.30745050e-17  8.21724133e-17\n  -1.17404446e-21]\n [ 1.69272900e-23 -2.36118990e-17 -9.49712560e-24 -8.86935835e-24\n   1.13796609e-24  5.62862807e-24 -1.32681590e-18 -3.78214362e-24\n  -2.65103880e-23  6.40260127e-18  6.07716705e-18 -8.35976777e-19\n  -3.81049917e-18  1.85077721e-12  5.27571856e-18  3.69793725e-17\n   2.08484316e-24  2.17242838e-24  3.08247724e-24  7.30984878e-19\n   8.41270445e-25  1.56750272e-23  5.64713569e-24  1.16442074e-24\n   7.37662654e-19  6.04415680e-24  1.13520722e-23  9.06141490e-24\n  -2.28914695e-20  6.06485266e-24 -5.72498701e-24 -4.28741837e-19\n  -7.10308595e-26 -9.55606807e-24  4.88897370e-19  1.95779752e-18\n  -5.54233869e-24]\n [ 4.24424415e-23 -5.92030147e-17 -2.72312697e-23 -1.13866152e-23\n   1.97362073e-23  1.72818463e-23 -2.81269644e-18  3.95860442e-23\n  -9.71033804e-23  1.83607586e-17  7.87776145e-18 -1.34287593e-17\n  -1.16907883e-17  3.92343379e-12 -5.52186221e-17  1.35449621e-16\n   6.75886494e-24  5.78090329e-24  8.24901537e-24  1.80292726e-18\n  -2.55591410e-23  6.24056662e-23  1.16442074e-24  4.88315545e-24\n   7.59542154e-19 -1.01244603e-23  2.57358454e-23  3.37007463e-23\n  -1.29941245e-18  1.92065589e-23 -4.56504424e-23 -1.14366409e-18\n   1.62691322e-23 -3.96330078e-23 -2.59948836e-18  6.42007601e-18\n  -9.20040875e-23]\n [ 7.32544136e-18 -1.02182674e-11 -4.56087969e-18 -2.42152545e-18\n   2.71283398e-18  2.85331962e-18 -5.06814077e-13  4.79944351e-18\n  -1.54924743e-17  3.00665836e-12  1.52318832e-12 -1.74037818e-12\n  -1.88194609e-12  7.06955597e-07 -6.69474952e-12  2.16104710e-11\n   1.10754847e-18  9.78043857e-19  1.39926408e-18  3.12761094e-13\n  -3.26299322e-18  9.81702690e-18  7.37662654e-19  7.59542154e-19\n   1.76976729e-13 -6.98408725e-19  4.56924306e-18  5.36249751e-18\n  -1.73462211e-13  3.14611758e-18 -6.59320565e-18 -1.94771476e-13\n   2.12551505e-18 -6.19457749e-18 -2.90194672e-13  1.04575996e-12\n  -1.26414754e-17]\n [-7.72926948e-23  1.07815675e-16  5.17233535e-23  1.39189463e-23\n  -4.65429251e-23 -3.34590859e-23  4.79944265e-18 -1.02912370e-22\n   1.96081419e-22 -3.51535208e-17 -9.72276366e-18  3.16580310e-17\n   2.26827262e-17 -6.69474848e-12  1.43552595e-16 -2.73514205e-16\n  -1.32715923e-23 -1.07424673e-23 -1.53520794e-23 -3.26299294e-18\n   6.39304269e-23 -1.28131170e-22  6.04415680e-24 -1.01244603e-23\n  -6.98408725e-19  3.43190240e-23 -4.51581272e-23 -6.82673346e-23\n   3.14611742e-18 -3.74904376e-23  1.02787380e-22  2.12551483e-18\n  -3.99599913e-23  8.20147810e-23  7.13678307e-18 -1.26414747e-17\n   2.16607691e-22]\n [ 2.30731891e-22 -3.21848204e-16 -1.46726960e-22 -6.62716533e-23\n   1.00834172e-22  9.27458337e-23 -1.54924743e-17  1.96081446e-22\n  -5.15998555e-22  9.80439315e-17  4.26270165e-17 -6.64250161e-17\n  -6.18187292e-17  2.16104719e-11 -2.73514250e-16  7.19767002e-16\n   3.62449908e-23  3.11800897e-23  4.45842800e-23  9.81702707e-18\n  -1.28131184e-22  3.30262978e-22  1.13520722e-23  2.57358454e-23\n   4.56924306e-18 -4.51581272e-23  1.41289605e-22  1.78940634e-22\n  -6.59320598e-18  1.02787392e-22 -2.36197244e-22 -6.19457789e-18\n   8.20147931e-23 -2.09410029e-22 -1.26414752e-17  3.43202131e-17\n  -4.69674456e-22]\n [ 2.94461322e-22 -4.10744467e-16 -1.88670805e-22 -7.99175033e-23\n   1.35686191e-22  1.19667155e-22 -1.95548360e-17  2.70840474e-22\n  -6.71347268e-22  1.26772970e-16  5.35354290e-17 -9.10920632e-17\n  -8.05085143e-17  2.72770653e-11 -3.77795713e-16  9.36463106e-16\n   4.68278208e-23  4.00181694e-23  5.71591975e-23  1.25127549e-17\n  -1.75163625e-22  4.31171004e-22  9.06141490e-24  3.37007463e-23\n   5.36249751e-18 -6.82673346e-23  1.78940634e-22  2.32966582e-22\n  -8.92623050e-18  1.32905277e-22 -3.14416074e-22 -7.93111401e-18\n   1.11588585e-22 -2.73780676e-22 -1.77387488e-17  4.44290157e-17\n  -6.32229219e-22]\n [-1.09463576e-17  1.52690879e-11  7.10069229e-18  2.71283397e-18\n  -5.45534808e-18 -4.52619525e-18  7.14548371e-13 -1.12517394e-17\n   2.56960353e-17 -4.67510303e-12 -1.73763463e-12  3.58054746e-12\n   3.01744585e-12 -9.96724415e-07  1.56950653e-11 -3.58434303e-11\n  -1.77985859e-18 -1.49150967e-18 -2.13518237e-18 -4.64946071e-13\n   7.17667354e-18 -1.65932673e-17 -2.28914695e-20 -1.29941245e-18\n  -1.73462211e-13  3.14611742e-18 -6.59320598e-18 -8.92623050e-18\n   3.62234251e-13 -5.03517784e-18  1.24502351e-17  2.96631626e-13\n  -4.54425595e-18  1.05577151e-17  7.51688031e-13 -1.68812692e-12\n   2.53859419e-17]\n [ 1.68918075e-22 -2.35624034e-16 -1.07975138e-22 -4.65429284e-23\n   7.66888638e-23  6.84290792e-23 -1.12517387e-17  1.52107569e-22\n  -3.83081108e-22  7.31607166e-17  3.16636066e-17 -5.19973497e-17\n  -4.62061468e-17  1.56950645e-11 -2.12175036e-16  5.34360295e-16\n   2.67479154e-23  2.29604221e-23  3.27687099e-23  7.17667343e-18\n  -9.86583232e-23  2.45758096e-22  6.06485266e-24  1.92065589e-23\n   3.14611758e-18 -3.74904376e-23  1.02787392e-22  1.32905277e-22\n  -5.03517784e-18  7.59875833e-23 -1.78240213e-22 -4.54425601e-18\n   6.29240091e-23 -1.56000166e-22 -9.92165650e-18  2.53859424e-17\n  -3.57492113e-22]\n [-3.90678558e-22  5.44958008e-16  2.52029268e-22  1.00834167e-22\n  -1.88249301e-22 -1.60317913e-22  2.56960339e-17 -3.83081110e-22\n   9.05545174e-22 -1.68152375e-16 -6.63604396e-17  1.25242639e-16\n   1.07489627e-16 -3.58434299e-11  5.34360316e-16 -1.26314604e-15\n  -6.29024078e-23 -5.31982051e-23 -7.60577715e-23 -1.65932668e-17\n   2.45758091e-22 -5.83327033e-22 -5.72498701e-24 -4.56504424e-23\n  -6.59320565e-18  1.02787380e-22 -2.36197244e-22 -3.14416074e-22\n   1.24502351e-17 -1.78240213e-22  4.32398866e-22  1.05577153e-17\n  -1.56000167e-22  3.70850540e-22  2.53859403e-17 -5.96790868e-17\n   8.76595862e-22]\n [-1.01487426e-17  1.41564938e-11  6.47316783e-18  2.85331952e-18\n  -4.52619511e-18 -4.09731078e-18  6.78576314e-13 -8.89463210e-18\n   2.28636086e-17 -4.32508402e-12 -1.87948153e-12  3.01646314e-12\n   2.72928780e-12 -9.46546952e-07  1.24071333e-11 -3.18924750e-11\n  -1.60119614e-18 -1.37471961e-18 -1.96463578e-18 -4.31661355e-13\n   5.78838304e-18 -1.46553001e-17 -4.28741837e-19 -1.14366409e-18\n  -1.94771476e-13  2.12551483e-18 -6.19457789e-18 -7.93111401e-18\n   2.96631626e-13 -4.54425601e-18  1.05577153e-17  2.72878501e-13\n  -3.69794724e-18  9.29785202e-18  5.77072120e-13 -1.51771630e-12\n   2.10896587e-17]\n [ 1.36483824e-22 -1.90381456e-16 -8.85609128e-23 -3.34590881e-23\n   6.84290758e-23  5.65017449e-23 -8.89463152e-18  1.41671307e-22\n  -3.21243127e-22  5.97880368e-17  2.26877190e-17 -4.62081171e-17\n  -3.81567732e-17  1.24071326e-11 -1.97617483e-16  4.48102421e-16\n   2.21996590e-23  1.86731309e-23  2.66720445e-23  5.78838297e-18\n  -9.02941807e-23  2.07425490e-22 -7.10308595e-26  1.62691322e-23\n   2.12551505e-18 -3.99599913e-23  8.20147931e-23  1.11588585e-22\n  -4.54425595e-18  6.29240091e-23 -1.56000167e-22 -3.69794724e-18\n   5.71331747e-23 -1.32040535e-22 -9.47986443e-18  2.10896590e-17\n  -3.18727251e-22]\n [-3.44916310e-22  4.81124192e-16  2.21285823e-22  9.27458248e-23\n  -1.60317904e-22 -1.40450224e-22  2.28636070e-17 -3.21243124e-22\n   7.88873288e-22 -1.48527267e-16 -6.17607075e-17  1.07466478e-16\n   9.40845611e-17 -3.18924741e-11  4.48102432e-16 -1.10040029e-15\n  -5.49877434e-23 -4.68869884e-23 -6.69891100e-23 -1.46552994e-17\n   2.07425483e-22 -5.06945255e-22 -9.55606807e-24 -3.96330078e-23\n  -6.19457749e-18  8.20147810e-23 -2.09410029e-22 -2.73780676e-22\n   1.05577151e-17 -1.56000166e-22  3.70850540e-22  9.29785202e-18\n  -1.32040535e-22  3.22005136e-22  2.10896569e-17 -5.21646441e-17\n   7.46920126e-22]\n [-2.12019029e-17  2.95745607e-11  1.38845724e-17  4.79944333e-18\n  -1.12517390e-17 -8.89463207e-18  1.36281279e-12 -2.38124582e-17\n   5.10295662e-17 -9.34589031e-12 -3.23717759e-12  7.57909569e-12\n   5.98972923e-12 -1.90098926e-06  3.32160279e-11 -7.11812027e-11\n  -3.50536793e-18 -2.91196208e-18 -4.16193495e-18 -8.98244354e-13\n   1.50436666e-17 -3.30745050e-17  4.88897370e-19 -2.59948836e-18\n  -2.90194672e-13  7.13678307e-18 -1.26414752e-17 -1.77387488e-17\n   7.51688031e-13 -9.92165650e-18  2.53859403e-17  5.77072120e-13\n  -9.47986443e-18  2.10896569e-17  1.61332683e-12 -3.33169979e-12\n   5.23851831e-17]\n [ 5.63964025e-17 -7.86674126e-11 -3.60707077e-17 -1.54924752e-17\n   2.56960368e-17  2.28636107e-17 -3.75408675e-12  5.10295708e-17\n  -1.28054217e-16  2.43360508e-11  1.03722269e-11 -1.72786858e-11\n  -1.53955004e-11  5.23658032e-06 -7.11812114e-11  1.78622980e-10\n   8.94293145e-18  7.66025663e-18  1.09393527e-17  2.39644364e-12\n  -3.30745072e-17  8.21724133e-17  1.95779752e-18  6.42007601e-18\n   1.04575996e-12 -1.26414747e-17  3.43202131e-17  4.44290157e-17\n  -1.68812692e-12  2.53859424e-17 -5.96790868e-17 -1.51771630e-12\n   2.10896590e-17 -5.21646441e-17 -3.33169979e-12  8.48346261e-12\n  -1.19743928e-16]\n [-7.79413797e-22  1.08720528e-15  5.04225133e-22  1.96081442e-22\n  -3.83081121e-22 -3.21243151e-22  5.10295665e-17 -7.86574903e-22\n   1.82048769e-21 -3.39451596e-16 -1.32164391e-16  2.58018065e-16\n   2.16327217e-16 -7.11812061e-11  1.09719431e-15 -2.53940045e-15\n  -1.26096316e-22 -1.06439829e-22 -1.52055577e-22 -3.30745061e-17\n   5.02952585e-22 -1.17404446e-21 -5.54233869e-24 -9.20040875e-23\n  -1.26414754e-17  2.16607691e-22 -4.69674456e-22 -6.32229219e-22\n   2.53859419e-17 -3.57492113e-22  8.76595862e-22  2.10896587e-17\n  -3.18727251e-22  7.46920126e-22  5.23851831e-17 -1.19743928e-16\n   1.78439164e-21]]', 'hess_sum': '[[-1.68151253e-22  2.34554401e-16  9.52071935e-23  7.45888983e-23\n  -3.07496068e-23 -5.75584937e-23  1.27793788e-17 -1.57269548e-23\n   3.02287785e-22 -6.64915283e-17 -4.95917630e-17  2.14128914e-17\n   3.93967099e-17 -1.78259707e-11  2.19375616e-17 -4.21661571e-16\n  -2.20187807e-23 -2.05975261e-23 -2.95624064e-23 -7.04188904e-18\n   2.16899457e-23 -1.76983496e-22 -3.87383814e-23 -1.21587948e-23\n  -6.03544083e-18 -3.04161391e-23 -1.09846341e-22 -9.82793308e-23\n   1.72780385e-18 -6.15288255e-23  9.20868296e-23  4.21397419e-18\n  -1.69871856e-23  1.09319344e-22 -6.47071295e-19 -2.19535462e-17\n   1.33608029e-22]\n [ 2.34554401e-16 -3.27180233e-10 -1.32804533e-16 -1.04044115e-16\n   4.28926951e-17  8.02885109e-17 -1.78259692e-11  2.19375404e-17\n  -4.21661546e-16  9.27490596e-11  6.91756029e-11 -2.98688922e-11\n  -5.49546021e-11  2.48654701e-05 -3.06007671e-11  5.88176173e-10\n   3.07140456e-17  2.87315826e-17  4.12367057e-17  9.82273157e-12\n  -3.02553775e-17  2.46874425e-16  5.40361542e-17  1.69602884e-17\n   8.41884361e-12  4.24275710e-17  1.53224747e-16  1.37090196e-16\n  -2.41011789e-12  8.58265653e-17 -1.28452065e-16 -5.87808699e-12\n   2.36954948e-17 -1.52489938e-16  9.02599572e-13  3.06230301e-11\n  -1.86370001e-16]\n [ 9.52071935e-23 -1.32804533e-16 -4.20025727e-22  5.85816895e-25\n  -1.30188936e-22 -1.70673726e-22 -7.04189086e-18  2.16899558e-23\n  -1.76983520e-22  2.82210845e-16 -4.59602499e-19  8.78052326e-17\n   1.14992017e-16  9.82273195e-12 -3.02553848e-17  2.46874411e-16\n   8.10733379e-23 -1.23692577e-22 -9.04708886e-23  3.00100935e-17\n  -1.84977495e-22  8.32156623e-22  7.51358651e-23  7.73460006e-23\n  -3.77683758e-19 -3.28510428e-23  1.99080647e-23 -2.09326950e-22\n   8.76670321e-18 -1.07467951e-22  2.88888058e-22  1.21048684e-17\n  -8.29125029e-23  3.42691769e-22 -6.09625328e-19  1.24956510e-17\n  -9.83888453e-23]\n [ 7.45888983e-23 -1.04044115e-16  5.85816895e-25 -3.39897449e-22\n  -1.11327397e-22 -8.78539715e-23 -6.03544120e-18 -3.04161447e-23\n  -1.09846359e-22  3.34113842e-19  2.28069432e-16  7.50636244e-17\n   5.91017236e-17  8.41884434e-12  4.24275638e-17  1.53224707e-16\n   2.31927955e-22  8.65929974e-23  7.36637952e-23 -3.77684381e-19\n  -3.28510417e-23  1.99079859e-23  1.47687773e-22  4.40603978e-23\n   2.56385288e-17 -2.33028676e-23  5.95566965e-22 -7.70173867e-23\n   8.96252971e-18  4.90245714e-23  1.58680847e-22  6.24791953e-18\n  -3.91848388e-23  1.73507341e-22  3.21070929e-18  8.44945768e-18\n  -7.43663415e-25]\n [-3.07496068e-23  4.28926951e-17 -1.30188936e-22 -1.11327397e-22\n  -3.57024370e-22 -2.91449072e-22  1.72780516e-18 -6.15288258e-23\n   9.20868842e-23  8.74193091e-17  7.54024301e-17  2.39805574e-16\n   1.96142114e-16 -2.41011761e-12  8.58265678e-17 -1.28452088e-16\n   1.19387277e-22  1.75130016e-23 -5.11644798e-23  8.76670277e-18\n  -1.07467954e-22  2.88888048e-22  1.16336002e-22  7.43732585e-24\n   8.96252933e-18  4.90245809e-23  1.58680847e-22 -4.33035237e-22\n   2.66239786e-17 -5.12229420e-23  6.41336811e-22  2.05135344e-17\n  -1.58367276e-22  5.96332673e-22  4.45596169e-18 -5.85026771e-18\n   1.17582436e-22]\n [-5.75584937e-23  8.02885109e-17 -1.70673726e-22 -8.78539715e-23\n  -2.91449072e-22 -5.98939686e-22  4.21397516e-18 -1.69871834e-23\n   1.09319354e-22  1.14884228e-16  5.93429909e-17  1.96070820e-16\n   4.02590882e-16 -5.87808560e-12  2.36954896e-17 -1.52489927e-16\n   1.15026284e-22 -5.35336119e-23 -8.85778830e-23  1.21048687e-17\n  -8.29125098e-23  3.42691737e-22  1.02898343e-23  1.95396809e-22\n   6.24792053e-18 -3.91848249e-23  1.73507340e-22 -5.49485401e-22\n   2.05135376e-17 -1.58367317e-22  5.96332554e-22  4.47462161e-17\n  -7.80744850e-23  1.07098687e-21  6.69658486e-19 -7.65898669e-18\n   6.57561038e-23]\n [ 1.27793788e-17 -1.78259692e-11 -7.04189086e-18 -6.03544120e-18\n   1.72780516e-18  4.21397516e-18 -9.94138214e-13 -6.47069934e-19\n  -2.19535475e-17  4.97753435e-12  4.00126082e-12 -1.23340835e-12\n  -2.90073672e-12  1.38672429e-06  9.02599398e-13  3.06230247e-11\n   1.60709580e-18  1.52260367e-18  2.19019209e-18  5.31993834e-13\n  -6.09625112e-19  1.24956503e-17  3.35767386e-18  8.15213489e-19\n   4.97024478e-13  3.21070844e-18  8.44945719e-18  6.97264051e-18\n  -8.80804442e-14  4.45596203e-18 -5.85026822e-18 -3.14911679e-13\n   6.69657813e-19 -7.65898435e-18  1.91548148e-13  1.63152983e-12\n  -7.07735328e-18]\n [-1.57269548e-23  2.19375404e-17  2.16899558e-23 -3.04161447e-23\n  -6.15288258e-23 -1.69871834e-23 -6.47069934e-19 -1.72882098e-22\n   1.33608060e-22 -1.41259786e-17  2.03538378e-17  4.12910439e-17\n   1.13106824e-17  9.02598766e-13  2.41153475e-16 -1.86369991e-16\n  -7.51735123e-24 -3.48586566e-24 -5.05949197e-24 -6.09624594e-19\n   9.86823156e-23 -9.83888899e-23  4.08140007e-23 -8.45038171e-24\n   3.21070813e-18  8.48203173e-23 -7.43674459e-25 -4.86321241e-23\n   4.45595913e-18 -2.06300734e-23  1.17582444e-22  6.69658513e-19\n  -5.90925354e-23  6.57560707e-23  1.32862049e-17 -7.07735591e-18\n   2.87201675e-22]\n [ 3.02287785e-22 -4.21661546e-16 -1.76983520e-22 -1.09846359e-22\n   9.20868842e-23  1.09319354e-22 -2.19535475e-17  1.33608060e-22\n  -6.12188129e-22  1.24723112e-16  7.24878708e-17 -6.36563423e-17\n  -7.50992049e-17  3.06230257e-11 -1.86370031e-16  8.53941830e-16\n   4.26620895e-23  3.70499933e-23  5.34080327e-23  1.24956492e-17\n  -9.83888510e-23  3.65742033e-22  4.00293798e-23  2.52638632e-23\n   8.44945648e-18 -7.43621861e-25  1.91571968e-22  1.98301814e-22\n  -5.85026634e-18  1.17582460e-22 -2.33334413e-22 -7.65898195e-18\n   6.57560837e-23 -2.28766077e-22 -7.07735437e-18  4.31679029e-17\n  -4.04529789e-22]\n [-6.64915283e-17  9.27490596e-11  2.82210845e-16  3.34113842e-19\n   8.74193091e-17  1.14884228e-16  4.97753435e-12 -1.41259786e-17\n   1.24723112e-16 -2.12081812e-10  1.08414023e-12 -5.33514608e-11\n  -7.36059433e-11 -6.94316201e-06  1.97043605e-11 -1.73976349e-10\n  -5.48702323e-17  8.31436310e-17  6.07499829e-17 -2.01398306e-11\n   1.24824265e-16 -5.59263005e-16 -5.04203904e-17 -5.17487313e-17\n   1.81854442e-13  2.19679796e-17 -1.50675708e-17  1.40929818e-16\n  -5.88073990e-12  7.23765198e-17 -1.93841356e-16 -8.14795494e-12\n   5.58160524e-17 -2.30591499e-16  3.62995881e-13 -8.96328178e-12\n   6.51367142e-17]\n [-4.95917630e-17  6.91756029e-11 -4.59602499e-19  2.28069432e-16\n   7.54024301e-17  5.93429909e-17  4.00126082e-12  2.03538378e-17\n   7.24878708e-17  1.08414023e-12 -1.65951725e-10 -4.49139711e-11\n  -3.75164579e-11 -5.58136353e-06 -2.83916191e-11 -1.01113373e-10\n  -1.55845614e-16 -5.86055786e-17 -4.97259758e-17  2.60435180e-13\n   2.21281670e-17 -1.32184014e-17 -9.95498945e-17 -2.98110275e-17\n  -1.71806096e-11  1.59307623e-17 -3.99363056e-16  5.20126858e-17\n  -6.07959990e-12 -3.31270973e-17 -1.07801234e-16 -4.22490596e-12\n   2.63601956e-17 -1.17301430e-16 -2.14937918e-12 -5.54307662e-12\n   7.99934809e-19]\n [ 2.14128914e-17 -2.98688922e-11  8.78052326e-17  7.50636244e-17\n   2.39805574e-16  1.96070820e-16 -1.23340835e-12  4.12910439e-17\n  -6.36563423e-17 -5.33514608e-11 -4.49139711e-11 -1.76656903e-10\n  -1.37230233e-10  1.72048412e-06 -5.75968966e-11  8.87943010e-11\n  -8.05186844e-17 -1.12737304e-17  3.46324362e-17 -5.91894626e-12\n   7.22986498e-17 -1.94740426e-16 -7.83740691e-17 -5.06219575e-18\n  -6.04605740e-12 -3.30587282e-17 -1.07011914e-16  2.91436836e-16\n  -1.78658886e-11  3.46573309e-17 -4.30550776e-16 -1.37945414e-11\n   1.06691061e-16 -4.01141655e-16 -2.98653986e-12  4.10243088e-12\n  -7.88480985e-17]\n [ 3.93967099e-17 -5.49546021e-11  1.14992017e-16  5.91017236e-17\n   1.96142114e-16  4.02590882e-16 -2.90073672e-12  1.13106824e-17\n  -7.50992049e-17 -7.36059433e-11 -3.75164579e-11 -1.37230233e-10\n  -2.86745884e-10  4.04624596e-06 -1.57773181e-11  1.04756210e-10\n  -7.74844210e-17  3.62059385e-17  5.98762785e-17 -8.15862528e-12\n   5.57943276e-17 -2.30842575e-16 -6.95103483e-18 -1.31847170e-16\n  -4.20101958e-12  2.64088963e-17 -1.16739346e-16  3.69919591e-16\n  -1.38016012e-11  1.06676632e-16 -4.01307734e-16 -3.00558210e-11\n   5.27988815e-17 -7.19696749e-16 -4.38226555e-13  5.30443690e-12\n  -4.39808567e-17]\n [-1.78259707e-11  2.48654701e-05  9.82273195e-12  8.41884434e-12\n  -2.41011761e-12 -5.87808560e-12  1.38672429e-06  9.02598766e-13\n   3.06230257e-11 -6.94316201e-06 -5.58136353e-06  1.72048412e-06\n   4.04624596e-06 -1.93434382e+00 -1.25903755e-06 -4.27160970e-05\n  -2.24174153e-12 -2.12388707e-12 -3.05510564e-12 -7.42078326e-07\n   8.50371920e-13 -1.74301908e-11 -4.68361839e-12 -1.13714037e-12\n  -6.93300181e-07 -4.47862374e-12 -1.17861541e-11 -9.72616030e-12\n   1.22863606e-07 -6.21562156e-12  8.16054706e-12  4.39271439e-07\n  -9.34110219e-13  1.06835433e-11 -2.67190798e-07 -2.27582303e-06\n   9.87221856e-12]\n [ 2.19375616e-17 -3.06007671e-11 -3.02553848e-17  4.24275638e-17\n   8.58265678e-17  2.36954896e-17  9.02599398e-13  2.41153475e-16\n  -1.86370031e-16  1.97043605e-11 -2.83916191e-11 -5.75968966e-11\n  -1.57773181e-11 -1.25903755e-06 -3.36385268e-10  2.59967797e-10\n   1.04859706e-17  4.86245035e-18  7.05748906e-18  8.50372145e-13\n  -1.37651967e-16  1.37242771e-16 -5.69315031e-17  1.17874131e-17\n  -4.47862407e-12 -1.18315959e-16  1.03724968e-18  6.78370390e-17\n  -6.21562103e-12  2.87769196e-17 -1.64015757e-16 -9.34110266e-13\n   8.24283301e-17 -9.17234056e-17 -1.85329478e-11  9.87221793e-12\n  -4.00618078e-16]\n [-4.21661571e-16  5.88176173e-10  2.46874411e-16  1.53224707e-16\n  -1.28452088e-16 -1.52489927e-16  3.06230247e-11 -1.86369991e-16\n   8.53941830e-16 -1.73976349e-10 -1.01113373e-10  8.87943010e-11\n   1.04756210e-10 -4.27160970e-05  2.59967797e-10 -1.19116463e-09\n  -5.95093923e-17 -5.16812212e-17 -7.44990992e-17 -1.74301895e-11\n   1.37242777e-16 -5.10173595e-16 -5.58369400e-17 -3.52405011e-17\n  -1.17861532e-11  1.03722894e-18 -2.67223843e-16 -2.76611736e-16\n   8.16054602e-12 -1.64015739e-16  3.25478616e-16  1.06835416e-11\n  -9.17234192e-17  3.19106496e-16  9.87221305e-12 -6.02149754e-11\n   5.64279135e-16]\n [-2.20187807e-23  3.07140456e-17  8.10733379e-23  2.31927955e-22\n   1.19387277e-22  1.15026284e-22  1.60709580e-18 -7.51735123e-24\n   4.26620895e-23 -5.48702323e-17 -1.55845614e-16 -8.05186844e-17\n  -7.74844210e-17 -2.24174153e-12  1.04859706e-17 -5.95093923e-17\n  -3.56952060e-22 -1.45312061e-22 -8.96388462e-23 -5.70869140e-18\n   4.38286213e-23 -1.65747619e-22 -6.77400676e-23 -1.35846890e-22\n  -1.61524144e-17  1.42518175e-22 -4.84876049e-22 -4.54995646e-24\n  -8.46186603e-18  5.84784616e-23 -2.39995066e-22 -8.59637745e-18\n   1.38908545e-23 -2.04683998e-22  3.37595965e-19 -2.99272994e-18\n   2.65480173e-23]\n [-2.05975261e-23  2.87315826e-17 -1.23692577e-22  8.65929974e-23\n   1.75130016e-23 -5.35336119e-23  1.52260367e-18 -3.48586566e-24\n   3.70499933e-23  8.31436310e-17 -5.86055786e-17 -1.12737304e-17\n   3.62059385e-17 -2.12388707e-12  4.86245035e-18 -5.16812212e-17\n  -1.45312061e-22 -1.73538893e-22 -1.01515308e-22  8.64763600e-18\n  -7.25913505e-23  2.56365169e-22  8.43034199e-24 -3.42458567e-23\n  -6.17445007e-18  3.87698355e-23 -1.71754454e-22 -1.37673489e-22\n  -1.72980550e-18 -3.77173312e-23 -6.42431570e-24  3.86043410e-18\n  -1.98517951e-23  1.03616571e-22  3.31454430e-20 -2.59211391e-18\n   1.99043457e-23]\n [-2.95624064e-23  4.12367057e-17 -9.04708886e-23  7.36637952e-23\n  -5.11644798e-23 -8.85778830e-23  2.19019209e-18 -5.05949197e-24\n   5.34080327e-23  6.07499829e-17 -4.97259758e-17  3.46324362e-17\n   5.98762785e-17 -3.05510564e-12  7.05748906e-18 -7.44990992e-17\n  -8.96388462e-23 -1.01515308e-22 -1.30418814e-22  6.40668459e-18\n  -4.53306121e-23  1.82672976e-22 -2.89377942e-23 -2.82366555e-23\n  -5.58111798e-18  1.46966999e-24 -1.26378752e-22 -2.44552208e-22\n   3.84770718e-18 -3.87397882e-24  8.96028935e-23  6.12545618e-18\n  -5.78916974e-23  1.87091568e-22  5.38680347e-20 -3.75209668e-18\n   2.84386328e-23]\n [-7.04188904e-18  9.82273157e-12  3.00100935e-17 -3.77684381e-19\n   8.76670277e-18  1.21048687e-17  5.31993834e-13 -6.09624594e-19\n   1.24956492e-17 -2.01398306e-11  2.60435180e-13 -5.91894626e-12\n  -8.15862528e-12 -7.42078326e-07  8.50372145e-13 -1.74301895e-11\n  -5.70869140e-18  8.64763600e-18  6.40668459e-18 -2.18217997e-12\n   9.60787554e-18 -5.72100670e-17 -5.04535441e-18 -6.03146383e-18\n   5.45697415e-14  2.57154041e-18 -1.00065003e-18  1.45157983e-17\n  -5.93796543e-13  6.88309870e-18 -1.92240292e-17 -8.72779339e-13\n   4.50547466e-18 -2.34413746e-17 -3.21978586e-14 -8.97588325e-13\n   5.66488128e-18]\n [ 2.16899457e-23 -3.02553775e-17 -1.84977495e-22 -3.28510417e-23\n  -1.07467954e-22 -8.29125098e-23 -6.09625112e-19  9.86823156e-23\n  -9.83888510e-23  1.24824265e-16  2.21281670e-17  7.22986498e-17\n   5.57943276e-17  8.50371920e-13 -1.37651967e-16  1.37242777e-16\n   4.38286213e-23 -7.25913505e-23 -4.53306121e-23  9.60787554e-18\n  -4.25412588e-22  5.81037520e-22  6.34245201e-23 -1.47378583e-23\n   2.57154205e-18  7.21476140e-24  5.14506734e-23 -1.33647440e-22\n   6.88309903e-18 -1.23213116e-22  2.60281876e-22  4.50547645e-18\n  -1.71872627e-22  2.48757036e-22 -7.44236641e-18  5.66488453e-18\n  -1.72131320e-22]\n [-1.76983496e-22  2.46874425e-16  8.32156623e-22  1.99079859e-23\n   2.88888048e-22  3.42691737e-22  1.24956503e-17 -9.83888899e-23\n   3.65742033e-22 -5.59263005e-16 -1.32184014e-17 -1.94740426e-16\n  -2.30842575e-16 -1.74301908e-11  1.37242771e-16 -5.10173595e-16\n  -1.65747619e-22  2.56365169e-22  1.82672976e-22 -5.72100670e-17\n   5.81037520e-22 -1.78268673e-21 -1.67615708e-22 -1.22559576e-22\n  -1.00064954e-18  5.14506760e-23 -6.70083884e-23  4.40404864e-22\n  -1.92240283e-17  2.60281853e-22 -6.54628004e-22 -2.34413736e-17\n   2.48757031e-22 -7.39385420e-22  5.66488567e-18 -2.50917159e-17\n   2.74786718e-22]\n [-3.87383814e-23  5.40361542e-17  7.51358651e-23  1.47687773e-22\n   1.16336002e-22  1.02898343e-23  3.35767386e-18  4.08140007e-23\n   4.00293798e-23 -5.04203904e-17 -9.95498945e-17 -7.83740691e-17\n  -6.95103483e-18 -4.68361839e-12 -5.69315031e-17 -5.58369400e-17\n  -6.77400676e-23  8.43034199e-24 -2.89377942e-23 -5.04535441e-18\n   6.34245201e-23 -1.67615708e-22 -1.70598117e-22  4.76120279e-23\n  -1.19858405e-17 -7.30990821e-23 -2.05885643e-22  8.86518776e-23\n  -9.30434361e-18 -4.31324494e-23 -1.71714289e-22 -1.47329224e-19\n   6.12923984e-23 -5.60657534e-23 -3.63128181e-18 -3.40405637e-18\n  -3.78799167e-23]\n [-1.21587948e-23  1.69602884e-17  7.73460006e-23  4.40603978e-23\n   7.43732585e-24  1.95396809e-22  8.15213489e-19 -8.45038171e-24\n   2.52638632e-23 -5.17487313e-17 -2.98110275e-17 -5.06219575e-18\n  -1.31847170e-16 -1.13714037e-12  1.17874131e-17 -3.52405011e-17\n  -1.35846890e-22 -3.42458567e-23 -2.82366555e-23 -6.03146383e-18\n  -1.47378583e-23 -1.22559576e-22  4.76120279e-23 -2.07889480e-22\n  -2.18766993e-18  1.09756981e-22 -1.43207302e-22  3.91824355e-25\n   3.53575992e-19  8.83806793e-23 -6.81037513e-23 -1.55214220e-17\n  -6.24956538e-23 -2.94558422e-22  5.12173367e-19 -1.63591423e-18\n   2.25883413e-23]\n [-6.03544083e-18  8.41884361e-12 -3.77683758e-19  2.56385288e-17\n   8.96252933e-18  6.24792053e-18  4.97024478e-13  3.21070813e-18\n   8.44945648e-18  1.81854442e-13 -1.71806096e-11 -6.04605740e-12\n  -4.20101958e-12 -6.93300181e-07 -4.47862407e-12 -1.17861532e-11\n  -1.61524144e-17 -6.17445007e-18 -5.58111798e-18  5.45697415e-14\n   2.57154205e-18 -1.00064954e-18 -1.19858405e-17 -2.18766993e-18\n  -1.97482829e-12 -2.06756739e-18 -4.25652111e-17  6.36526802e-18\n  -7.33342898e-13 -5.10377822e-18 -1.20412079e-17 -4.51533576e-13\n   2.03992178e-18 -1.18505992e-17 -3.17951774e-13 -6.65040341e-13\n  -1.16517722e-18]\n [-3.04161391e-23  4.24275710e-17 -3.28510428e-23 -2.33028676e-23\n   4.90245809e-23 -