{'theta_hat': '[-1.65477347e-11  2.30824621e-05 -6.40863780e-12 -2.97840932e-12\n -6.24132325e-12 -6.30726874e-12  1.09216550e-06 -1.58642070e-11\n  3.81292497e-11  4.31558393e-06  2.00566612e-06  4.20291574e-06\n  4.24731949e-06 -1.52346349e+00  2.21290087e-05 -5.31865532e-05\n -2.68722371e-12  3.64193051e-12  6.94806221e-12  4.22975918e-07\n -6.14392027e-12  1.47667684e-11  2.98533412e-13 -5.13240467e-12\n  1.96577725e-07 -2.85538179e-12  6.86284371e-12  5.62102973e-12\n  4.11932990e-07 -5.98351587e-12  1.43812403e-11  4.16285495e-07\n -6.04673795e-12  1.45331932e-11  1.04705205e-06 -2.51656526e-06\n  3.65542674e-11]', 'theta_bar': '[ 3.91844135e-13  7.65217468e-06  2.70064499e-20  3.67278701e-20\n  3.16397531e-20  1.25675462e-20 -2.58620689e-08  3.75658448e-13\n -9.02886333e-13  5.27398702e-13  7.17244583e-13  6.17880685e-13\n  2.45426821e-13 -5.05050505e-01  7.33609128e-06 -1.76321220e-05\n  2.53133668e-27  2.18065636e-27  8.66172985e-28 -1.78245025e-15\n  2.58909114e-20 -6.22281995e-20  2.96561968e-27  1.17796636e-27\n -2.42407290e-15  3.52107718e-20 -8.46282661e-20  1.01477609e-27\n -2.08825257e-15  3.03328279e-20 -7.29042408e-20 -8.29469472e-16\n  1.20484254e-20 -2.89581069e-20 -2.47937984e-08  5.95913208e-08\n -8.65591312e-13]', 'grad_op_sum': '[[ 3.61317584e-22 -5.04002486e-16  1.39931753e-22  6.50331710e-23\n   1.36278462e-22  1.37718373e-22 -2.38472882e-17  3.46392847e-22\n  -8.32547090e-22 -9.42302004e-17 -4.37934526e-17 -9.17701055e-17\n  -9.27396556e-17  3.32646223e-11 -4.83183958e-16  1.16132131e-15\n   5.86751718e-23 -7.95210677e-23 -1.51710013e-22 -9.23562285e-18\n   1.34151681e-22 -3.22430421e-22 -6.51843730e-24  1.12065373e-22\n  -4.29224844e-18  6.23468812e-23 -1.49849279e-22 -1.22734436e-22\n  -8.99450199e-18  1.30649272e-22 -3.14012466e-22 -9.08953835e-18\n   1.32029718e-22 -3.17330338e-22 -2.28622421e-17  5.49488674e-17\n  -7.98157561e-22]\n [-5.04002486e-16  7.03033888e-10 -1.95191030e-16 -9.07148761e-17\n  -1.90095049e-16 -1.92103583e-16  3.32646211e-11 -4.83183946e-16\n   1.16132129e-15  1.31441860e-10  6.10875583e-11  1.28010270e-10\n   1.29362697e-10 -4.64008759e-05  6.73994089e-10 -1.61992898e-09\n  -8.18460928e-17  1.10924067e-16  2.11620544e-16  1.28827854e-11\n  -1.87128398e-16  4.49758719e-16  9.09257881e-18 -1.56320171e-16\n   5.98726434e-12 -8.69677662e-17  2.09025003e-16  1.71202464e-16\n   1.25464455e-11 -1.82242883e-16  4.38016500e-16  1.26790118e-11\n  -1.84168468e-16  4.42644605e-16  3.18905787e-11 -7.66482646e-11\n   1.11335128e-15]\n [ 1.39931753e-22 -1.95191030e-16  5.41930324e-23  2.51861687e-23\n   5.27781790e-23  5.33358305e-23 -9.23562261e-18  1.34151673e-22\n  -3.22430402e-22 -3.64936492e-17 -1.69604106e-17 -3.55408990e-17\n  -3.59163882e-17  1.28827855e-11 -1.87128392e-16  4.49758699e-16\n   2.27238309e-23 -3.07970686e-23 -5.87545391e-23 -3.57678938e-18\n   5.19545152e-23 -1.24871460e-22 -2.52447265e-24  4.34008882e-23\n  -1.66231005e-18  2.41458174e-23 -5.80339103e-23 -4.75328230e-23\n  -3.48340764e-18  5.05980958e-23 -1.21611338e-22 -3.52021350e-18\n   5.11327174e-23 -1.22896290e-22 -8.85413209e-18  2.12807007e-17\n  -3.09111961e-22]\n [ 6.50331710e-23 -9.07148761e-17  2.51861687e-23  1.17052519e-23\n   2.45286167e-23  2.47877848e-23 -4.29224827e-18  6.23468834e-23\n  -1.49849273e-22 -1.69603944e-17 -7.88233736e-18 -1.65176046e-17\n  -1.66921128e-17  5.98726431e-12 -8.69677712e-17  2.09024998e-16\n   1.05608823e-23 -1.43129132e-23 -2.73061253e-23 -1.66231002e-18\n   2.41458196e-23 -5.80339116e-23 -1.17324666e-24  2.01705283e-23\n  -7.72557273e-19  1.12217494e-23 -2.69712137e-23 -2.20908417e-23\n  -1.61891093e-18  2.35154248e-23 -5.65187727e-23 -1.63601643e-18\n   2.37638897e-23 -5.71159530e-23 -4.11495085e-18  9.89018872e-18\n  -1.43659538e-22]\n [ 1.36278462e-22 -1.90095049e-16  5.27781790e-23  2.45286167e-23\n   5.14002641e-23  5.19433566e-23 -8.99450209e-18  1.30649286e-22\n  -3.14012498e-22 -3.55408853e-17 -1.65176140e-17 -3.46130092e-17\n  -3.49786952e-17  1.25464461e-11 -1.82242907e-16  4.38016550e-16\n   2.21305648e-23 -2.99930291e-23 -5.72205954e-23 -3.48340777e-18\n   5.05981043e-23 -1.21611358e-22 -2.45856457e-24  4.22677924e-23\n  -1.61891102e-18  2.35154265e-23 -5.65187806e-23 -4.62918521e-23\n  -3.39246401e-18  4.92770978e-23 -1.18436350e-22 -3.42830895e-18\n   4.97977616e-23 -1.19687755e-22 -8.62297140e-18  2.07251113e-17\n  -3.01041770e-22]\n [ 1.37718373e-22 -1.92103583e-16  5.33358305e-23  2.47877848e-23\n   5.19433566e-23  5.24921873e-23 -9.08953752e-18  1.32029720e-22\n  -3.17330338e-22 -3.59164084e-17 -1.66921382e-17 -3.49787284e-17\n  -3.53482783e-17  1.26790112e-11 -1.84168476e-16  4.42644610e-16\n   2.23643951e-23 -3.03099339e-23 -5.78251852e-23 -3.52021327e-18\n   5.11327211e-23 -1.22896297e-22 -2.48454164e-24  4.27143917e-23\n  -1.63601634e-18  2.37638893e-23 -5.71159550e-23 -4.67809694e-23\n  -3.42830861e-18  4.97977570e-23 -1.19687743e-22 -3.46453229e-18\n   5.03239222e-23 -1.20952369e-22 -8.71408126e-18  2.09440918e-17\n  -3.04222561e-22]\n [-2.38472882e-17  3.32646211e-11 -9.23562261e-18 -4.29224827e-18\n  -8.99450209e-18 -9.08953752e-18  1.57394265e-12 -2.28622420e-17\n   5.49488630e-17  6.21927869e-12  2.89040759e-12  6.05691019e-12\n   6.12090137e-12 -2.19549524e-06  3.18905794e-11 -7.66482594e-11\n  -3.87261456e-18  5.24846259e-18  1.00129985e-17  6.09559484e-13\n  -8.85413261e-18  2.12807002e-17  4.30222774e-19 -7.39641622e-18\n   2.83292290e-13 -4.11495071e-18  9.89018829e-18  8.10058407e-18\n   5.93645289e-13 -8.62297046e-18  2.07251075e-17  5.99917774e-13\n  -8.71408112e-18  2.09440901e-17  1.50892871e-12 -3.62667508e-12\n   5.26791229e-17]\n [ 3.46392847e-22 -4.83183946e-16  1.34151673e-22  6.23468834e-23\n   1.30649286e-22  1.32029720e-22 -2.28622420e-17  3.32084597e-22\n  -7.98157548e-22 -9.03378879e-17 -4.19845017e-17 -8.79794108e-17\n  -8.89089121e-17  3.18905798e-11 -4.63225357e-16  1.11335128e-15\n   5.62515104e-23 -7.62363369e-23 -1.45443415e-22 -8.85413231e-18\n   1.28610355e-22 -3.09111974e-22 -6.24918398e-24  1.07436353e-22\n  -4.11495101e-18  5.97715546e-23 -1.43659541e-22 -1.17664715e-22\n  -8.62297129e-18  1.25252618e-22 -3.01041734e-22 -8.71408204e-18\n   1.26576043e-22 -3.04222557e-22 -2.19178846e-17  5.26791263e-17\n  -7.65188527e-22]\n [-8.32547090e-22  1.16132129e-15 -3.22430402e-22 -1.49849273e-22\n  -3.14012498e-22 -3.17330338e-22  5.49488630e-17 -7.98157548e-22\n   1.91835296e-21  2.17124997e-16  1.00908766e-16  2.11456452e-16\n   2.13690487e-16 -7.66482612e-11  1.11335129e-15 -2.67591371e-15\n  -1.35199187e-22  1.83232249e-22  3.49569840e-22  2.12806995e-17\n  -3.09111974e-22  7.42943385e-22  1.50197672e-23 -2.58220757e-22\n   9.89018833e-18 -1.43659531e-22  3.45282340e-22  2.82804386e-22\n   2.07251094e-17 -3.01041733e-22  7.23546754e-22  2.09440920e-17\n  -3.04222552e-22  7.31191786e-22  5.26791221e-17 -1.26613046e-16\n   1.83911269e-21]\n [-9.42302004e-17  1.31441860e-10 -3.64936492e-17 -1.69603944e-17\n  -3.55408853e-17 -3.59164084e-17  6.21927869e-12 -9.03378879e-17\n   2.17124997e-16  2.45748645e-11  1.14211597e-11  2.39332815e-11\n   2.41861363e-11 -8.67528228e-06  1.26012470e-10 -3.02868015e-10\n  -1.53022533e-17  2.07387808e-17  3.95653729e-17  2.40861401e-12\n  -3.49862292e-17  8.40885819e-17  1.69998273e-18 -2.92262071e-17\n   1.11940146e-12 -1.62598207e-17  3.90801007e-17  3.20086566e-17\n   2.34573064e-12 -3.40728148e-17  8.18932124e-17  2.37051574e-12\n  -3.44328296e-17  8.27585002e-17  5.96238254e-12 -1.43304479e-11\n   2.08156343e-16]\n [-4.37934526e-17  6.10875583e-11 -1.69604106e-17 -7.88233736e-18\n  -1.65176140e-17 -1.66921382e-17  2.89040759e-12 -4.19845017e-17\n   1.00908766e-16  1.14211597e-11  5.30797994e-12  1.11229842e-11\n   1.12404984e-11 -4.03183439e-06  5.85642512e-11 -1.40757804e-10\n  -7.11171687e-18  9.63834107e-18  1.83879932e-17  1.11940251e-12\n  -1.62598377e-17  3.90801389e-17  7.90066378e-19 -1.35828695e-17\n   5.20241436e-13 -7.55674595e-18  1.81624631e-17  1.48760119e-17\n   1.09017749e-12 -1.58353287e-17  3.80598417e-17  1.10169636e-12\n  -1.60026455e-17  3.84619839e-17  2.77101519e-12 -6.66007061e-12\n   9.67405874e-17]\n [-9.17701055e-17  1.28010270e-10 -3.55408990e-17 -1.65176046e-17\n  -3.46130092e-17 -3.49787284e-17  6.05691019e-12 -8.79794108e-17\n   2.11456452e-16  2.39332815e-11  1.11229842e-11  2.33084484e-11\n   2.35547019e-11 -8.44879420e-06  1.22722626e-10 -2.94960953e-10\n  -1.49027530e-17  2.01973474e-17  3.85324284e-17  2.34573163e-12\n  -3.40728336e-17  8.18932571e-17  1.65560080e-18 -2.84631901e-17\n   1.09017693e-12 -1.58353209e-17  3.80598253e-17  3.11729975e-17\n   2.28448997e-12 -3.31832661e-17  7.97552028e-17  2.30862801e-12\n  -3.35338818e-17  8.05979003e-17  5.80672091e-12 -1.39563187e-11\n   2.02721946e-16]\n [-9.27396556e-17  1.29362697e-10 -3.59163882e-17 -1.66921128e-17\n  -3.49786952e-17 -3.53482783e-17  6.12090137e-12 -8.89089121e-17\n   2.13690487e-16  2.41861363e-11  1.12404984e-11  2.35547019e-11\n   2.38035570e-11 -8.53805560e-06  1.24019189e-10 -2.98077212e-10\n  -1.50602004e-17  2.04107322e-17  3.89395230e-17  2.37051425e-12\n  -3.44328127e-17  8.27584583e-17  1.67309220e-18 -2.87639033e-17\n   1.10169463e-12 -1.60026208e-17  3.84619269e-17  3.15023398e-17\n   2.30862558e-12 -3.35338469e-17  8.05978155e-17  2.33301863e-12\n  -3.38881669e-17  8.14494161e-17  5.86806884e-12 -1.41037671e-11\n   2.04863701e-16]\n [ 3.32646223e-11 -4.64008759e-05  1.28827855e-11  5.98726431e-12\n   1.25464461e-11  1.26790112e-11 -2.19549524e-06  3.18905798e-11\n  -7.66482612e-11 -8.67528228e-06 -4.03183439e-06 -8.44879420e-06\n  -8.53805560e-06  3.06250000e+00 -4.44842228e-05  1.06916786e-04\n   5.40191654e-12 -7.32108927e-12 -1.39671484e-11 -8.50275548e-07\n   1.23506444e-11 -2.96844844e-11 -6.00118469e-13  1.03172734e-11\n  -3.95164891e-07  5.73995165e-12 -1.37958402e-11 -1.12995183e-11\n  -8.28076810e-07  1.20281960e-11 -2.89094873e-11 -8.36826311e-07\n   1.21552864e-11 -2.92149464e-11 -2.10480719e-06  5.05885516e-06\n  -7.34821969e-11]\n [-4.83183958e-16  6.73994089e-10 -1.87128392e-16 -8.69677712e-17\n  -1.82242907e-16 -1.84168476e-16  3.18905794e-11 -4.63225357e-16\n   1.11335129e-15  1.26012470e-10  5.85642512e-11  1.22722626e-10\n   1.24019189e-10 -4.44842228e-05  6.46153821e-10 -1.55301555e-09\n  -7.84653254e-17  1.06342193e-16  2.02879262e-16  1.23506439e-11\n  -1.79398798e-16  4.31180806e-16  8.71699712e-18 -1.49863147e-16\n   5.73995201e-12 -8.33754409e-17  2.00390932e-16  1.64130707e-16\n   1.20281970e-11 -1.74715085e-16  4.19923616e-16  1.21552875e-11\n  -1.76561132e-16  4.24360550e-16  3.05732937e-11 -7.34822008e-11\n   1.06736275e-15]\n [ 1.16132131e-15 -1.61992898e-09  4.49758699e-16  2.09024998e-16\n   4.38016550e-16  4.42644610e-16 -7.66482594e-11  1.11335128e-15\n  -2.67591371e-15 -3.02868015e-10 -1.40757804e-10 -2.94960953e-10\n  -2.98077212e-10  1.06916786e-04 -1.55301555e-09  3.73263643e-09\n   1.88589569e-16 -2.55590966e-16 -4.87615545e-16 -2.96844828e-11\n   4.31180802e-16 -1.03633295e-15 -2.09510980e-17  3.60192558e-16\n  -1.37958400e-11  2.00390916e-16 -4.81634905e-16 -3.94484303e-16\n  -2.89094893e-11  4.19923609e-16 -1.00927656e-15 -2.92149484e-11\n   4.24360539e-16 -1.01994063e-15 -7.34821941e-11  1.76612746e-10\n  -2.56538132e-15]\n [ 5.86751718e-23 -8.18460928e-17  2.27238309e-23  1.05608823e-23\n   2.21305648e-23  2.23643951e-23 -3.87261456e-18  5.62515104e-23\n  -1.35199187e-22 -1.53022533e-17 -7.11171687e-18 -1.49027530e-17\n  -1.50602004e-17  5.40191654e-12 -7.84653254e-17  1.88589569e-16\n   9.52839260e-24 -1.29136043e-23 -2.46365289e-23 -1.49979349e-18\n   2.17851920e-23 -5.23601984e-23 -1.05854364e-24  1.81985469e-23\n  -6.97027840e-19  1.01246497e-23 -2.43343601e-23 -1.99311200e-23\n  -1.46063733e-18  2.12164280e-23 -5.09931878e-23 -1.47607050e-18\n   2.14406017e-23 -5.15319844e-23 -3.71265071e-18  8.92326968e-18\n  -1.29614594e-22]\n [-7.95210677e-23  1.10924067e-16 -3.07970686e-23 -1.43129132e-23\n  -2.99930291e-23 -3.03099339e-23  5.24846259e-18 -7.62363369e-23\n   1.83232249e-22  2.07387808e-17  9.63834107e-18  2.01973474e-17\n   2.04107322e-17 -7.32108927e-12  1.06342193e-16 -2.55590966e-16\n  -1.29136043e-23  1.75015014e-23  3.33893029e-23  2.03263451e-18\n  -2.95249536e-23  7.09625341e-23  1.43461907e-24 -2.46640587e-23\n   9.44665288e-19 -1.37216974e-23  3.29797806e-23  2.70121738e-23\n   1.97956710e-18 -2.87541213e-23  6.91098571e-23  2.00048331e-18\n  -2.90579385e-23  6.98400753e-23  5.03166738e-18 -1.20934956e-17\n   1.75663583e-22]\n [-1.51710013e-22  2.11620544e-16 -5.87545391e-23 -2.73061253e-23\n  -5.72205954e-23 -5.78251852e-23  1.00129985e-17 -1.45443415e-22\n   3.49569840e-22  3.95653729e-17  1.83879932e-17  3.85324284e-17\n   3.89395230e-17 -1.39671484e-11  2.02879262e-16 -4.87615545e-16\n  -2.46365289e-23  3.33893029e-23  6.36999945e-23  3.87785297e-18\n  -5.63276026e-23  1.35382073e-22  2.73696120e-24 -4.70540043e-23\n   1.80222911e-18 -2.61782061e-23  6.29187093e-23  5.15337301e-23\n   3.77661115e-18 -5.48570115e-23  1.31847542e-22  3.81651501e-18\n  -5.54366329e-23  1.33240650e-22  9.59939732e-18 -2.30719283e-17\n   3.35130366e-22]\n [-9.23562285e-18  1.28827854e-11 -3.57678938e-18 -1.66231002e-18\n  -3.48340777e-18 -3.52021327e-18  6.09559484e-13 -8.85413231e-18\n   2.12806995e-17  2.40861401e-12  1.11940251e-12  2.34573163e-12\n   2.37051425e-12 -8.50275548e-07  1.23506439e-11 -2.96844828e-11\n  -1.49979349e-18  2.03263451e-18  3.87785297e-18  2.36071349e-13\n  -3.42904521e-18  8.24162980e-18  1.66617489e-19 -2.86449805e-18\n   1.09713974e-13 -1.59364589e-18  3.83029081e-18  3.13720951e-18\n   2.29908070e-13 -3.33952030e-18  8.02645882e-18  2.32337290e-13\n  -3.37480581e-18  8.11126679e-18  5.84380763e-13 -1.40454558e-12\n   2.04016703e-17]\n [ 1.34151681e-22 -1.87128398e-16  5.19545152e-23  2.41458196e-23\n   5.05981043e-23  5.11327211e-23 -8.85413261e-18  1.28610355e-22\n  -3.09111974e-22 -3.49862292e-17 -1.62598377e-17 -3.40728336e-17\n  -3.44328127e-17  1.23506444e-11 -1.79398798e-16  4.31180802e-16\n   2.17851920e-23 -2.95249536e-23 -5.63276026e-23 -3.42904521e-18\n   4.98084630e-23 -1.19713474e-22 -2.42019586e-24  4.16081552e-23\n  -1.59364606e-18  2.31484414e-23 -5.56367404e-23 -4.55694148e-23\n  -3.33952073e-18  4.85080724e-23 -1.16588016e-22 -3.37480627e-18\n   4.90206107e-23 -1.17819891e-22 -8.48840007e-18  2.04016723e-17\n  -2.96343669e-22]\n [-3.22430421e-22  4.49758719e-16 -1.24871460e-22 -5.80339116e-23\n  -1.21611358e-22 -1.22896297e-22  2.12807002e-17 -3.09111974e-22\n   7.42943385e-22  8.40885819e-17  3.90801389e-17  8.18932571e-17\n   8.27584583e-17 -2.96844844e-11  4.31180806e-16 -1.03633295e-15\n  -5.23601984e-23  7.09625341e-23  1.35382073e-22  8.24162980e-18\n  -1.19713474e-22  2.87728528e-22  5.81688404e-24 -1.00004226e-22\n   3.83029096e-18 -5.56367365e-23  1.33721602e-22  1.09525021e-22\n   8.02645981e-18 -1.16588015e-22  2.80216564e-22  8.11126779e-18\n  -1.17819889e-22  2.83177346e-22  2.04016706e-17 -4.90349412e-17\n   7.12255063e-22]\n [-6.51843730e-24  9.09257881e-18 -2.52447265e-24 -1.17324666e-24\n  -2.45856457e-24 -2.48454164e-24  4.30222774e-19 -6.24918398e-24\n   1.50197672e-23  1.69998273e-18  7.90066378e-19  1.65560080e-18\n   1.67309220e-18 -6.00118469e-13  8.71699712e-18 -2.09510980e-17\n  -1.05854364e-24  1.43461907e-24  2.73696120e-24  1.66617489e-19\n  -2.42019586e-24  5.81688404e-24  1.17597446e-25 -2.02174247e-24\n   7.74353467e-20 -1.12478400e-24  2.70339217e-24  2.21422029e-24\n   1.62267490e-19 -2.35700981e-24  5.66501788e-24  1.63982016e-19\n  -2.38191408e-24  5.72487475e-24  4.12451810e-19 -9.91318340e-19\n   1.43993546e-23]\n [ 1.12065373e-22 -1.56320171e-16  4.34008882e-23  2.01705283e-23\n   4.22677924e-23  4.27143917e-23 -7.39641622e-18  1.07436353e-22\n  -2.58220757e-22 -2.92262071e-17 -1.35828695e-17 -2.84631901e-17\n  -2.87639033e-17  1.03172734e-11 -1.49863147e-16  3.60192558e-16\n   1.81985469e-23 -2.46640587e-23 -4.70540043e-23 -2.86449805e-18\n   4.16081552e-23 -1.00004226e-22 -2.02174247e-24  3.47579202e-23\n  -1.33127321e-18  1.93373553e-23 -4.64768835e-23 -3.80670105e-23\n  -2.78971260e-18  4.05218568e-23 -9.73933337e-23 -2.81918884e-18\n   4.09500124e-23 -9.84223966e-23 -7.09089674e-18  1.70428055e-17\n  -2.47554585e-22]\n [-4.29224844e-18  5.98726434e-12 -1.66231005e-18 -7.72557273e-19\n  -1.61891102e-18 -1.63601634e-18  2.83292290e-13 -4.11495101e-18\n   9.89018833e-18  1.11940146e-12  5.20241436e-13  1.09017693e-12\n   1.10169463e-12 -3.95164891e-07  5.73995201e-12 -1.37958400e-11\n  -6.97027840e-19  9.44665288e-19  1.80222911e-18  1.09713974e-13\n  -1.59364606e-18  3.83029096e-18  7.74353467e-20 -1.33127321e-18\n   5.09894827e-14 -7.40645670e-19  1.78012464e-18  1.45801565e-18\n   1.06849594e-13 -1.55203943e-18  3.73029041e-18  1.07978572e-13\n  -1.56843834e-18  3.76970485e-18  2.71590499e-13 -6.52761452e-13\n   9.48166019e-18]\n [ 6.23468812e-23 -8.69677662e-17  2.41458174e-23  1.12217494e-23\n   2.35154265e-23  2.37638893e-23 -4.11495071e-18  5.97715546e-23\n  -1.43659531e-22 -1.62598207e-17 -7.55674595e-18 -1.58353209e-17\n  -1.60026208e-17  5.73995165e-12 -8.33754409e-17  2.00390916e-16\n   1.01246497e-23 -1.37216974e-23 -2.61782061e-23 -1.59364589e-18\n   2.31484414e-23 -5.56367365e-23 -1.12478400e-24  1.93373553e-23\n  -7.40645670e-19  1.07582187e-23 -2.58571285e-23 -2.11783473e-23\n  -1.55203946e-18  2.25440860e-23 -5.41841826e-23 -1.56843839e-18\n   2.27822877e-23 -5.47566954e-23 -3.94497682e-18  9.48166009e-18\n  -1.37725472e-22]\n [-1.49849279e-22  2.09025003e-16 -5.80339103e-23 -2.69712137e-23\n  -5.65187806e-23 -5.71159550e-23  9.89018829e-18 -1.43659541e-22\n   3.45282340e-22  3.90801007e-17  1.81624631e-17  3.80598253e-17\n   3.84619269e-17 -1.37958402e-11  2.00390932e-16 -4.81634905e-16\n  -2.43343601e-23  3.29797806e-23  6.29187093e-23  3.83029081e-18\n  -5.56367404e-23  1.33721602e-22  2.70339217e-24 -4.64768835e-23\n   1.78012464e-18 -2.58571285e-23  6.21470067e-23  5.09016651e-23\n   3.73029074e-18 -5.41841862e-23  1.30230422e-22  3.76970517e-18\n  -5.47566985e-23  1.31606444e-22  9.48166000e-18 -2.27889494e-17\n   3.31019967e-22]\n [-1.22734436e-22  1.71202464e-16 -4.75328230e-23 -2.20908417e-23\n  -4.62918521e-23 -4.67809694e-23  8.10058407e-18 -1.17664715e-22\n   2.82804386e-22  3.20086566e-17  1.48760119e-17  3.11729975e-17\n   3.15023398e-17 -1.12995183e-11  1.64130707e-16 -3.94484303e-16\n  -1.99311200e-23  2.70121738e-23  5.15337301e-23  3.13720951e-18\n  -4.55694148e-23  1.09525021e-22  2.21422029e-24 -3.80670105e-23\n   1.45801565e-18 -2.11783473e-23  5.09016651e-23  4.16911393e-23\n   3.05530419e-18 -4.43796965e-23  1.06665561e-22  3.08758668e-18\n  -4.48486142e-23  1.07792595e-22  7.76597793e-18 -1.86653474e-17\n   2.71122753e-22]\n [-8.99450199e-18  1.25464455e-11 -3.48340764e-18 -1.61891093e-18\n  -3.39246401e-18 -3.42830861e-18  5.93645289e-13 -8.62297129e-18\n   2.07251094e-17  2.34573064e-12  1.09017749e-12  2.28448997e-12\n   2.30862558e-12 -8.28076810e-07  1.20281970e-11 -2.89094893e-11\n  -1.46063733e-18  1.97956710e-18  3.77661115e-18  2.29908070e-13\n  -3.33952073e-18  8.02645981e-18  1.62267490e-19 -2.78971260e-18\n   1.06849594e-13 -1.55203946e-18  3.73029074e-18  3.05530419e-18\n   2.23905699e-13 -3.25233311e-18  7.81690645e-18  2.26271498e-13\n  -3.28669739e-18  7.89950028e-18  5.69123926e-13 -1.36787613e-12\n   1.98690296e-17]\n [ 1.30649272e-22 -1.82242883e-16  5.05980958e-23  2.35154248e-23\n   4.92770978e-23  4.97977570e-23 -8.62297046e-18  1.25252618e-22\n  -3.01041733e-22 -3.40728148e-17 -1.58353287e-17 -3.31832661e-17\n  -3.35338469e-17  1.20281960e-11 -1.74715085e-16  4.19923609e-16\n   2.12164280e-23 -2.87541213e-23 -5.48570115e-23 -3.33952030e-18\n   4.85080724e-23 -1.16588015e-22 -2.35700981e-24  4.05218568e-23\n  -1.55203943e-18  2.25440860e-23 -5.41841862e-23 -4.43796965e-23\n  -3.25233311e-18  4.72416321e-23 -1.13544156e-22 -3.28669742e-18\n   4.77407891e-23 -1.14743870e-22 -8.26678641e-18  1.98690290e-17\n  -2.88606781e-22]\n [-3.14012466e-22  4.38016500e-16 -1.21611338e-22 -5.65187727e-23\n  -1.18436350e-22 -1.19687743e-22  2.07251075e-17 -3.01041734e-22\n   7.23546754e-22  8.18932124e-17  3.80598417e-17  7.97552028e-17\n   8.05978155e-17 -2.89094873e-11  4.19923616e-16 -1.00927656e-15\n  -5.09931878e-23  6.91098571e-23  1.31847542e-22  8.02645882e-18\n  -1.16588016e-22  2.80216564e-22  5.66501788e-24 -9.73933337e-23\n   3.73029041e-18 -5.41841826e-23  1.30230422e-22  1.06665561e-22\n   7.81690645e-18 -1.13544156e-22  2.72900720e-22  7.89950028e-18\n  -1.14743869e-22  2.75784203e-22  1.98690275e-17 -4.77547458e-17\n   6.93659637e-22]\n [-9.08953835e-18  1.26790118e-11 -3.52021350e-18 -1.63601643e-18\n  -3.42830895e-18 -3.46453229e-18  5.99917774e-13 -8.71408204e-18\n   2.09440920e-17  2.37051574e-12  1.10169636e-12  2.30862801e-12\n   2.33301863e-12 -8.36826311e-07  1.21552875e-11 -2.92149484e-11\n  -1.47607050e-18  2.00048331e-18  3.81651501e-18  2.32337290e-13\n  -3.37480627e-18  8.11126779e-18  1.63982016e-19 -2.81918884e-18\n   1.07978572e-13 -1.56843839e-18  3.76970517e-18  3.08758668e-18\n   2.26271498e-13 -3.28669742e-18  7.89950028e-18  2.28662294e-13\n  -3.32142480e-18  7.98296680e-18  5.75137318e-13 -1.38232918e-12\n   2.00789668e-17]\n [ 1.32029718e-22 -1.84168468e-16  5.11327174e-23  2.37638897e-23\n   4.97977616e-23  5.03239222e-23 -8.71408112e-18  1.26576043e-22\n  -3.04222552e-22 -3.44328296e-17 -1.60026455e-17 -3.35338818e-17\n  -3.38881669e-17  1.21552864e-11 -1.76561132e-16  4.24360539e-16\n   2.14406017e-23 -2.90579385e-23 -5.54366329e-23 -3.37480581e-18\n   4.90206107e-23 -1.17819889e-22 -2.38191408e-24  4.09500124e-23\n  -1.56843834e-18  2.27822877e-23 -5.47566985e-23 -4.48486142e-23\n  -3.28669739e-18  4.77407891e-23 -1.14743869e-22 -3.32142480e-18\n   4.82452203e-23 -1.15956258e-22 -8.35413361e-18  2.00789660e-17\n  -2.91656212e-22]\n [-3.17330338e-22  4.42644605e-16 -1.22896290e-22 -5.71159530e-23\n  -1.19687755e-22 -1.20952369e-22  2.09440901e-17 -3.04222557e-22\n   7.31191786e-22  8.27585002e-17  3.84619839e-17  8.05979003e-17\n   8.14494161e-17 -2.92149464e-11  4.24360550e-16 -1.01994063e-15\n  -5.15319844e-23  6.98400753e-23  1.33240650e-22  8.11126679e-18\n  -1.17819891e-22  2.83177346e-22  5.72487475e-24 -9.84223966e-23\n   3.76970485e-18 -5.47566954e-23  1.31606444e-22  1.07792595e-22\n   7.89950028e-18 -1.14743870e-22  2.75784203e-22  7.98296680e-18\n  -1.15956258e-22  2.78698153e-22  2.00789647e-17 -4.82593249e-17\n   7.00988880e-22]\n [-2.28622421e-17  3.18905787e-11 -8.85413209e-18 -4.11495085e-18\n  -8.62297140e-18 -8.71408126e-18  1.50892871e-12 -2.19178846e-17\n   5.26791221e-17  5.96238254e-12  2.77101519e-12  5.80672091e-12\n   5.86806884e-12 -2.10480719e-06  3.05732937e-11 -7.34821941e-11\n  -3.71265071e-18  5.03166738e-18  9.59939732e-18  5.84380763e-13\n  -8.48840007e-18  2.04016706e-17  4.12451810e-19 -7.09089674e-18\n   2.71590499e-13 -3.94497682e-18  9.48166000e-18  7.76597793e-18\n   5.69123926e-13 -8.26678641e-18  1.98690275e-17  5.75137318e-13\n  -8.35413361e-18  2.00789647e-17  1.44660027e-12 -3.47687011e-12\n   5.05031368e-17]\n [ 5.49488674e-17 -7.66482646e-11  2.12807007e-17  9.89018872e-18\n   2.07251113e-17  2.09440918e-17 -3.62667508e-12  5.26791263e-17\n  -1.26613046e-16 -1.43304479e-11 -6.66007061e-12 -1.39563187e-11\n  -1.41037671e-11  5.05885516e-06 -7.34822008e-11  1.76612746e-10\n   8.92326968e-18 -1.20934956e-17 -2.30719283e-17 -1.40454558e-12\n   2.04016723e-17 -4.90349412e-17 -9.91318340e-19  1.70428055e-17\n  -6.52761452e-13  9.48166009e-18 -2.27889494e-17 -1.86653474e-17\n  -1.36787613e-12  1.98690290e-17 -4.77547458e-17 -1.38232918e-12\n   2.00789660e-17 -4.82593249e-17 -3.47687011e-12  8.35657651e-12\n  -1.21383116e-16]\n [-7.98157561e-22  1.11335128e-15 -3.09111961e-22 -1.43659538e-22\n  -3.01041770e-22 -3.04222561e-22  5.26791229e-17 -7.65188527e-22\n   1.83911269e-21  2.08156343e-16  9.67405874e-17  2.02721946e-16\n   2.04863701e-16 -7.34821969e-11  1.06736275e-15 -2.56538132e-15\n  -1.29614594e-22  1.75663583e-22  3.35130366e-22  2.04016703e-17\n  -2.96343669e-22  7.12255063e-22  1.43993546e-23 -2.47554585e-22\n   9.48166019e-18 -1.37725472e-22  3.31019967e-22  2.71122753e-22\n   1.98690296e-17 -2.88606781e-22  6.93659637e-22  2.00789668e-17\n  -2.91656212e-22  7.00988880e-22  5.05031368e-17 -1.21383116e-16\n   1.76314556e-21]]', 'hess_sum': '[[-9.55014887e-23  1.33215250e-16 -3.69859720e-23 -1.71891599e-23\n  -3.60202780e-23 -3.64010135e-23  6.30318547e-18 -9.15567224e-23\n   2.20054424e-22  2.49063900e-17  1.15752142e-17  2.42561227e-17\n   2.45124555e-17 -8.79232648e-12  1.27712596e-16 -3.06954239e-16\n  -1.55087051e-23  2.10187440e-23  4.00993267e-23  2.44110650e-18\n  -3.54582050e-23  8.52229842e-23  1.72286203e-24 -2.96204353e-23\n   1.13450002e-18 -1.64791415e-23  3.96072339e-23  3.24403338e-23\n   2.37737206e-18 -3.45324192e-23  8.29978391e-23  2.40249910e-18\n  -3.48974118e-23  8.38751681e-23  6.04282525e-18 -1.45237908e-17\n   2.10964771e-22]\n [ 1.33215250e-16 -1.85822132e-10  5.15918421e-17  2.39772715e-17\n   5.02449011e-17  5.07758008e-17 -8.79232581e-12  1.27712584e-16\n  -3.06954252e-16 -3.47420004e-11 -1.61463403e-11 -3.38349843e-11\n  -3.41924597e-11  1.22644310e-05 -1.78146546e-10  4.28170930e-10\n   2.16331206e-17 -2.93188547e-17 -5.59344198e-17 -3.40510806e-12\n   4.94607860e-17 -1.18877804e-16 -2.40330030e-18  4.13177156e-17\n  -1.58252182e-12  2.29868510e-17 -5.52483702e-17 -4.52513241e-17\n  -3.31620957e-12  4.81694593e-17 -1.15774167e-16 -3.35124873e-12\n   4.86784269e-17 -1.16997466e-16 -8.42914644e-12  2.02592589e-11\n  -2.94275078e-16]\n [-3.69859720e-23  5.15918421e-17 -4.59900610e-22 -4.00398420e-23\n   1.12827722e-22  1.83344418e-22  2.44110872e-18 -3.54582150e-23\n   8.52230094e-23  3.09697223e-16  2.69628580e-17 -7.59781895e-17\n  -1.23464183e-16 -3.40510897e-12  4.94607812e-17 -1.18877849e-16\n  -2.59561150e-22 -2.75618979e-23 -1.51719320e-22  3.03538564e-17\n  -4.40903661e-22  1.05970160e-21  9.30658466e-23  7.91662236e-23\n   2.64266564e-18 -3.83859207e-23  9.22596984e-23  1.06893684e-22\n  -7.44673242e-18  1.08167211e-22 -2.59977409e-22 -1.21008991e-17\n   1.75771116e-22 -4.22461838e-22  2.34027334e-18 -5.62479565e-18\n   8.17027484e-23]\n [-1.71891599e-23  2.39772715e-17 -4.00398420e-23 -2.73069990e-22\n   2.28611092e-23 -9.21837128e-23  1.13450044e-18 -1.64791242e-23\n   3.96072119e-23  2.69628601e-17  1.83885480e-16 -1.53947217e-17\n   6.20766377e-17 -1.58252145e-12  2.29868603e-17 -5.52483745e-17\n  -1.01090221e-22  8.51226679e-23  3.15230663e-23  2.64266570e-18\n  -3.83859322e-23  9.22596874e-23  3.57794800e-23 -1.50120312e-22\n   1.80228648e-17 -2.61790436e-22  6.29207211e-22 -1.52443634e-22\n  -1.50885303e-18  2.19167928e-23 -5.26764670e-23  6.08420764e-18\n  -8.83759185e-23  2.12409451e-22  1.08763827e-18 -2.61411340e-18\n   3.79711832e-23]\n [-3.60202780e-23  5.02449011e-17  1.12827722e-22  2.28611092e-23\n  -3.87270721e-22  1.54252314e-22  2.37737211e-18 -3.45324238e-23\n   8.29978334e-23 -7.59781851e-17 -1.53947278e-17  2.60788491e-16\n  -1.03873726e-16 -3.31620983e-12  4.81694735e-17 -1.15774187e-16\n   1.09678678e-22 -1.93413405e-22  1.00365957e-22 -7.44673137e-18\n   1.08167211e-22 -2.59977357e-22  1.18440876e-22 -1.09078103e-22\n  -1.50885429e-18  2.19168034e-23 -5.26765163e-23  4.28498630e-22\n   2.55602134e-17 -3.71273843e-22  8.92348193e-22 -1.01807935e-17\n   1.47880663e-22 -3.55427809e-22  2.27917083e-18 -5.47793624e-18\n   7.95695143e-23]\n [-3.64010135e-23  5.07758008e-17  1.83344418e-22 -9.21837128e-23\n   1.54252314e-22 -3.30657412e-22  2.40249818e-18 -3.48973959e-23\n   8.38750925e-23 -1.23464174e-16  6.20766274e-17 -1.03873711e-16\n   2.22665016e-16 -3.35124884e-12  4.86784299e-17 -1.16997448e-16\n   6.49916020e-23  1.18498651e-22 -3.79820332e-23 -1.21008974e-17\n   1.75771121e-22 -4.22461746e-22 -1.39232697e-22 -9.86984889e-23\n   6.08420761e-18 -8.83759300e-23  2.12409446e-22 -3.45323425e-22\n  -1.01807916e-17  1.47880661e-22 -3.55427706e-22  2.18236928e-17\n  -3.16999144e-22  7.61900066e-22  2.30326023e-18 -5.53583279e-18\n   8.04105504e-23]\n [ 6.30318547e-18 -8.79232581e-12  2.44110872e-18  1.13450044e-18\n   2.37737211e-18  2.40249818e-18 -4.16016193e-13  6.04282507e-18\n  -1.45237904e-17 -1.64384468e-12 -7.63974738e-13 -1.60092621e-12\n  -1.61784529e-12  5.80301626e-07 -8.42914715e-12  2.02592593e-11\n   1.02358727e-18 -1.38725616e-18 -2.64659202e-18 -1.61115360e-13\n   2.34027427e-18 -5.62479507e-18 -1.13710907e-19  1.95497469e-18\n  -7.48779989e-14  1.08763814e-18 -2.61411037e-18 -2.14109365e-18\n  -1.56908679e-13  2.27917047e-18 -5.47793105e-18 -1.58567142e-13\n   2.30326038e-18 -5.53583220e-18 -3.98832031e-13  9.58583180e-13\n  -1.39238681e-17]\n [-9.15567224e-23  1.27712584e-16 -3.54582150e-23 -1.64791242e-23\n  -3.45324238e-23 -3.48973959e-23  6.04282507e-18 -8.77748102e-23\n   2.10964777e-22  2.38775987e-17  1.10970856e-17  2.32541745e-17\n   2.34999443e-17 -8.42914874e-12  1.22437250e-16 -2.94275069e-16\n  -1.48680843e-23  2.01505301e-23  3.84429806e-23  2.34027355e-18\n  -3.39935619e-23  8.17027264e-23  1.65170902e-24 -2.83969122e-23\n   1.08763783e-18 -1.57984366e-23  3.79711816e-23  3.11003376e-23\n   2.27917072e-18 -3.31060034e-23  7.95694966e-23  2.30326029e-18\n  -3.34559059e-23  8.04105271e-23  5.79321932e-18 -1.39238657e-17\n   2.02250514e-22]\n [ 2.20054424e-22 -3.06954252e-16  8.52230094e-23  3.96072119e-23\n   8.29978334e-23  8.38750925e-23 -1.45237904e-17  2.10964777e-22\n  -5.07048847e-22 -5.73892603e-17 -2.66715798e-17 -5.58908718e-17\n  -5.64815622e-17  2.02592617e-11 -2.94275108e-16  7.07283104e-16\n   3.57350936e-23 -4.84313264e-23 -9.23967777e-23 -5.62479211e-18\n   8.17027276e-23 -1.96370529e-22 -3.96983228e-24  6.82513006e-23\n  -2.61411292e-18  3.79711806e-23 -9.12628690e-23 -7.47489534e-23\n  -5.47793056e-18  7.95695096e-23 -1.91243420e-22 -5.53583549e-18\n   8.04105600e-23 -1.93264856e-22 -1.39238689e-17  3.34656903e-17\n  -4.86104325e-22]\n [ 2.49063900e-17 -3.47420004e-11  3.09697223e-16  2.69628601e-17\n  -7.59781851e-17 -1.23464174e-16 -1.64384468e-12  2.38775987e-17\n  -5.73892603e-17 -2.08550200e-10 -1.81568091e-11  5.11637073e-11\n   8.31408078e-11  2.29300419e-06 -3.33069413e-11  8.00524555e-11\n   1.74788575e-16  1.85602293e-17  1.02167879e-16 -2.04402955e-11\n   2.96904686e-16 -7.13603444e-16 -6.26705844e-17 -5.33105258e-17\n  -1.77957324e-12  2.58491122e-17 -6.21277648e-17 -7.19822908e-17\n   5.01462863e-12 -7.28398000e-17  1.75068784e-16  8.14874828e-12\n  -1.18364300e-16  2.84485856e-16 -1.57594365e-12  3.78774287e-12\n  -5.50187172e-17]\n [ 1.15752142e-17 -1.61463403e-11  2.69628580e-17  1.83885480e-16\n  -1.53947278e-17  6.20766274e-17 -7.63974738e-13  1.10970856e-17\n  -2.66715798e-17 -1.81568091e-11 -1.23828601e-10  1.03668435e-11\n  -4.18025015e-11  1.06567304e-06 -1.54793908e-11  3.72043390e-11\n   6.80742064e-17 -5.73216307e-17 -2.12275763e-17 -1.77957293e-12\n   2.58491130e-17 -6.21277535e-17 -2.40938871e-17  1.01091151e-16\n  -1.21366087e-11  1.76289836e-16 -4.23708467e-16  1.02655676e-16\n   1.01606597e-12 -1.47588234e-17  3.54724882e-17 -4.09711385e-12\n   5.95124568e-17 -1.43036854e-16 -7.32417262e-13  1.76034750e-12\n  -2.55698458e-17]\n [ 2.42561227e-17 -3.38349843e-11 -7.59781895e-17 -1.53947217e-17\n   2.60788491e-16 -1.03873711e-16 -1.60092621e-12  2.32541745e-17\n  -5.58908718e-17  5.11637073e-11  1.03668435e-11 -1.75615221e-10\n   6.99487151e-11  2.23314012e-06 -3.24373878e-11  7.79625067e-11\n  -7.38576714e-17  1.30244817e-16 -6.75865050e-17  5.01462949e-12\n  -7.28398053e-17  1.75068757e-16 -7.97582309e-17  7.34532663e-17\n   1.01606580e-12 -1.47588187e-17  3.54724791e-17 -2.88551488e-16\n  -1.72122752e-11  2.50016198e-16 -6.00908143e-16  6.85576030e-12\n  -9.95830578e-17  2.39345603e-16 -1.53479648e-12  3.68884894e-12\n  -5.35822202e-17]\n [ 2.45124555e-17 -3.41924597e-11 -1.23464183e-16  6.20766377e-17\n  -1.03873726e-16  2.22665016e-16 -1.61784529e-12  2.34999443e-17\n  -5.64815622e-17  8.31408078e-11 -4.18025015e-11  6.99487151e-11\n  -1.49942845e-10  2.25673311e-06 -3.27800933e-11  7.87861641e-11\n  -4.37653217e-17 -7.97970928e-17  2.55772521e-17  8.14874753e-12\n  -1.18364293e-16  2.84485837e-16  9.37594334e-17  6.64636673e-17\n  -4.09711451e-12  5.95124791e-17 -1.43036847e-16  2.32541139e-16\n   6.85576024e-12 -9.95830657e-17  2.39345560e-16 -1.46960952e-11\n   2.13467519e-16 -5.13064260e-16 -1.55101740e-12  3.72783451e-12\n  -5.41484903e-17]\n [-8.79232648e-12  1.22644310e-05 -3.40510897e-12 -1.58252145e-12\n  -3.31620983e-12 -3.35124884e-12  5.80301626e-07 -8.42914874e-12\n   2.02592617e-11  2.29300419e-06  1.06567304e-06  2.23314012e-06\n   2.25673311e-06 -8.09463655e-01  1.17578327e-05 -2.82596786e-05\n  -1.42780581e-12  1.93507150e-12  3.69172246e-12  2.24740281e-07\n  -3.26445653e-12  7.84604467e-12  1.58620112e-13 -2.72700668e-12\n   1.04447901e-07 -1.51715374e-12  3.64644349e-12  2.98662871e-12\n   2.18872832e-07 -3.17922850e-12  7.64120113e-12  2.21185444e-07\n  -3.21282028e-12  7.72193770e-12  5.56331325e-07 -1.33712963e-06\n   1.94224232e-11]\n [ 1.27712596e-16 -1.78146546e-10  4.94607812e-17  2.29868603e-17\n   4.81694735e-17  4.86784299e-17 -8.42914715e-12  1.22437250e-16\n  -2.94275108e-16 -3.33069413e-11 -1.54793908e-11 -3.24373878e-11\n  -3.27800933e-11  1.17578327e-05 -1.70787918e-10  4.10484783e-10\n   2.07395373e-17 -2.81078005e-17 -5.36239650e-17 -3.26445576e-12\n   4.74177407e-17 -1.13967400e-16 -2.30402853e-18  3.96110251e-17\n  -1.51715343e-12  2.20373488e-17 -5.29662433e-17 -4.33821511e-17\n  -3.17922875e-12  4.61797576e-17 -1.10991949e-16 -3.21282127e-12\n   4.66676884e-17 -1.12164697e-16 -8.08096952e-12  1.94224226e-11\n  -2.82119635e-16]\n [-3.06954239e-16  4.28170930e-10 -1.18877849e-16 -5.52483745e-17\n  -1.15774187e-16 -1.16997448e-16  2.02592593e-11 -2.94275069e-16\n   7.07283104e-16  8.00524555e-11  3.72043390e-11  7.79625067e-11\n   7.87861641e-11 -2.82596786e-05  4.10484783e-10 -9.86590561e-10\n  -4.98469941e-17  6.75564379e-17  1.28883926e-16  7.84604394e-12\n  -1.13967412e-16  2.73917934e-16  5.53769462e-18 -9.52041598e-17\n   3.64644441e-12 -5.29662545e-17  1.27303121e-16  1.04267975e-16\n   7.64120182e-12 -1.10991980e-16  2.66766580e-16  7.72193790e-12\n  -1.12164699e-16  2.69585183e-16  1.94224213e-11 -4.66813375e-11\n   6.78067765e-16]\n [-1.55087051e-23  2.16331206e-17 -2.59561150e-22 -1.01090221e-22\n   1.09678678e-22  6.49916020e-23  1.02358727e-18 -1.48680843e-23\n   3.57350936e-23  1.74788575e-16  6.80742064e-17 -7.38576714e-17\n  -4.37653217e-17 -1.42780581e-12  2.07395373e-17 -4.98469941e-17\n  -1.78628435e-22  5.20265235e-23 -4.85536797e-23  1.71312721e-17\n  -2.48839621e-22  5.98080075e-22  4.96677283e-23  2.05398597e-23\n   6.67204618e-18 -9.69145297e-23  2.32931832e-22 -4.35445288e-23\n  -7.23889136e-18  1.05148231e-22 -2.52721336e-22 -4.28950484e-18\n   6.23070319e-23 -1.49753512e-22  9.81307026e-19 -2.35854951e-18\n   3.42589986e-23]\n [ 2.10187440e-23 -2.93188547e-17 -2.75618979e-23  8.51226679e-23\n  -1.93413405e-22  1.18498651e-22 -1.38725616e-18  2.01505301e-23\n  -4.84313264e-23  1.85602293e-17 -5.73216307e-17  1.30244817e-16\n  -7.97970928e-17  1.93507150e-12 -2.81078005e-17  6.75564379e-17\n   5.20265235e-23 -2.71718657e-22 -1.87397403e-22  1.81911074e-18\n  -2.64234116e-23  6.35080401e-23  5.92026145e-23 -4.67336343e-23\n  -5.61817230e-18  8.16065430e-23 -1.96139434e-22  3.43534805e-22\n   1.27654584e-17 -1.85424165e-22  4.45662661e-22 -7.82101879e-18\n   1.13603908e-22 -2.73044345e-22 -1.32995394e-18  3.19651326e-18\n  -4.64307977e-23]\n [ 4.00993267e-23 -5.59344198e-17 -1.51719320e-22  3.15230663e-23\n   1.00365957e-22 -3.79820332e-23 -2.64659202e-18  3.84429806e-23\n  -9.23967777e-23  1.02167879e-16 -2.12275763e-17 -6.75865050e-17\n   2.55772521e-17  3.69172246e-12 -5.36239650e-17  1.28883926e-16\n  -4.85536797e-23 -1.87397403e-22 -3.77207648e-22  1.00136127e-17\n  -1.45452314e-22  3.49591250e-22 -2.82705358e-23 -1.53511399e-23\n  -2.08055084e-18  3.02209648e-23 -7.26353872e-23  4.30515213e-23\n  -6.62424470e-18  9.62202138e-23 -2.31263040e-22  2.50684973e-18\n  -3.64131420e-23  8.75181239e-23 -2.53727104e-18  6.09827003e-18\n  -8.85802069e-23]\n [ 2.44110650e-18 -3.40510806e-12  3.03538564e-17  2.64266570e-18\n  -7.44673137e-18 -1.21008974e-17 -1.61115360e-13  2.34027355e-18\n  -5.62479211e-18 -2.04402955e-11 -1.77957293e-12  5.01462949e-12\n   8.14874753e-12  2.24740281e-07 -3.26445576e-12  7.84604394e-12\n   1.71312721e-17  1.81911074e-18  1.00136127e-17 -2.00338159e-12\n   2.91000412e-17 -6.99412645e-17 -6.14243020e-18 -5.22504237e-18\n  -1.74418328e-13  2.53350545e-18 -6.08922409e-18 -7.05507876e-18\n   4.91491105e-13 -7.13913444e-18  1.71587427e-17  7.98670352e-13\n  -1.16010527e-17  2.78828585e-17 -1.54460182e-13  3.71241522e-13\n  -5.39245432e-18]\n [-3.54582050e-23  4.94607860e-17 -4.40903661e-22 -3.83859322e-23\n   1.08167211e-22  1.75771121e-22  2.34027427e-18 -3.39935619e-23\n   8.17027276e-23  2.96904686e-16  2.58491130e-17 -7.28398053e-17\n  -1.18364293e-16 -3.26445653e-12  4.74177407e-17 -1.13967412e-16\n  -2.48839621e-22 -2.64234116e-23 -1.45452314e-22  2.91000412e-17\n  -4.22691532e-22  1.01592916e-21  8.92216301e-23  7.58961449e-23\n   2.53350697e-18 -3.68003407e-23  8.84488226e-23  1.02478272e-22\n  -7.13913470e-18  1.03699205e-22 -2.49238630e-22 -1.16010531e-17\n   1.68510614e-22 -4.05011323e-22  2.24360580e-18 -5.39245813e-18\n   7.83278791e-23]\n [ 8.52229842e-23 -1.18877804e-16  1.05970160e-21  9.22596874e-23\n  -2.59977357e-22 -4.22461746e-22 -5.62479507e-18  8.17027264e-23\n  -1.96370529e-22 -7.13603444e-16 -6.21277535e-17  1.75068757e-16\n   2.84485837e-16  7.84604467e-12 -1.13967400e-16  2.73917934e-16\n   5.98080075e-22  6.35080401e-23  3.49591250e-22 -6.99412645e-17\n   1.01592916e-21 -2.44176193e-21 -2.14442090e-22 -1.82414633e-22\n  -6.08922323e-18  8.84487762e-23 -2.12584595e-22 -2.46304176e-22\n   1.71587414e-17 -2.49238600e-22  5.99039272e-22  2.78828592e-17\n  -4.05011321e-22  9.73435440e-22 -5.39245428e-18  1.29606337e-17\n  -1.88259276e-22]\n [ 1.72286203e-24 -2.40330030e-18  9.30658466e-23  3.57794800e-23\n   1.18440876e-22 -1.39232697e-22 -1.13710907e-19  1.65170902e-24\n  -3.96983228e-24 -6.26705844e-17 -2.40938871e-17 -7.97582309e-17\n   9.37594334e-17  1.58620112e-13 -2.30402853e-18  5.53769462e-18\n   4.96677283e-23  5.92026145e-23 -2.82705358e-23 -6.14243020e-18\n   8.92216301e-23 -2.14442090e-22 -9.70812567e-23  1.71473059e-23\n  -2.36147833e-18  3.43015543e-23 -8.24430191e-23 -1.86760715e-22\n  -7.81720497e-18  1.13548481e-22 -2.72911114e-22  9.18948502e-18\n  -1.33481488e-22  3.20819675e-22 -1.09014176e-19  2.62012992e-19\n  -3.80585020e-24]\n [-2.96204353e-23  4.13177156e-17  7.91662236e-23 -1.50120312e-22\n  -1.09078103e-22 -9.86984889e-23  1.95497469e-18 -2.83969122e-23\n   6.82513006e-23 -5.33105258e-17  1.01091151e-16  7.34532663e-17\n   6.64636673e-17 -2.72700668e-12  3.96110251e-17 -9.52041598e-17\n   2.05398597e-23 -4.67336343e-23 -1.53511399e-23 -5.22504237e-18\n   7.58961449e-23 -1.82414633e-22  1.71473059e-23 -1.77123022e-22\n   9.90807660e-18 -1.43919382e-22  3.45906885e-22  2.16640359e-23\n   7.19925355e-18 -1.04572462e-22  2.51337504e-22  6.51418992e-18\n  -9.46216062e-23  2.27420829e-22  1.87422142e-18 -4.50464813e-18\n   6.54320866e-23]\n [ 1.13450002e-18 -1.58252182e-12  2.64266564e-18  1.80228648e-17\n  -1.50885429e-18  6.08420761e-18 -7.48779989e-14  1.08763783e-18\n  -2.61411292e-18 -1.77957324e-12 -1.21366087e-11  1.01606580e-12\n  -4.09711451e-12  1.04447901e-07 -1.51715343e-12  3.64644441e-12\n   6.67204618e-18 -5.61817230e-18 -2.08055084e-18 -1.74418328e-13\n   2.53350697e-18 -6.08922323e-18 -2.36147833e-18  9.90807660e-18\n  -1.18952548e-12  1.72784029e-17 -4.15282459e-17  1.00614181e-17\n   9.95856935e-14 -1.44652795e-18  3.47669653e-18 -4.01563255e-13\n   5.83289006e-18 -1.40192157e-17 -7.17850742e-14  1.72533839e-13\n  -2.50613207e-18]\n [-1.64791415e-23  2.29868510e-17 -3.83859207e-23 -2.61790436e-22\n   2.19168034e-23 -