{'theta_hat': '[ 2.36395880e-12 -3.29749485e-06 -1.13574470e-11 -1.91960762e-11\n  1.19102411e-12  3.93611569e-11 -1.56023405e-07  2.26631507e-12\n -5.44703119e-12  7.64811174e-06  1.29266508e-05 -8.02036775e-07\n -2.65058348e-05  2.17637640e-01 -3.16128694e-06  7.59807929e-06\n  7.02809815e-12  7.44157614e-12 -9.27598511e-12  9.01040509e-07\n  3.56554821e-12  1.71469442e-11 -4.56529722e-13 -3.21207102e-11\n  1.44648183e-06 -1.26878482e-12  3.35353784e-11  1.28950888e-11\n -8.72615575e-09  7.81167257e-12 -6.90802375e-12 -2.94819486e-06\n  4.29923333e-12 -6.98233427e-11 -1.49578978e-07  3.59509004e-07\n -5.22203494e-12]', 'theta_bar': '[ 1.49230134e-11 -1.00491688e-05 -2.42206111e-12 -1.25338014e-11\n  2.51448763e-12  2.37745220e-11 -1.24003320e-06 -1.00411429e-11\n -1.91864350e-11  1.63101781e-06  8.44027093e-06 -1.69325793e-06\n -1.60097821e-05  8.35039278e-01  6.76171334e-06  1.29201601e-05\n  2.03428299e-12 -4.08110793e-13 -3.85869406e-12  2.01262036e-07\n  1.62971505e-12  3.11403031e-12 -2.11191166e-12 -1.99681602e-11\n  1.04150065e-06  8.43353006e-12  1.61146380e-11  4.00594292e-12\n -2.08942256e-07 -1.69190533e-12 -3.23286275e-12 -1.97555255e-06\n -1.59969955e-11 -3.05667693e-11  9.53839378e-07  1.51972609e-06\n  5.79188180e-12]', 'grad_op_sum': '[[ 7.37381747e-24 -1.02857581e-17 -1.39562912e-23 -3.44252646e-23\n   1.36228891e-23  7.31100292e-23 -4.86678588e-19  7.06923240e-24\n  -1.69907356e-23  9.39817570e-18  2.31819971e-17 -9.17366283e-18\n  -4.92323547e-17  6.78869348e-13 -9.86089131e-18  2.37004188e-17\n   2.09930289e-23  6.83277894e-24 -2.85598688e-23  9.21127567e-19\n  -1.33798424e-23  3.21580723e-23  1.26333207e-23 -8.02208137e-23\n   2.27209812e-18 -3.30033208e-23  7.93226328e-23  2.85634663e-23\n  -8.99123225e-19  1.30601612e-23 -3.13898202e-23 -4.82532780e-18\n   7.00902001e-23 -1.68460004e-22 -4.66575797e-19  1.12140404e-18\n  -1.62889043e-23]\n [-1.02857581e-17  1.43476320e-11  1.94676930e-17  4.80199242e-17\n  -1.90025939e-17 -1.01981435e-16  6.78869288e-13 -9.86089154e-18\n   2.37004234e-17 -1.31095573e-11 -3.23366503e-11  1.27963597e-11\n   6.86743836e-11 -9.46956703e-07  1.37549842e-11 -3.30597787e-11\n  -2.92832343e-17 -9.53108051e-18  3.98382392e-17 -1.28488549e-12\n   1.86635508e-17 -4.48574068e-17 -1.76222376e-17  1.11900254e-16\n  -3.16935840e-12  4.60363892e-17 -1.10647385e-16 -3.98432702e-17\n   1.25418845e-12 -1.82176672e-17  4.37857345e-17  6.73086784e-12\n  -9.77689469e-17  2.34985375e-16  6.50827850e-13 -1.56424956e-12\n   2.27214370e-17]\n [-1.39562912e-23  1.94676930e-17  9.99392616e-23  1.52315883e-22\n   8.14458232e-24 -3.08457918e-22  9.21127751e-19 -1.33798368e-23\n   3.21580800e-23 -6.72991589e-17 -1.02569619e-16 -5.48456379e-18\n   2.07715808e-16 -1.28488530e-12  1.86635484e-17 -4.48574073e-17\n  -4.29160660e-23 -6.90225320e-23  5.53368542e-23 -8.21370300e-18\n  -5.85805063e-23 -1.33900449e-22  2.42274721e-23  2.20225871e-22\n  -1.19705996e-17 -3.69997534e-23 -2.36712692e-22 -9.39894705e-23\n  -1.28401315e-18 -6.34370539e-23  2.57082859e-23  2.41005410e-17\n   6.14369204e-23  4.87794010e-22  8.83082662e-19 -2.12246237e-18\n   3.08297641e-23]\n [-3.44252646e-23  4.80199242e-17  1.52315883e-22  2.64041035e-22\n  -2.33790470e-23 -5.42946635e-22  2.27209840e-18 -3.30033179e-23\n   7.93226518e-23 -1.02569609e-16 -1.77805413e-16  1.57434703e-17\n   3.65620703e-16 -3.16935840e-12  4.60363910e-17 -1.10647388e-16\n  -1.01780883e-22 -9.83917709e-23  1.34853940e-22 -1.19706002e-17\n  -3.69997582e-23 -2.36712692e-22 -1.91392995e-24  4.55594549e-22\n  -1.97001877e-17  3.61680881e-23 -4.72960914e-22 -1.80683542e-22\n   6.58141199e-19 -1.06871192e-22  1.06592984e-22  4.02709820e-17\n  -9.71307373e-23  9.86754873e-22  2.17825057e-18 -5.23536707e-18\n   7.60461280e-23]\n [ 1.36228891e-23 -1.90025939e-17  8.14458232e-24 -2.33790470e-23\n   4.08243396e-23  5.65819883e-23 -8.99122953e-19  1.30601651e-23\n  -3.13898243e-23 -5.48456455e-18  1.57434675e-17 -2.74911365e-17\n  -3.81023639e-17  1.25418844e-12 -1.82176695e-17  4.37857324e-17\n   3.73151516e-23 -1.32599109e-23 -5.21717964e-23 -1.28401349e-18\n  -6.34370611e-23  2.57082696e-23  4.55534277e-23 -1.16644741e-22\n   6.58140475e-19 -1.06871191e-22  1.06592956e-22  3.43450586e-23\n  -3.03890478e-18  6.26137844e-24 -7.35440103e-23 -2.00767090e-18\n   2.19056075e-22 -2.33259929e-22 -8.61982266e-19  2.07175713e-18\n  -3.00932010e-23]\n [ 7.31100292e-23 -1.01981435e-16 -3.08457918e-22 -5.42946635e-22\n   5.65819883e-23  1.11832693e-21 -4.82532764e-18  7.00901901e-23\n  -1.68460034e-22  2.07715752e-16  3.65620635e-16 -3.81023576e-17\n  -7.53082258e-16  6.73086692e-12 -9.77689441e-17  2.34985367e-16\n   2.15505063e-22  1.97499163e-22 -2.86131681e-22  2.41005390e-17\n   6.14369179e-23  4.87794002e-22  1.38987601e-23 -9.53588680e-22\n   4.02709765e-17 -9.71307377e-23  9.86754838e-22  3.75566589e-22\n  -2.00767204e-18  2.19056058e-22 -2.33259960e-22 -8.24670366e-17\n   2.45931004e-22 -2.06108766e-21 -4.62601938e-18  1.11185153e-17\n  -1.61501570e-22]\n [-4.86678588e-19  6.78869288e-13  9.21127751e-19  2.27209840e-18\n  -8.99122953e-19 -4.82532764e-18  3.21212247e-14 -4.66575699e-19\n   1.12140384e-18 -6.20288033e-13 -1.53003264e-12  6.05470010e-13\n   3.24937967e-12 -4.48059878e-08  6.50827699e-13 -1.56424896e-12\n  -1.38555880e-18 -4.50969536e-19  1.88497704e-18 -6.07952458e-14\n   8.83081667e-19 -2.12246168e-18 -8.33810555e-19  5.29464586e-18\n  -1.49960518e-13  2.17824891e-18 -5.23536510e-18 -1.88521446e-18\n   5.93429430e-14 -8.61982373e-19  2.07175639e-18  3.18475971e-13\n  -4.62601635e-18  1.11185118e-17  3.07944224e-14 -7.40136759e-14\n   1.07508234e-18]\n [ 7.06923240e-24 -9.86089154e-18 -1.33798368e-23 -3.30033179e-23\n   1.30601651e-23  7.00901901e-23 -4.66575699e-19  6.77722862e-24\n  -1.62889113e-23  9.00999087e-18  2.22244572e-17 -8.79472407e-18\n  -4.71987925e-17  6.50827772e-13 -9.45357444e-18  2.27214423e-17\n   2.01258860e-23  6.55056366e-24 -2.73801670e-23  8.83081681e-19\n  -1.28271385e-23  3.08297695e-23  1.21114666e-23 -7.69072155e-23\n   2.17824911e-18 -3.16400379e-23  7.60461421e-23  2.73836307e-23\n  -8.61982633e-19  1.25207092e-23 -3.00932101e-23 -4.62601713e-18\n   6.71949594e-23 -1.61501611e-22 -4.47303280e-19  1.07508300e-18\n  -1.56160700e-23]\n [-1.69907356e-23  2.37004234e-17  3.21580800e-23  7.93226518e-23\n  -3.13898243e-23 -1.68460034e-22  1.12140384e-18 -1.62889113e-23\n   3.91500194e-23 -2.16552722e-17 -5.34159287e-17  2.11379291e-17\n   1.13441128e-16 -1.56424941e-12  2.27214462e-17 -5.46104580e-17\n  -4.83720967e-23 -1.57440920e-23  6.58075935e-23 -2.12246219e-18\n   3.08297819e-23 -7.40985877e-23 -2.91096587e-23  1.84844660e-22\n  -5.23536622e-18  7.60461577e-23 -1.82775079e-22 -6.58158941e-23\n   2.07175709e-18 -3.00932087e-23  7.23283517e-23  1.11185151e-17\n  -1.61501644e-22  3.88165257e-22  1.07508303e-18 -2.58393698e-18\n   3.75328610e-23]\n [ 9.39817570e-18 -1.31095573e-11 -6.72991589e-17 -1.02569609e-16\n  -5.48456455e-18  2.07715752e-16 -6.20288033e-13  9.00999087e-18\n  -2.16552722e-17  4.53192941e-11  6.90704443e-11  3.69330715e-12\n  -1.39875953e-10  8.65242606e-07 -1.25680458e-11  3.02070076e-11\n   2.88997068e-17  4.64798142e-17 -3.72638739e-17  5.53111251e-12\n   3.94481451e-17  9.01686446e-17 -1.63147921e-17 -1.48300241e-16\n   8.06100905e-12  2.49156508e-17  1.59402476e-16  6.32925682e-17\n   8.64655073e-13  4.27185509e-17 -1.73119791e-17 -1.62293190e-11\n  -4.13716480e-17 -3.28480794e-16 -5.94668445e-13  1.42926755e-12\n  -2.07607834e-17]\n [ 2.31819971e-17 -3.23366503e-11 -1.02569619e-16 -1.77805413e-16\n   1.57434675e-17  3.65620635e-16 -1.53003264e-12  2.22244572e-17\n  -5.34159287e-17  6.90704443e-11  1.19734287e-10 -1.06016645e-11\n  -2.46209231e-10  2.13424815e-06 -3.10009376e-11  7.45100281e-11\n   6.85393174e-17  6.62570850e-17 -9.08107364e-17  8.06101030e-12\n   2.49156603e-17  1.59402489e-16  1.28884322e-18 -3.06797683e-16\n   1.32661198e-11 -2.43556187e-17  3.18492205e-16  1.21672422e-16\n  -4.43192831e-13  7.19671336e-17 -7.17797901e-17 -2.71185068e-11\n   6.54079118e-17 -6.64481411e-16 -1.46683544e-12  3.52549982e-12\n  -5.12095154e-17]\n [-9.17366283e-18  1.27963597e-11 -5.48456379e-18  1.57434703e-17\n  -2.74911365e-17 -3.81023576e-17  6.05470010e-13 -8.79472407e-18\n   2.11379291e-17  3.69330715e-12 -1.06016645e-11  1.85125490e-11\n   2.56581633e-11 -8.44571351e-07  1.22677911e-11 -2.94853420e-11\n  -2.51280487e-17  8.92923037e-18  3.51325233e-17  8.64655249e-13\n   4.27185562e-17 -1.73119697e-17 -3.06757070e-17  7.85486513e-17\n  -4.43192609e-13  7.19671284e-17 -7.17797732e-17 -2.31279878e-17\n   2.04640041e-12 -4.21641835e-18  4.95245851e-17  1.35196767e-12\n  -1.47512501e-16  1.57077403e-16  5.80459446e-13 -1.39512267e-12\n   2.02647820e-17]\n [-4.92323547e-17  6.86743836e-11  2.07715808e-16  3.65620703e-16\n  -3.81023639e-17 -7.53082258e-16  3.24937967e-12 -4.71987925e-17\n   1.13441128e-16 -1.39875953e-10 -2.46209231e-10  2.56581633e-11\n   5.07126203e-10 -4.53257141e-06  6.58376886e-11 -1.58239342e-10\n  -1.45121289e-16 -1.32996092e-16  1.92681313e-16 -1.62293220e-11\n  -4.13716577e-17 -3.28480876e-16 -9.35944479e-18  6.42147402e-16\n  -2.71185079e-11  6.54079367e-17 -6.64481517e-16 -2.52906848e-16\n   1.35196853e-12 -1.47512526e-16  1.57077458e-16  5.55333688e-11\n  -1.65610176e-16  1.38793813e-15  3.11516531e-12 -7.48721749e-12\n   1.08755292e-16]\n [ 6.78869348e-13 -9.46956703e-07 -1.28488530e-12 -3.16935840e-12\n   1.25418844e-12  6.73086692e-12 -4.48059878e-08  6.50827772e-13\n  -1.56424941e-12  8.65242606e-07  2.13424815e-06 -8.44571351e-07\n  -4.53257141e-06  6.25000000e-02 -9.07841411e-07  2.18197533e-06\n   1.93271998e-12  6.29059893e-13 -2.62935987e-12  8.48036002e-08\n  -1.23181133e-12  2.96062941e-12  1.16308368e-12 -7.38551805e-12\n   2.09180518e-07 -3.03844347e-12  7.30282755e-12  2.62969188e-12\n  -8.27775762e-08  1.20238250e-12 -2.88989816e-12 -4.44243359e-07\n   6.45283922e-12 -1.55092474e-11 -4.29552275e-08  1.03241887e-07\n  -1.49963542e-12]\n [-9.86089131e-18  1.37549842e-11  1.86635484e-17  4.60363910e-17\n  -1.82176695e-17 -9.77689441e-17  6.50827699e-13 -9.45357444e-18\n   2.27214462e-17 -1.25680458e-11 -3.10009376e-11  1.22677911e-11\n   6.58376886e-11 -9.07841411e-07  1.31868164e-11 -3.16942010e-11\n  -2.80736515e-17 -9.13738216e-18  3.81926682e-17 -1.23181109e-12\n   1.78926351e-17 -4.30045067e-17 -1.68943318e-17  1.07278061e-16\n  -3.03844326e-12  4.41348037e-17 -1.06076942e-16 -3.81974883e-17\n   1.20238279e-12 -1.74651594e-17  4.19771099e-17  6.45283928e-12\n  -9.37304876e-17  2.25278981e-16  6.23944549e-13 -1.49963617e-12\n   2.17828981e-17]\n [ 2.37004188e-17 -3.30597787e-11 -4.48574073e-17 -1.10647388e-16\n   4.37857324e-17  2.34985367e-16 -1.56424896e-12  2.27214423e-17\n  -5.46104580e-17  3.02070076e-11  7.45100281e-11 -2.94853420e-11\n  -1.58239342e-10  2.18197533e-06 -3.16942010e-11  7.61762617e-11\n   6.74743572e-17  2.19614898e-17 -9.17951739e-17  2.96062972e-12\n  -4.30045124e-17  1.03360324e-16  4.06051193e-17 -2.57840290e-16\n   7.30282755e-12 -1.06076941e-16  2.54953432e-16  9.18067643e-17\n  -2.88989812e-12  4.19771026e-17 -1.00890985e-16 -1.55092486e-11\n   2.25278979e-16 -5.41452721e-16 -1.49963595e-12  3.60434002e-12\n  -5.23546798e-17]\n [ 2.09930289e-23 -2.92832343e-17 -4.29160660e-23 -1.01780883e-22\n   3.73151516e-23  2.15505063e-22 -1.38555880e-18  2.01258860e-23\n  -4.83720967e-23  2.88997068e-17  6.85393174e-17 -2.51280487e-17\n  -1.45121289e-16  1.93271998e-12 -2.80736515e-17  6.74743572e-17\n   5.99042926e-23  2.18809065e-23 -8.13645615e-23  2.90252668e-18\n  -3.44597029e-23  9.47148014e-23  3.38827197e-23 -2.31346972e-22\n   6.80064426e-18 -8.96535185e-23  2.29577201e-22  8.30478152e-23\n  -2.43051930e-18  3.88580234e-23 -8.79068231e-23 -1.43855246e-17\n   1.91142057e-22 -4.86914510e-22 -1.32832691e-18  3.19260248e-18\n  -4.63740059e-23]\n [ 6.83277894e-24 -9.53108051e-18 -6.90225320e-23 -9.83917709e-23\n  -1.32599109e-23  1.97499163e-22 -4.50969536e-19  6.55056366e-24\n  -1.57440920e-23  4.64798142e-17  6.62570850e-17  8.92923037e-18\n  -1.32996092e-16  6.29059893e-13 -9.13738216e-18  2.19614898e-17\n   2.18809065e-23  4.91215174e-23 -2.74424395e-23  5.78959910e-18\n   5.16107015e-23  8.55157508e-23 -2.50173459e-23 -1.26510658e-22\n   7.95685329e-18  4.52976440e-23  1.39552701e-22  5.69278493e-23\n   1.44462746e-18  4.16392955e-23 -3.37560442e-24 -1.58898469e-17\n  -8.31238168e-23 -2.84990151e-22 -4.32344111e-19  1.03912425e-18\n  -1.50937771e-23]\n [-2.85598688e-23  3.98382392e-17  5.53368542e-23  1.34853940e-22\n  -5.21717964e-23 -2.86131681e-22  1.88497704e-18 -2.73801670e-23\n   6.58075935e-23 -3.72638739e-17 -9.08107364e-17  3.51325233e-17\n   1.92681313e-16 -2.62935987e-12  3.81926682e-17 -9.17951739e-17\n  -8.13645615e-23 -2.74424395e-23  1.10638888e-22 -3.68048915e-18\n   5.03589699e-23 -1.25826476e-22 -4.80912633e-23  3.11899524e-22\n  -8.93391916e-18  1.26092223e-22 -3.08737877e-22 -1.11326720e-22\n   3.43036990e-18 -5.12590691e-23  1.20989643e-22  1.89502018e-17\n  -2.68084951e-22  6.55416296e-22  1.80711605e-18 -4.34336117e-18\n   6.30892991e-23]\n [ 9.21127567e-19 -1.28488549e-12 -8.21370300e-18 -1.19706002e-17\n  -1.28401349e-18  2.41005390e-17 -6.07952458e-14  8.83081681e-19\n  -2.12246219e-18  5.53111251e-12  8.06101030e-12  8.64655249e-13\n  -1.62293220e-11  8.48036002e-08 -1.23181109e-12  2.96062972e-12\n   2.90252668e-18  5.78959910e-18 -3.68048915e-18  6.84465832e-13\n   5.71235739e-18  1.04444129e-17 -2.65813392e-18 -1.60398364e-17\n   9.58824385e-13  4.63035225e-18  1.75281118e-17  7.08184879e-18\n   1.50436365e-13  5.03874986e-18 -9.55271832e-19 -1.91996452e-12\n  -8.32521545e-18 -3.59119945e-17 -5.82843044e-14  1.40084420e-13\n  -2.03479277e-18]\n [-1.33798424e-23  1.86635508e-17 -5.85805063e-23 -3.69997582e-23\n  -6.34370611e-23  6.14369179e-23  8.83081667e-19 -1.28271385e-23\n   3.08297819e-23  3.94481451e-17  2.49156603e-17  4.27185562e-17\n  -4.13716577e-17 -1.23181133e-12  1.78926351e-17 -4.30045124e-17\n  -3.44597029e-23  5.16107015e-23  5.03589699e-23  5.71235739e-18\n   1.20027340e-22  2.49952200e-23 -7.78575314e-23  6.75123597e-23\n   4.63035305e-18  1.73391254e-22 -4.51282831e-23 -6.26384810e-24\n   5.03874998e-18  2.04866500e-23  9.54176948e-23 -8.32521690e-18\n  -3.48676042e-22  1.12867033e-22  8.46601476e-19 -2.03479399e-18\n   2.95562728e-23]\n [ 3.21580723e-23 -4.48574068e-17 -1.33900449e-22 -2.36712692e-22\n   2.57082696e-23  4.87794002e-22 -2.12246168e-18  3.08297695e-23\n  -7.40985877e-23  9.01686446e-17  1.59402489e-16 -1.73119697e-17\n  -3.28480876e-16  2.96062941e-12 -4.30045067e-17  1.03360324e-16\n   9.47148014e-23  8.55157508e-23 -1.25826476e-22  1.04444129e-17\n   2.49952200e-23  2.12794781e-22  7.27720296e-24 -4.17790778e-22\n   1.75281105e-17 -4.51282804e-23  4.31939542e-22  1.64230947e-22\n  -9.55270816e-19  9.54176911e-23 -1.03416132e-22 -3.59119965e-17\n   1.12866993e-22 -9.02502727e-22 -2.03479416e-18  4.89057412e-18\n  -7.10378474e-23]\n [ 1.26333207e-23 -1.76222376e-17  2.42274721e-23 -1.91392995e-24\n   4.55534277e-23  1.38987601e-23 -8.33810555e-19  1.21114666e-23\n  -2.91096587e-23 -1.63147921e-17  1.28884322e-18 -3.06757070e-17\n  -9.35944479e-18  1.16308368e-12 -1.68943318e-17  4.06051193e-17\n   3.38827197e-23 -2.50173459e-23 -4.80912633e-23 -2.65813392e-18\n  -7.78575314e-23  7.27720296e-24  5.31616509e-23 -9.26608044e-23\n  -1.12919089e-18 -1.21665490e-22  7.92146233e-23  2.27950292e-23\n  -3.49529671e-18 -2.97432740e-24 -7.58451470e-23  1.53267881e-18\n   2.47162455e-22 -1.77999310e-22 -7.99367069e-19  1.92126417e-18\n  -2.79072159e-23]\n [-8.02208137e-23  1.11900254e-16  2.20225871e-22  4.55594549e-22\n  -1.16644741e-22 -9.53588680e-22  5.29464586e-18 -7.69072155e-23\n   1.84844660e-22 -1.48300241e-16 -3.06797683e-16  7.85486513e-17\n   6.42147402e-16 -7.38551805e-12  1.07278061e-16 -2.57840290e-16\n  -2.31346972e-22 -1.26510658e-22  3.11899524e-22 -1.60398364e-17\n   6.75123597e-23 -4.17790778e-22 -9.26608044e-23  9.36354103e-22\n  -3.18534369e-17  2.66524639e-22 -9.43500253e-22 -3.47887492e-22\n   7.00429056e-18 -1.78099643e-22  3.10143688e-22  6.64186064e-17\n  -5.81971273e-22  1.98986253e-21  5.07594760e-18 -1.21999159e-17\n   1.77209362e-22]\n [ 2.27209812e-18 -3.16935840e-12 -1.19705996e-17 -1.97001877e-17\n   6.58140475e-19  4.02709765e-17 -1.49960518e-13  2.17824911e-18\n  -5.23536622e-18  8.06100905e-12  1.32661198e-11 -4.43192609e-13\n  -2.71185079e-11  2.09180518e-07 -3.03844326e-12  7.30282755e-12\n   6.80064426e-18  7.95685329e-18 -8.93391916e-18  9.58824385e-13\n   4.63035305e-18  1.75281105e-17 -1.12919089e-18 -3.18534369e-17\n   1.50028005e-12  2.07042149e-19  3.34739683e-17  1.29666481e-17\n   3.44348990e-14  8.06341944e-18 -6.15622144e-18 -3.04829908e-12\n   1.34844840e-18 -6.95332153e-17 -1.43766558e-13  3.45538920e-13\n  -5.01911346e-18]\n [-3.30033208e-23  4.60363892e-17 -3.69997534e-23  3.61680881e-23\n  -1.06871191e-22 -9.71307377e-23  2.17824891e-18 -3.16400379e-23\n   7.60461577e-23  2.49156508e-17 -2.43556187e-17  7.19671284e-17\n   6.54079367e-17 -3.03844347e-12  4.41348037e-17 -1.06076941e-16\n  -8.96535185e-23  4.52976440e-23  1.26092223e-22  4.63035225e-18\n   1.73391254e-22 -4.51282804e-23 -1.21665490e-22  2.66524639e-22\n   2.07042149e-19  2.82270975e-22 -2.37901352e-22 -7.38279188e-23\n   8.06341935e-18 -6.07543620e-24  1.86086076e-22  1.34844932e-18\n  -5.76279827e-22  5.25422980e-22  2.08826976e-18 -5.01911606e-18\n   7.29049029e-23]\n [ 7.93226328e-23 -1.10647385e-16 -2.36712692e-22 -4.72960914e-22\n   1.06592956e-22  9.86754838e-22 -5.23536510e-18  7.60461421e-23\n  -1.82775079e-22  1.59402476e-16  3.18492205e-16 -7.17797732e-17\n  -6.64481517e-16  7.30282755e-12 -1.06076942e-16  2.54953432e-16\n   2.29577201e-22  1.39552701e-22 -3.08737877e-22  1.75281118e-17\n  -4.51282831e-23  4.31939542e-22  7.92146233e-23 -9.43500253e-22\n   3.34739683e-17 -2.37901352e-22  9.55254439e-22  3.54284720e-22\n  -6.15622053e-18  1.86086078e-22 -2.97983604e-22 -6.95332229e-17\n   5.25422945e-22 -2.01113463e-21 -5.01911627e-18  1.20633216e-17\n  -1.75225276e-22]\n [ 2.85634663e-23 -3.98432702e-17 -9.39894705e-23 -1.80683542e-22\n   3.43450586e-23  3.75566589e-22 -1.88521446e-18  2.73836307e-23\n  -6.58158941e-23  6.32925682e-17  1.21672422e-16 -2.31279878e-17\n  -2.52906848e-16  2.62969188e-12 -3.81974883e-17  9.18067643e-17\n   8.30478152e-23  5.69278493e-23 -1.11326720e-22  7.08184879e-18\n  -6.26384810e-24  1.64230947e-22  2.27950292e-23 -3.47887492e-22\n   1.29666481e-17 -7.38279188e-23  3.54284720e-22  1.32327506e-22\n  -1.86143392e-18  7.16165079e-23 -1.03290216e-22 -2.68198720e-17\n   1.66099023e-22 -7.44303203e-22 -1.80734530e-18  4.34390890e-18\n  -6.30972717e-23]\n [-8.99123225e-19  1.25418845e-12 -1.28401315e-18  6.58141199e-19\n  -3.03890478e-18 -2.00767204e-18  5.93429430e-14 -8.61982633e-19\n   2.07175709e-18  8.64655073e-13 -4.43192831e-13  2.04640041e-12\n   1.35196853e-12 -8.27775762e-08  1.20238279e-12 -2.88989812e-12\n  -2.43051930e-18  1.44462746e-18  3.43036990e-18  1.50436365e-13\n   5.03874998e-18 -9.55270816e-19 -3.49529671e-18  7.00429056e-18\n   3.44348990e-14  8.06341935e-18 -6.15622053e-18 -1.86143392e-18\n   2.30883774e-13 -2.01656405e-20  5.19614155e-18 -1.94530401e-14\n  -1.64284727e-17  1.36800622e-17  5.68915920e-14 -1.36737866e-13\n   1.98617847e-18]\n [ 1.30601612e-23 -1.82176672e-17 -6.34370539e-23 -1.06871192e-22\n   6.26137844e-24  2.19056058e-22 -8.61982373e-19  1.25207092e-23\n  -3.00932087e-23  4.27185509e-17  7.19671336e-17 -4.21641835e-18\n  -1.47512526e-16  1.20238250e-12 -1.74651594e-17  4.19771026e-17\n   3.88580234e-23  4.16392955e-23 -5.12590691e-23  5.03874986e-18\n   2.04866500e-23  9.54176911e-23 -2.97432740e-24 -1.78099643e-22\n   8.06341944e-18 -6.07543620e-24  1.86086078e-22  7.16165079e-23\n  -2.01656405e-20  4.35208015e-23 -3.78482015e-23 -1.64284736e-17\n   2.19289348e-23 -3.87339846e-22 -8.26378880e-19  1.98617909e-18\n  -2.88501724e-23]\n [-3.13898202e-23  4.37857345e-17  2.57082859e-23  1.06592984e-22\n  -7.35440103e-23 -2.33259960e-22  2.07175639e-18 -3.00932101e-23\n   7.23283517e-23 -1.73119791e-17 -7.17797901e-17  4.95245851e-17\n   1.57077458e-16 -2.88989816e-12  4.19771099e-17 -1.00890985e-16\n  -8.79068231e-23 -3.37560442e-24  1.20989643e-22 -9.55271832e-19\n   9.54176948e-23 -1.03416132e-22 -7.58451470e-23  3.10143688e-22\n  -6.15622144e-18  1.86086076e-22 -2.97983604e-22 -1.03290216e-22\n   5.19614155e-18 -3.78482015e-23  1.49073114e-22  1.36800642e-17\n  -3.87339862e-22  6.39676545e-22  1.98617880e-18 -4.77373727e-18\n   6.93406927e-23]\n [-4.82532780e-18  6.73086784e-12  2.41005410e-17  4.02709820e-17\n  -2.00767090e-18 -8.24670366e-17  3.18475971e-13 -4.62601713e-18\n   1.11185151e-17 -1.62293190e-11 -2.71185068e-11  1.35196767e-12\n   5.55333688e-11 -4.44243359e-07  6.45283928e-12 -1.55092486e-11\n  -1.43855246e-17 -1.58898469e-17  1.89502018e-17 -1.91996452e-12\n  -8.32521690e-18 -3.59119965e-17  1.53267881e-18  6.64186064e-17\n  -3.04829908e-12  1.34844932e-18 -6.95332229e-17 -2.68198720e-17\n  -1.94530401e-14 -1.64284736e-17  1.36800642e-17  6.20468420e-12\n  -6.35314662e-18  1.44632528e-16  3.05321603e-13 -7.33832087e-13\n   1.06592517e-17]\n [ 7.00902001e-23 -9.77689469e-17  6.14369204e-23 -9.71307373e-23\n   2.19056075e-22  2.45931004e-22 -4.62601635e-18  6.71949594e-23\n  -1.61501644e-22 -4.13716480e-17  6.54079118e-17 -1.47512501e-16\n  -1.65610176e-16  6.45283922e-12 -9.37304876e-17  2.25278979e-16\n   1.91142057e-22 -8.31238168e-23 -2.68084951e-22 -8.32521545e-18\n  -3.48676042e-22  1.12866993e-22  2.47162455e-22 -5.81971273e-22\n   1.34844840e-18 -5.76279827e-22  5.25422945e-22  1.66099023e-22\n  -1.64284727e-17  2.19289348e-23 -3.87339862e-22 -6.35314662e-18\n   1.17861463e-21 -1.15524515e-21 -4.43492550e-18  1.06592564e-17\n  -1.54830468e-22]\n [-1.68460004e-22  2.34985375e-16  4.87794010e-22  9.86754873e-22\n  -2.33259929e-22 -2.06108766e-21  1.11185118e-17 -1.61501611e-22\n   3.88165257e-22 -3.28480794e-16 -6.64481411e-16  1.57077403e-16\n   1.38793813e-15 -1.55092474e-11  2.25278981e-16 -5.41452721e-16\n  -4.86914510e-22 -2.84990151e-22  6.55416296e-22 -3.59119945e-17\n   1.12867033e-22 -9.02502727e-22 -1.77999310e-22  1.98986253e-21\n  -6.95332153e-17  5.25422980e-22 -2.01113463e-21 -7.44303203e-22\n   1.36800622e-17 -3.87339846e-22  6.39676545e-22  1.44632528e-16\n  -1.15524515e-21  4.23682523e-21  1.06592566e-17 -2.56192604e-17\n   3.72131495e-22]\n [-4.66575797e-19  6.50827850e-13  8.83082662e-19  2.17825057e-18\n  -8.61982266e-19 -4.62601938e-18  3.07944224e-14 -4.47303280e-19\n   1.07508303e-18 -5.94668445e-13 -1.46683544e-12  5.80459446e-13\n   3.11516531e-12 -4.29552275e-08  6.23944549e-13 -1.49963595e-12\n  -1.32832691e-18 -4.32344111e-19  1.80711605e-18 -5.82843044e-14\n   8.46601476e-19 -2.03479416e-18 -7.99367069e-19  5.07594760e-18\n  -1.43766558e-13  2.08826976e-18 -5.01911627e-18 -1.80734530e-18\n   5.68915920e-14 -8.26378880e-19  1.98617880e-18  3.05321603e-13\n  -4.43492550e-18  1.06592566e-17  2.95224251e-14 -7.09564601e-14\n   1.03067489e-18]\n [ 1.12140404e-18 -1.56424956e-12 -2.12246237e-18 -5.23536707e-18\n   2.07175713e-18  1.11185153e-17 -7.40136759e-14  1.07508300e-18\n  -2.58393698e-18  1.42926755e-12  3.52549982e-12 -1.39512267e-12\n  -7.48721749e-12  1.03241887e-07 -1.49963617e-12  3.60434002e-12\n   3.19260248e-18  1.03912425e-18 -4.34336117e-18  1.40084420e-13\n  -2.03479399e-18  4.89057412e-18  1.92126417e-18 -1.21999159e-17\n   3.45538920e-13 -5.01911606e-18  1.20633216e-17  4.34390890e-18\n  -1.36737866e-13  1.98617909e-18 -4.77373727e-18 -7.33832087e-13\n   1.06592564e-17 -2.56192604e-17 -7.09564601e-14  1.70542197e-13\n  -2.47720305e-18]\n [-1.62889043e-23  2.27214370e-17  3.08297641e-23  7.60461280e-23\n  -3.00932010e-23 -1.61501570e-22  1.07508234e-18 -1.56160700e-23\n   3.75328610e-23 -2.07607834e-17 -5.12095154e-17  2.02647820e-17\n   1.08755292e-16 -1.49963542e-12  2.17828981e-17 -5.23546798e-17\n  -4.63740059e-23 -1.50937771e-23  6.30892991e-23 -2.03479277e-18\n   2.95562728e-23 -7.10378474e-23 -2.79072159e-23  1.77209362e-22\n  -5.01911346e-18  7.29049029e-23 -1.75225276e-22 -6.30972717e-23\n   1.98617847e-18 -2.88501724e-23  6.93406927e-23  1.06592517e-17\n  -1.54830468e-22  3.72131495e-22  1.03067489e-18 -2.47720305e-18\n   3.59825022e-23]]', 'hess_sum': '[[-2.21840615e-23  3.09445874e-17 -1.73634489e-24  7.25913029e-24\n   1.43039375e-24 -1.04122709e-23  1.46416868e-18 -2.12676188e-23\n   5.11163533e-23  1.16927812e-18 -4.88829652e-18 -9.63223720e-19\n   7.01164219e-18 -2.04237020e-12  2.96663794e-17 -7.13023975e-17\n   5.44293080e-24  3.65478238e-24 -5.48477408e-24  1.14604028e-19\n  -1.66455894e-24  4.00089605e-24  9.14570342e-24  6.58540586e-25\n  -4.79107761e-19  6.95930820e-24 -1.67264472e-23  5.22724660e-24\n  -9.44095993e-20  1.37130932e-24 -3.29592233e-24  6.87217883e-19\n  -9.98222783e-24  2.39919790e-23  1.40368159e-18 -3.37372601e-18\n   4.90048468e-23]\n [ 3.09445874e-17 -4.31646340e-11  2.42198485e-18 -1.01258258e-17\n  -1.99522291e-18  1.45241979e-17 -2.04237042e-12  2.96663351e-17\n  -7.13024327e-17 -1.63097415e-12  6.81873189e-12  1.34359262e-12\n  -9.78061281e-12  2.84890459e-06 -4.13816301e-11  9.94598353e-11\n  -7.59232897e-18 -5.09800919e-18  7.65070930e-18 -1.59854112e-13\n   2.32193299e-18 -5.58073179e-18 -1.27573951e-17 -9.18625891e-19\n   6.68313729e-13 -9.70754616e-18  2.33318660e-17 -7.29146892e-18\n   1.31687116e-13 -1.91282863e-18  4.59742722e-18 -9.58610282e-13\n   1.39242283e-17 -3.34665911e-17 -1.95800482e-12  4.70602282e-12\n  -6.83570936e-17]\n [-1.73634489e-24  2.42198485e-18 -4.87029829e-22  4.71283524e-23\n   2.32246106e-22  1.30322749e-23  1.14603187e-19 -1.66454631e-24\n   4.00090921e-24  3.27966230e-16 -3.17362426e-17 -1.56394685e-16\n  -8.77597048e-18 -1.59853861e-13  2.32195357e-18 -5.58073151e-18\n   1.49170296e-22  1.00899780e-22 -1.88395373e-22  3.75489041e-17\n   4.89120005e-23  8.00208284e-22 -1.16940176e-22  1.80341387e-22\n  -1.87968632e-18  1.62656335e-22 -1.81926884e-22 -2.65830921e-23\n  -1.88014591e-17 -1.08823311e-22 -3.28216095e-22 -3.32949286e-18\n  -2.23189780e-22  1.17097212e-22  1.09861134e-19 -2.64063794e-19\n   3.83555588e-24]\n [ 7.25913029e-24 -1.01258258e-17  4.71283524e-23 -7.48988819e-22\n   1.18846421e-22  1.66478372e-22 -4.79106303e-19  6.95930897e-24\n  -1.67265071e-23 -3.17362548e-17  5.04369607e-16 -8.00312452e-17\n  -1.12106678e-16  6.68312748e-13 -9.70754844e-18  2.33318766e-17\n   3.02680883e-23 -7.09519275e-23  2.48946738e-22 -1.87968711e-18\n   1.62656333e-22 -1.81926882e-22  2.66233943e-22 -5.07451549e-22\n   5.44111124e-17 -2.43011997e-22  1.42927396e-21  1.86183003e-22\n  -6.04664858e-18  2.85480304e-22 -3.80931776e-22 -1.57878461e-17\n  -2.98539542e-22 -9.76032202e-23 -4.59321203e-19  1.10396357e-18\n  -1.60355704e-23]\n [ 1.43039375e-24 -1.99522291e-18  2.32246106e-22  1.18846421e-22\n  -4.03607089e-22  1.46636367e-22 -9.44077439e-20  1.37128941e-24\n  -3.29589116e-24 -1.56394677e-16 -8.00312578e-17  2.71789224e-16\n  -9.87450140e-17  1.31687115e-13 -1.91282689e-18  4.59741673e-18\n  -1.02143288e-22 -1.82424441e-23 -5.34319692e-23 -1.88014587e-17\n  -1.08823318e-22 -3.28216089e-22 -2.52652132e-22  5.43092635e-23\n  -6.04664862e-18  2.85480306e-22 -3.80931718e-22  7.24768927e-23\n   3.23996097e-17  1.62932430e-22  5.86733944e-22 -1.07796263e-17\n   3.54488838e-23 -2.72251197e-22 -9.05079706e-20  2.17532242e-19\n  -3.15978184e-24]\n [-1.04122709e-23  1.45241979e-17  1.30322749e-23  1.66478372e-22\n   1.46636367e-22 -6.18103656e-22  6.87219270e-19 -9.98224475e-24\n   2.39920028e-23 -8.77594476e-18 -1.12106686e-16 -9.87450051e-17\n   4.16231419e-16 -9.58610359e-13  1.39242360e-17 -3.34666171e-17\n   2.31046786e-22 -1.00308262e-22 -1.42656107e-22 -3.32949094e-18\n  -2.23189783e-22  1.17097213e-22  9.30246776e-23  2.54075082e-22\n  -1.57878469e-17 -2.98539541e-22 -9.76032459e-23 -6.48097429e-23\n  -1.07796258e-17  3.54488637e-23 -2.72251193e-22  4.69793923e-17\n  -2.34894231e-24  1.05578465e-21  6.58839816e-19 -1.58349269e-18\n   2.30010156e-23]\n [ 1.46416868e-18 -2.04237042e-12  1.14603187e-19 -4.79106303e-19\n  -9.44077439e-20  6.87219270e-19 -9.66366430e-14  1.40368180e-18\n  -3.37373420e-18 -7.71734519e-14  3.22631178e-13  6.35742791e-14\n  -4.62774564e-13  1.34798022e-07 -1.95800304e-12  4.70602195e-12\n  -3.59239143e-19 -2.41218288e-19  3.62000074e-19 -7.56408177e-15\n   1.09862520e-19 -2.64063866e-19 -6.03624731e-19 -4.34609350e-20\n   3.16216205e-14 -4.59321495e-19  1.10395618e-18 -3.45003589e-19\n   6.23102786e-15 -9.05092999e-20  2.17531920e-19 -4.53571175e-14\n   6.58838087e-19 -1.58349368e-18 -9.26444191e-14  2.22669174e-13\n  -3.23436963e-18]\n [-2.12676188e-23  2.96663351e-17 -1.66454631e-24  6.95930897e-24\n   1.37128941e-24 -9.98224475e-24  1.40368180e-18 -2.03892023e-23\n   4.90049570e-23  1.12091574e-18 -4.68639497e-18 -9.23436418e-19\n   6.72204485e-18 -1.95800447e-12  2.84409603e-17 -6.83571836e-17\n   5.21807806e-24  3.50375208e-24 -5.25819943e-24  1.09861089e-19\n  -1.59591865e-24  3.83554701e-24  8.76797996e-24  6.31309516e-25\n  -4.59320454e-19  6.67178816e-24 -1.60355744e-23  5.01131620e-24\n  -9.05066801e-20  1.31468521e-24 -3.15977679e-24  6.58839081e-19\n  -9.56986541e-24  2.30010208e-23  1.34570888e-18 -3.23437106e-18\n   4.69808619e-23]\n [ 5.11163533e-23 -7.13024327e-17  4.00090921e-24 -1.67265071e-23\n  -3.29589116e-24  2.39920028e-23 -3.37373420e-18  4.90049570e-23\n  -1.17782397e-22 -2.69419917e-18  1.12636235e-17  2.21947024e-18\n  -1.61562416e-17  4.70602205e-12 -6.83570844e-17  1.64294754e-16\n  -1.25415949e-23 -8.42127506e-24  1.26380141e-23 -2.64065709e-19\n   3.83556382e-24 -9.21884285e-24 -2.10735614e-23 -1.51734596e-24\n   1.10396124e-18 -1.60356400e-23  3.85411663e-23 -1.20445925e-23\n   2.17531545e-19 -3.15981418e-24  7.59448058e-24 -1.58349404e-18\n   2.30010327e-23 -5.52823643e-23 -3.23436927e-18  7.77373640e-18\n  -1.12917155e-22]\n [ 1.16927812e-18 -1.63097415e-12  3.27966230e-16 -3.17362548e-17\n  -1.56394677e-16 -8.77594476e-18 -7.71734519e-14  1.12091574e-18\n  -2.69419917e-18 -2.20852680e-10  2.13712075e-11  1.05316274e-10\n   5.90973559e-12  1.07645532e-07 -1.56360537e-12  3.75807068e-12\n  -1.00451423e-16 -6.79459711e-17  1.26865600e-16 -2.52854590e-11\n  -3.29373984e-17 -5.38860818e-16  7.87475965e-17 -1.21442030e-16\n   1.26578155e-12 -1.09532873e-16  1.22509672e-16  1.79010519e-17\n   1.26609146e-11  7.32817016e-17  2.21020922e-16  2.24208213e-12\n   1.50296149e-16 -7.88533584e-17 -7.39812183e-14  1.77820272e-13\n  -2.58287230e-18]\n [-4.88829652e-18  6.81873189e-12 -3.17362426e-17  5.04369607e-16\n  -8.00312578e-17 -1.12106686e-16  3.22631178e-13 -4.68639497e-18\n   1.12636235e-17  2.13712075e-11 -3.39642808e-10  5.38930967e-11\n   7.54927341e-11 -4.50041577e-07  6.53706917e-12 -1.57117042e-11\n  -2.03825535e-17  4.77790646e-17 -1.67640895e-16  1.26578038e-12\n  -1.09532893e-16  1.22509680e-16 -1.79282065e-16  3.41718259e-16\n  -3.66404808e-11  1.63644452e-16 -9.62474192e-16 -1.25375773e-16\n   4.07181665e-12 -1.92242613e-16  2.56519715e-16  1.06315486e-11\n   2.01036705e-16  6.57261579e-17  3.09308623e-13 -7.43407494e-13\n   1.07983911e-17]\n [-9.63223720e-19  1.34359262e-12 -1.56394685e-16 -8.00312452e-17\n   2.71789224e-16 -9.87450051e-17  6.35742791e-14 -9.23436418e-19\n   2.21947024e-18  1.05316274e-10  5.38930967e-11 -1.83023026e-10\n   6.64949546e-11 -8.86787344e-08  1.28810287e-12 -3.09590299e-12\n   6.87833642e-17  1.22844747e-17  3.59811043e-17  1.26609137e-11\n   7.32816939e-17  2.21020935e-16  1.70136121e-16 -3.65718822e-17\n   4.07181712e-12 -1.92242603e-16  2.56519711e-16 -4.88059640e-17\n  -2.18179167e-11 -1.09718817e-16 -3.95106996e-16  7.25900588e-12\n  -2.38713013e-17  1.83334109e-16  6.09490909e-14 -1.46486637e-13\n   2.12779799e-18]\n [ 7.01164219e-18 -9.78061281e-12 -8.77597048e-18 -1.12106678e-16\n  -9.87450140e-17  4.16231419e-16 -4.62774564e-13  6.72204485e-18\n  -1.61562416e-17  5.90973559e-12  7.54927341e-11  6.64949546e-11\n  -2.80290540e-10  6.45528913e-07 -9.37659738e-12  2.25364488e-11\n  -1.55587055e-16  6.75476571e-17  9.60646952e-17  2.24208312e-12\n   1.50296163e-16 -7.88533082e-17 -6.26428744e-17 -1.71094372e-16\n   1.06315505e-11  2.01036714e-16  6.57261730e-17  4.36429413e-17\n   7.25900599e-12 -2.38712699e-17  1.83334092e-16 -3.16359574e-11\n   1.58176932e-18 -7.10966197e-16 -4.43662400e-13  1.06632321e-12\n  -1.54888930e-17]\n [-2.04237020e-12  2.84890459e-06 -1.59853861e-13  6.68312748e-13\n   1.31687115e-13 -9.58610359e-13  1.34798022e-07 -1.95800447e-12\n   4.70602205e-12  1.07645532e-07 -4.50041577e-07 -8.86787344e-08\n   6.45528913e-07 -1.88030322e-01  2.73122572e-06 -6.56443371e-06\n   5.01101091e-13  3.36473111e-13 -5.04954196e-13  1.05504581e-08\n  -1.53250392e-13  3.68334001e-13  8.41998574e-13  6.06294363e-14\n  -4.41092353e-08  6.40706859e-13 -1.53992521e-12  4.81242543e-13\n  -8.69140335e-09  1.26249258e-13 -3.03433988e-13  6.32690931e-08\n  -9.19012027e-13  2.20882490e-12  1.29229902e-07 -3.10601854e-07\n   4.51163522e-12]\n [ 2.96663794e-17 -4.13816301e-11  2.32195357e-18 -9.70754844e-18\n  -1.91282689e-18  1.39242360e-17 -1.95800304e-12  2.84409603e-17\n  -6.83570844e-17 -1.56360537e-12  6.53706917e-12  1.28810287e-12\n  -9.37659738e-12  2.73122572e-06 -3.96723180e-11  9.53514730e-11\n  -7.27872905e-18 -4.88741082e-18  7.33472298e-18 -1.53250904e-13\n   2.22603561e-18 -5.35022821e-18 -1.22304243e-17 -8.80651342e-19\n   6.40708447e-13 -9.30657262e-18  2.23681295e-17 -6.99027822e-18\n   1.26249222e-13 -1.83380217e-18  4.40753585e-18 -9.19014248e-13\n   1.33491071e-17 -3.20842138e-17 -1.87712914e-12  4.51163309e-12\n  -6.55335373e-17]\n [-7.13023975e-17  9.94598353e-11 -5.58073151e-18  2.33318766e-17\n   4.59741673e-18 -3.34666171e-17  4.70602195e-12 -6.83571836e-17\n   1.64294754e-16  3.75807068e-12 -1.57117042e-11 -3.09590299e-12\n   2.25364488e-11 -6.56443371e-06  9.53514730e-11 -2.29175061e-10\n   1.74942463e-17  1.17468131e-17 -1.76287717e-17  3.68335689e-13\n  -5.35020670e-18  1.28590936e-17  2.93955500e-17  2.11669274e-18\n  -1.53992343e-12  2.23680968e-17 -5.37613093e-17  1.68009479e-17\n  -3.03434288e-13  4.40751805e-18 -1.05933771e-17  2.20882647e-12\n  -3.20842034e-17  7.71137039e-17  4.51162694e-12 -1.08436024e-11\n   1.57508093e-16]\n [ 5.44293080e-24 -7.59232897e-18  1.49170296e-22  3.02680883e-23\n  -1.02143288e-22  2.31046786e-22 -3.59239143e-19  5.21807806e-24\n  -1.25415949e-23 -1.00451423e-16 -2.03825535e-17  6.87833642e-17\n  -1.55587055e-16  5.01101091e-13 -7.27872905e-18  1.74942463e-17\n  -3.62804443e-22  5.83945214e-23  3.34423983e-22 -1.05847994e-17\n   7.24354296e-23 -2.99662401e-22 -1.47194280e-24  5.03199772e-23\n   2.60260306e-19  2.44527715e-22 -2.04276202e-22 -1.54155515e-22\n   6.32415947e-18 -1.37761343e-22  2.60226781e-22 -1.74142985e-17\n   1.48673588e-23 -4.03384635e-22 -3.44399639e-19  8.27756362e-19\n  -1.20235119e-23]\n [ 3.65478238e-24 -5.09800919e-18  1.00899780e-22 -7.09519275e-23\n  -1.82424441e-23 -1.00308262e-22 -2.41218288e-19  3.50375208e-24\n  -8.42127506e-24 -6.79459711e-17  4.77790646e-17  1.22844747e-17\n   6.75476571e-17  3.36473111e-13 -4.88741082e-18  1.17468131e-17\n   5.83945214e-23 -1.52548575e-22 -3.17231082e-23 -6.99042043e-18\n   6.51456919e-23 -2.12775231e-22  9.79932649e-23 -7.42117030e-23\n   3.93658447e-18 -1.39251494e-22  2.07952969e-22  1.09839503e-23\n   1.62731230e-18  2.29117089e-23  1.68140098e-23  8.06534237e-18\n   4.17421778e-23  1.45041244e-22 -2.31250370e-19  5.55814323e-19\n  -8.07341428e-24]\n [-5.48477408e-24  7.65070930e-18 -1.88395373e-22  2.48946738e-22\n  -5.34319692e-23 -1.42656107e-22  3.62000074e-19 -5.25819943e-24\n   1.26380141e-23  1.26865600e-16 -1.67640895e-16  3.59811043e-17\n   9.60646952e-17 -5.04954196e-13  7.33472298e-18 -1.76287717e-17\n   3.34423983e-22 -3.17231082e-23 -5.22113961e-22  1.35669135e-17\n  -7.25092350e-23  3.66615856e-22 -2.35618627e-22  1.15056931e-22\n  -1.86681628e-17  2.51132460e-23 -4.40313144e-22  1.32787715e-22\n   4.51599768e-18  4.32107903e-23  6.41660990e-23  1.19742270e-17\n   1.07457302e-22  1.76252427e-22  3.47047425e-19 -8.34119942e-19\n   1.21159911e-23]\n [ 1.14604028e-19 -1.59854112e-13  3.75489041e-17 -1.87968711e-18\n  -1.88014587e-17 -3.32949094e-18 -7.56408177e-15  1.09861089e-19\n  -2.64065709e-19 -2.52854590e-11  1.26578038e-12  1.26609137e-11\n   2.24208312e-12  1.05504581e-08 -1.53250904e-13  3.68335689e-13\n  -1.05847994e-17 -6.99042043e-18  1.35669135e-17 -2.95386839e-12\n  -9.39571289e-18 -5.81830181e-17  7.17519296e-18 -1.18935676e-17\n   1.57456199e-14 -1.21400586e-17  1.07846978e-17  2.12977868e-18\n   1.54654484e-12  1.11457476e-17  2.51124658e-17  4.37057398e-13\n   1.75486911e-17 -5.27559812e-18 -7.25079531e-15  1.74285637e-14\n  -2.53148794e-19]\n [-1.66455894e-24  2.32193299e-18  4.89120005e-23  1.62656333e-22\n  -1.08823318e-22 -2.23189783e-22  1.09862520e-19 -1.59591865e-24\n   3.83556382e-24 -3.29373984e-17 -1.09532893e-16  7.32816939e-17\n   1.50296163e-16 -1.53250392e-13  2.22603561e-18 -5.35020670e-18\n   7.24354296e-23  6.51456919e-23 -7.25092350e-23 -9.39571289e-18\n  -5.41754963e-22  2.54761163e-22 -1.63932394e-22  1.73763259e-22\n  -1.21400594e-17  2.18782438e-23 -2.91105457e-22  1.03321434e-23\n   1.11457503e-17  2.73944556e-22  1.46127154e-23  1.75486922e-17\n   5.49861203e-23  3.46376467e-22  1.05333104e-19 -2.53149339e-19\n   3.67722574e-24]\n [ 4.00089605e-24 -5.58073179e-18  8.00208284e-22 -1.81926882e-22\n  -3.28216089e-22  1.17097213e-22 -2.64063866e-19  3.83554701e-24\n  -9.21884285e-24 -5.38860818e-16  1.22509680e-16  2.21020935e-16\n  -7.88533082e-17  3.68334001e-13 -5.35022821e-18  1.28590936e-17\n  -2.99662401e-22 -2.12775231e-22  3.66615856e-22 -5.81830181e-17\n   2.54761163e-22 -1.52397520e-21  3.01803641e-22 -4.16085994e-22\n   1.07847012e-17 -2.91105433e-22  4.92041616e-22  3.88937238e-23\n   2.51124659e-17  1.46127417e-23  5.50726276e-22 -5.27559736e-18\n   3.46376402e-22 -4.15962622e-22 -2.53149296e-19  6.08454908e-19\n  -8.83788588e-24]\n [ 9.14570342e-24 -1.27573951e-17 -1.16940176e-22  2.66233943e-22\n  -2.52652132e-22  9.30246776e-23 -6.03624731e-19  8.76797996e-24\n  -2.10735614e-23  7.87475965e-17 -1.79282065e-16  1.70136121e-16\n  -6.26428744e-17  8.41998574e-13 -1.22304243e-17  2.93955500e-17\n  -1.47194280e-24  9.79932649e-23 -2.35618627e-22  7.17519296e-18\n  -1.63932394e-22  3.01803641e-22 -4.49734445e-22  2.48759989e-22\n  -1.54493045e-17  4.57804012e-22 -7.39908620e-22  3.05476899e-23\n   2.00080601e-17  7.58773527e-23  3.83589918e-22 -7.55569581e-18\n  -4.59643848e-23 -1.29981664e-22 -5.78696566e-19  1.39087229e-18\n  -2.02031189e-23]\n [ 6.58540586e-25 -9.18625891e-19  1.80341387e-22 -5.07451549e-22\n   5.43092635e-23  2.54075082e-22 -4.34609350e-20  6.31309516e-25\n  -1.51734596e-24 -1.21442030e-16  3.41718259e-16 -3.65718822e-17\n  -1.71094372e-16  6.06294363e-14 -8.80651342e-19  2.11669274e-18\n   5.03199772e-23 -7.42117030e-23  1.15056931e-22 -1.18935676e-17\n   1.73763259e-22 -4.16085994e-22  2.48759989e-22 -6.54806060e-22\n   3.47703209e-17 -3.64507989e-22  1.09312079e-21  2.13088339e-22\n  -2.31539312e-18  1.73190291e-22 -2.00751429e-22 -1.79299182e-17\n   1.32795612e-22 -5.16281656e-22 -4.16650416e-20  1.00149211e-19\n  -1.45464512e-24]\n [-4.79107761e-19  6.68313729e-13 -1.87968632e-18  5.44111124e-17\n  -6.04664862e-18 -1.57878469e-17  3.16216205e-14 -4.59320454e-19\n   1.10396124e-18  1.26578155e-12 -3.66404808e-11  4.07181712e-12\n   1.06315505e-11 -4.41092353e-08  6.40708447e-13 -1.53992343e-12\n   2.60260306e-19  3.93658447e-18 -1.86681628e-17  1.57456199e-14\n  -1.21400594e-17  1.07847012e-17 -1.54493045e-17  3.47703209e-17\n  -4.02918360e-12  1.03591925e-17 -9.92774523e-17 -1.32151715e-17\n   2.40916179e-13 -2.08930205e-17  2.33564758e-17  1.46443308e-12\n   2.51816685e-17  1.12101021e-17  3.03155989e-14 -7.28625091e-14\n   1.05836457e-18]\n [ 6.95930820e-24 -9.70754616e-18  1.62656335e-22 -2.43011997e-22\n   2.85480306e-22 -