{'theta_hat': '[-1.98935857e-11  2.77495878e-05  1.20940144e-11  6.79744444e-12\n -6.96627715e-12 -7.44758160e-12  1.38750948e-06 -1.21230670e-11\n  4.15624714e-11 -1.20149415e-05 -3.50732709e-06  6.45718571e-06\n  9.43409969e-06 -1.93543871e+00  1.69104808e-05 -5.79755410e-05\n -2.96062117e-12 -2.77323497e-12 -3.87133055e-12 -8.26708268e-07\n  8.42554551e-12 -2.58163737e-11 -2.20665427e-12 -1.95218261e-12\n -5.03351531e-07  1.45580953e-12 -1.25869265e-11 -1.43081423e-11\n  4.38118832e-07 -8.49391471e-12  1.71942980e-11  5.01808713e-07\n -5.55533509e-12  1.61050776e-11  7.17641846e-07 -2.82079782e-06\n  3.28158976e-11]', 'theta_bar': '[ 5.02258202e-13  9.80840904e-06 -5.21750531e-13  2.64387377e-13\n  1.25303026e-13  3.70520788e-13 -7.86517315e-08 -7.97495471e-13\n -7.63075733e-13 -1.01890678e-05  5.16312030e-06  2.44699514e-06\n  7.23575922e-06 -1.53595962e+00 -1.55739856e-05 -1.49018169e-05\n -4.94431795e-14 -1.73982700e-13 -1.57427788e-13  5.69819831e-08\n  2.12044759e-13  9.42832728e-13 -1.47797143e-14  9.86961364e-14\n -2.92548245e-08 -9.95403796e-14 -4.95848937e-13  3.58452600e-14\n -1.39088704e-08 -5.83307630e-14 -2.12153577e-13 -4.08609698e-08\n -1.48225444e-13 -6.67762316e-13  6.90138734e-08  1.34847547e-07\n  1.76679490e-12]', 'grad_op_sum': '[[ 3.77859315e-22 -5.27076433e-16 -2.40681566e-22 -1.06974567e-22\n   1.67215881e-22  1.52260284e-22 -2.53031037e-17  3.27526114e-22\n  -8.48993051e-22  1.62274593e-16  7.17747859e-17 -1.12494704e-16\n  -1.02528417e-16  3.52953311e-11 -4.56866579e-16  1.18426142e-15\n   5.94650871e-23  5.12284613e-23  7.31427742e-23  1.60657274e-17\n  -2.13494410e-22  5.43806533e-22  1.69272900e-23  4.24424415e-23\n   7.32544136e-18 -7.72926948e-23  2.30731891e-22  2.94461322e-22\n  -1.09463576e-17  1.68918075e-22 -3.90678558e-22 -1.01487426e-17\n   1.36483824e-22 -3.44916310e-22 -2.12019029e-17  5.63964025e-17\n  -7.79413797e-22]\n [-5.27076433e-16  7.35219578e-10  3.35727019e-16  1.49218958e-16\n  -2.33249641e-16 -2.12388061e-16  3.52953311e-11 -4.56866583e-16\n   1.18426147e-15 -2.26357032e-10 -1.00118740e-10  1.56919003e-10\n   1.43017017e-10 -4.92335017e-05  6.37283760e-10 -1.65192774e-09\n  -8.29479246e-17 -7.14586450e-17 -1.02026947e-16 -2.24101033e-11\n   2.97803618e-16 -7.58556414e-16 -2.36118990e-17 -5.92030147e-17\n  -1.02182674e-11  1.07815675e-16 -3.21848204e-16 -4.10744467e-16\n   1.52690879e-11 -2.35624034e-16  5.44958008e-16  1.41564938e-11\n  -1.90381456e-16  4.81124192e-16  2.95745607e-11 -7.86674126e-11\n   1.08720528e-15]\n [-2.40681566e-22  3.35727019e-16  1.53744366e-22  6.70965466e-23\n  -1.08231349e-22 -9.73120976e-23  1.60657265e-17 -2.13494408e-22\n   5.43806513e-22 -1.01743152e-16 -4.43612211e-17  7.18634139e-17\n   6.53234165e-17 -2.24101020e-11  2.97803613e-16 -7.58556354e-16\n  -3.80393905e-23 -3.26132819e-23 -4.66139734e-23 -1.02408695e-17\n   1.38697652e-22 -3.48857454e-22 -9.49698948e-24 -2.72275093e-23\n  -4.56176786e-18  5.17200987e-23 -1.46741031e-22 -1.88670910e-22\n   7.10068053e-18 -1.07975181e-22  2.52029081e-22  6.47252435e-18\n  -8.85632709e-23  2.21275628e-22  1.38845724e-17 -3.60707077e-17\n   5.04225133e-22]\n [-1.06974567e-22  1.49218958e-16  6.70965466e-23  3.37678240e-23\n  -4.20706506e-23 -4.21055716e-23  7.32544102e-18 -7.72927014e-23\n   2.30731878e-22 -4.44696642e-17 -2.12083388e-17  2.75359337e-17\n   2.83632298e-17 -1.02182669e-11  1.07815683e-16 -3.21848173e-16\n  -1.63862483e-23 -1.43519690e-23 -2.05245530e-23 -4.56176787e-18\n   5.17201030e-23 -1.46741028e-22 -8.86891820e-24 -1.13744566e-23\n  -2.42439728e-18  1.39084224e-23 -6.63171511e-23 -7.99178412e-23\n   2.71279594e-18 -4.65430677e-23  1.00833565e-22  2.85123890e-18\n  -3.34667126e-23  9.27128620e-23  4.79944333e-18 -1.54924752e-17\n   1.96081442e-22]\n [ 1.67215881e-22 -2.33249641e-16 -1.08231349e-22 -4.20706506e-23\n   8.22876556e-23  6.89422385e-23 -1.09463569e-17  1.68918073e-22\n  -3.90678552e-22  7.19294450e-17  2.75082158e-17 -5.45573395e-17\n  -4.61455214e-17  1.52690869e-11 -2.35624030e-16  5.44957979e-16\n   2.70819060e-23  2.27929791e-23  3.26007408e-23  7.10068051e-18\n  -1.07975182e-22  2.52029087e-22  1.13797192e-24  1.97363683e-23\n   2.71279595e-18 -4.65430644e-23  1.00833569e-22  1.35686186e-22\n  -5.45534859e-18  7.66888620e-23 -1.88249309e-22 -4.52622266e-18\n   6.84289748e-23 -1.60318340e-22 -1.12517390e-17  2.56960368e-17\n  -3.83081121e-22]\n [ 1.52260284e-22 -2.12388061e-16 -9.73120976e-23 -4.21055716e-23\n   6.89422385e-23  6.16727075e-23 -1.01487423e-17  1.36483828e-22\n  -3.44916324e-22  6.53438854e-17  2.83383264e-17 -4.61355874e-17\n  -4.09846134e-17  1.41564934e-11 -1.90381460e-16  4.81124192e-16\n   2.41070636e-23  2.06604733e-23  2.95117430e-23  6.47252455e-18\n  -8.85632745e-23  2.21275646e-22  5.62894696e-24  1.72906551e-23\n   2.85123899e-18 -3.34667104e-23  9.27128709e-23  1.19666910e-22\n  -4.52622280e-18  6.84289782e-23 -1.60318349e-22 -4.09881818e-18\n   5.64962210e-23 -1.40474106e-22 -8.89463207e-18  2.28636107e-17\n  -3.21243151e-22]\n [-2.53031037e-17  3.52953311e-11  1.60657265e-17  7.32544102e-18\n  -1.09463569e-17 -1.01487423e-17  1.70206841e-12 -2.12019021e-17\n   5.63963958e-17 -1.08384207e-11 -4.90702394e-12  7.36053496e-12\n   6.83379638e-12 -2.37421736e-06  2.95745593e-11 -7.86674000e-11\n  -3.95955118e-18 -3.42533699e-18 -4.89013769e-18 -1.07623631e-12\n   1.38845720e-17 -3.60707048e-17 -1.32681590e-18 -2.81269644e-18\n  -5.06814077e-13  4.79944265e-18 -1.54924743e-17 -1.95548360e-17\n   7.14548371e-13 -1.12517387e-17  2.56960339e-17  6.78576314e-13\n  -8.89463152e-18  2.28636070e-17  1.36281279e-12 -3.75408675e-12\n   5.10295665e-17]\n [ 3.27526114e-22 -4.56866583e-16 -2.13494408e-22 -7.72927014e-23\n   1.68918073e-22  1.36483828e-22 -2.12019021e-17  3.53613333e-22\n  -7.79413764e-22  1.43726954e-16  5.21017599e-17 -1.13771425e-16\n  -9.19091005e-17  2.95745597e-11 -4.93255680e-16  1.08720519e-15\n   5.37077777e-23  4.48860303e-23  6.41419926e-23  1.38845728e-17\n  -2.24364303e-22  5.04225130e-22 -3.78214362e-24  3.95860442e-23\n   4.79944351e-18 -1.02912370e-22  1.96081446e-22  2.70840474e-22\n  -1.12517394e-17  1.52107569e-22 -3.83081110e-22 -8.89463210e-18\n   1.41671307e-22 -3.21243124e-22 -2.38124582e-17  5.10295708e-17\n  -7.86574903e-22]\n [-8.48993051e-22  1.18426147e-15  5.43806513e-22  2.30731878e-22\n  -3.90678552e-22 -3.44916324e-22  5.63963958e-17 -7.79413764e-22\n   1.93472272e-21 -3.66664375e-16 -1.54764712e-16  2.62830232e-16\n   2.32258120e-16 -7.86674033e-11  1.08720522e-15 -2.69874704e-15\n  -1.34966394e-22 -1.15399688e-22 -1.64802626e-22 -3.60707056e-17\n   5.04225118e-22 -1.24233769e-21 -2.65103880e-23 -9.71033804e-23\n  -1.54924743e-17  1.96081419e-22 -5.15998555e-22 -6.71347268e-22\n   2.56960353e-17 -3.83081108e-22  9.05545174e-22  2.28636086e-17\n  -3.21243127e-22  7.88873288e-22  5.10295662e-17 -1.28054217e-16\n   1.82048769e-21]\n [ 1.62274593e-16 -2.26357032e-10 -1.01743152e-16 -4.44696642e-17\n   7.19294450e-17  6.53438854e-17 -1.08384207e-11  1.43726954e-16\n  -3.66664375e-16  1.04247272e-10  4.49286290e-11 -6.79091528e-11\n  -4.80226090e-11  1.51185267e-05 -2.00484906e-10  5.11460573e-10\n   2.53479081e-17  2.30496179e-17  3.19858659e-17  6.70153481e-12\n  -9.41365069e-17  2.31729116e-16  6.40525961e-18  1.84341928e-17\n   2.98931343e-12 -3.52170820e-17  9.77691398e-17  1.26770929e-16\n  -4.67533271e-12  7.31598749e-17 -1.68156014e-16 -4.33765030e-12\n   5.97419872e-17 -1.48726351e-16 -9.34589031e-12  2.43360508e-11\n  -3.39451596e-16]\n [ 7.17747859e-17 -1.00118740e-10 -4.43612211e-17 -2.12083388e-17\n   2.75082158e-17  2.83383264e-17 -4.90702394e-12  5.21017599e-17\n  -1.54764712e-16  4.49286290e-11  4.26973146e-11 -3.34249131e-11\n  -1.88799754e-11  6.84481388e-06 -7.26768080e-11  2.15881483e-10\n   1.03470585e-17  1.05540098e-17  1.41538656e-17  2.97857775e-12\n  -3.52389474e-17  9.75164924e-17  6.08576250e-18  8.11520296e-18\n   1.46710540e-12 -9.92828162e-18  4.17385075e-17  5.35288300e-17\n  -1.73837725e-12  3.16608852e-17 -6.63722048e-17 -1.92011323e-12\n   2.25388226e-17 -6.24044262e-17 -3.23717759e-12  1.03722269e-11\n  -1.32164391e-16]\n [-1.12494704e-16  1.56919003e-10  7.18634139e-17  2.75359337e-17\n  -5.45573395e-17 -4.61355874e-17  7.36053496e-12 -1.13771425e-16\n   2.62830232e-16 -6.79091528e-11 -3.34249131e-11  5.29536132e-11\n   3.65235287e-11 -1.02672194e-05  1.58699903e-10 -3.66622204e-10\n  -1.77984325e-17 -1.61897096e-17 -2.23876343e-17 -4.66879491e-12\n   7.31732186e-17 -1.68002184e-16 -8.35862961e-19 -1.34256153e-17\n  -1.74112080e-12  3.16553096e-17 -6.64367812e-17 -9.10921506e-17\n   3.58053763e-12 -5.19973857e-17  1.25242483e-16  3.01592512e-12\n  -4.62100887e-17  1.07457954e-16  7.57909569e-12 -1.72786858e-11\n   2.58018065e-16]\n [-1.02528417e-16  1.43017017e-10  6.53234165e-17  2.83632298e-17\n  -4.61455214e-17 -4.09846134e-17  6.83379638e-12 -9.19091005e-17\n   2.32258120e-16 -4.80226090e-11 -1.88799754e-11  3.65235287e-11\n   3.82510639e-11 -9.53247112e-06  1.28204118e-10 -3.23977129e-10\n  -1.60798099e-17 -1.42052596e-17 -2.00732354e-17 -4.33562227e-12\n   5.97461767e-17 -1.48678672e-16 -3.80427183e-18 -1.15187635e-17\n  -1.92257779e-12  2.25338299e-17 -6.24624479e-17 -8.05132952e-17\n   3.01690782e-12 -4.62081184e-17  1.07481104e-16  2.69985042e-12\n  -3.82646476e-17  9.36181913e-17  5.98972923e-12 -1.53955004e-11\n   2.16327217e-16]\n [ 3.52953311e-11 -4.92335017e-05 -2.24101020e-11 -1.02182669e-11\n   1.52690869e-11  1.41564934e-11 -2.37421736e-06  2.95745597e-11\n  -7.86674033e-11  1.51185267e-05  6.84481388e-06 -1.02672194e-05\n  -9.53247112e-06  3.31179879e+00 -4.12535896e-05  1.09733255e-04\n   5.52318291e-12  4.77800686e-12  6.82125920e-12  1.50124339e-06\n  -1.93676068e-11  5.03150713e-11  1.85077721e-12  3.92343379e-12\n   7.06955597e-07 -6.69474848e-12  2.16104719e-11  2.72770653e-11\n  -9.96724415e-07  1.56950645e-11 -3.58434299e-11 -9.46546952e-07\n   1.24071326e-11 -3.18924741e-11 -1.90098926e-06  5.23658032e-06\n  -7.11812061e-11]\n [-4.56866579e-16  6.37283760e-10  2.97803613e-16  1.07815683e-16\n  -2.35624030e-16 -1.90381460e-16  2.95745593e-11 -4.93255680e-16\n   1.08720522e-15 -2.00484906e-10 -7.26768080e-11  1.58699903e-10\n   1.28204118e-10 -4.12535896e-05  6.88042965e-10 -1.51654386e-09\n  -7.49170455e-17 -6.26115790e-17 -8.94717446e-17 -1.93676077e-11\n   3.12966047e-16 -7.03344258e-16  5.27571856e-18 -5.52186221e-17\n  -6.69474952e-12  1.43552595e-16 -2.73514250e-16 -3.77795713e-16\n   1.56950653e-11 -2.12175036e-16  5.34360316e-16  1.24071333e-11\n  -1.97617483e-16  4.48102432e-16  3.32160279e-11 -7.11812114e-11\n   1.09719431e-15]\n [ 1.18426142e-15 -1.65192774e-09 -7.58556354e-16 -3.21848173e-16\n   5.44957979e-16  4.81124192e-16 -7.86674000e-11  1.08720519e-15\n  -2.69874704e-15  5.11460573e-10  2.15881483e-10 -3.66622204e-10\n  -3.23977129e-10  1.09733255e-04 -1.51654386e-09  3.76448547e-09\n   1.88264784e-16  1.60971162e-16  2.29883380e-16  5.03150703e-11\n  -7.03344218e-16  1.73293832e-15  3.69793725e-17  1.35449621e-16\n   2.16104710e-11 -2.73514205e-16  7.19767002e-16  9.36463106e-16\n  -3.58434303e-11  5.34360295e-16 -1.26314604e-15 -3.18924750e-11\n   4.48102421e-16 -1.10040029e-15 -7.11812027e-11  1.78622980e-10\n  -2.53940045e-15]\n [ 5.94650871e-23 -8.29479246e-17 -3.80393905e-23 -1.63862483e-23\n   2.70819060e-23  2.41070636e-23 -3.95955118e-18  5.37077777e-23\n  -1.34966394e-22  2.53479081e-17  1.03470585e-17 -1.77984325e-17\n  -1.60798099e-17  5.52318291e-12 -7.49170455e-17  1.88264784e-16\n   9.44346926e-24  8.05315153e-24  1.15227001e-23  2.52853911e-18\n  -3.48097512e-23  8.66158394e-23  2.08476985e-24  6.75683986e-24\n   1.10802678e-18 -1.32698394e-23  3.62525687e-23  4.68278771e-23\n  -1.77985226e-18  2.67479386e-23 -6.29023075e-23 -1.60084961e-18\n   2.22009289e-23 -5.49822533e-23 -3.50536793e-18  8.94293145e-18\n  -1.26096316e-22]\n [ 5.12284613e-23 -7.14586450e-17 -3.26132819e-23 -1.43519690e-23\n   2.27929791e-23  2.06604733e-23 -3.42533699e-18  4.48860303e-23\n  -1.15399688e-22  2.30496179e-17  1.05540098e-17 -1.61897096e-17\n  -1.42052596e-17  4.77800686e-12 -6.26115790e-17  1.60971162e-16\n   8.05315153e-24  6.99460501e-24  9.94476036e-24  2.17210566e-18\n  -2.92402967e-23  7.38679880e-23  2.17250571e-24  5.78303949e-24\n   9.77539294e-19 -1.07443163e-23  3.11720960e-23  4.00181100e-23\n  -1.49151636e-18  2.29603977e-23 -5.31983109e-23 -1.37508516e-18\n   1.86717913e-23 -4.68927798e-23 -2.91196208e-18  7.66025663e-18\n  -1.06439829e-22]\n [ 7.31427742e-23 -1.02026947e-16 -4.66139734e-23 -2.05245530e-23\n   3.26007408e-23  2.95117430e-23 -4.89013769e-18  6.41419926e-23\n  -1.64802626e-22  3.19858659e-17  1.41538656e-17 -2.23876343e-17\n  -2.00732354e-17  6.82125920e-12 -8.94717446e-17  2.29883380e-16\n   1.15227001e-23  9.94476036e-24  1.41788552e-23  3.10641136e-18\n  -4.17575425e-23  1.05569538e-22  3.08244396e-24  8.24809591e-24\n   1.39948125e-18 -1.53512836e-23  4.45877206e-23  5.71592231e-23\n  -2.13517950e-18  3.27687204e-23 -7.60577259e-23 -1.96447844e-18\n   2.66726210e-23 -6.69866173e-23 -4.16193495e-18  1.09393527e-17\n  -1.52055577e-22]\n [ 1.60657274e-17 -2.24101033e-11 -1.02408695e-17 -4.56176787e-18\n   7.10068051e-18  6.47252455e-18 -1.07623631e-12  1.38845728e-17\n  -3.60707056e-17  6.70153481e-12  2.97857775e-12 -4.66879491e-12\n  -4.33562227e-12  1.50124339e-06 -1.93676077e-11  5.03150703e-11\n   2.52853911e-18  2.17210566e-18  3.10641136e-18  6.84223285e-13\n  -9.05005258e-18  2.31207750e-17  7.30969476e-19  1.80250179e-18\n   3.12861588e-13 -3.26262468e-18  9.81861917e-18  1.25127667e-17\n  -4.64944741e-13  7.17667830e-18 -1.65932458e-17 -4.31588547e-13\n   5.78864977e-18 -1.46541459e-17 -8.98244354e-13  2.39644364e-12\n  -3.30745061e-17]\n [-2.13494410e-22  2.97803618e-16  1.38697652e-22  5.17201030e-23\n  -1.07975182e-22 -8.85632745e-23  1.38845720e-17 -2.24364303e-22\n   5.04225118e-22 -9.41365069e-17 -3.52389474e-17  7.31732186e-17\n   5.97461767e-17 -1.93676068e-11  3.12966047e-16 -7.03344218e-16\n  -3.48097512e-23 -2.92402967e-23 -4.17575425e-23 -9.05005258e-18\n   1.42805969e-22 -3.25716534e-22  8.41214004e-25 -2.55607002e-23\n  -3.26262496e-18  6.39317764e-23 -1.28125350e-22 -1.75163581e-22\n   7.17667842e-18 -9.86583053e-23  2.45758168e-22  5.78864985e-18\n  -9.02932029e-23  2.07429710e-22  1.50436666e-17 -3.30745072e-17\n   5.02952585e-22]\n [ 5.43806533e-22 -7.58556414e-16 -3.48857454e-22 -1.46741028e-22\n   2.52029087e-22  2.21275646e-22 -3.60707048e-17  5.04225130e-22\n  -1.24233769e-21  2.31729116e-16  9.75164924e-17 -1.68002184e-16\n  -1.48678672e-16  5.03150713e-11 -7.03344258e-16  1.73293832e-15\n   8.66158394e-23  7.38679880e-23  1.05569538e-22  2.31207750e-17\n  -3.25716534e-22  7.98438530e-22  1.56747832e-23  6.23989256e-23\n   9.81861900e-18 -1.28125336e-22  3.30288201e-22  4.31171191e-22\n  -1.65932462e-17  2.45758173e-22 -5.83326699e-22 -1.46541466e-17\n   2.07429717e-22 -5.06926981e-22 -3.30745050e-17  8.21724133e-17\n  -1.17404446e-21]\n [ 1.69272900e-23 -2.36118990e-17 -9.49698948e-24 -8.86891820e-24\n   1.13797192e-24  5.62894696e-24 -1.32681590e-18 -3.78214362e-24\n  -2.65103880e-23  6.40525961e-18  6.08576250e-18 -8.35862961e-19\n  -3.80427183e-18  1.85077721e-12  5.27571856e-18  3.69793725e-17\n   2.08476985e-24  2.17250571e-24  3.08244396e-24  7.30969476e-19\n   8.41214004e-25  1.56747832e-23  5.64714332e-24  1.16463158e-24\n   7.37612853e-19  6.04397431e-24  1.13512832e-23  9.06140904e-24\n  -2.28921290e-20  6.06485024e-24 -5.72499745e-24 -4.28777917e-19\n  -7.11630774e-26 -9.55663969e-24  4.88897370e-19  1.95779752e-18\n  -5.54233869e-24]\n [ 4.24424415e-23 -5.92030147e-17 -2.72275093e-23 -1.13744566e-23\n   1.97363683e-23  1.72906551e-23 -2.81269644e-18  3.95860442e-23\n  -9.71033804e-23  1.84341928e-17  8.11520296e-18 -1.34256153e-17\n  -1.15187635e-17  3.92343379e-12 -5.52186221e-17  1.35449621e-16\n   6.75683986e-24  5.78303949e-24  8.24809591e-24  1.80250179e-18\n  -2.55607002e-23  6.23989256e-23  1.16463158e-24  4.88897984e-24\n   7.58166450e-19 -1.01295016e-23  2.57140504e-23  3.37005844e-23\n  -1.29943066e-18  1.92064922e-23 -4.56507310e-23 -1.14466077e-18\n   1.62654798e-23 -3.96487981e-23 -2.59948836e-18  6.42007601e-18\n  -9.20040875e-23]\n [ 7.32544136e-18 -1.02182674e-11 -4.56176786e-18 -2.42439728e-18\n   2.71279595e-18  2.85123899e-18 -5.06814077e-13  4.79944351e-18\n  -1.54924743e-17  2.98931343e-12  1.46710540e-12 -1.74112080e-12\n  -1.92257779e-12  7.06955597e-07 -6.69474952e-12  2.16104710e-11\n   1.10802678e-18  9.77539294e-19  1.39948125e-18  3.12861588e-13\n  -3.26262496e-18  9.81861900e-18  7.37612853e-19  7.58166450e-19\n   1.77301666e-13 -6.97217982e-19  4.57439097e-18  5.36253575e-18\n  -1.73457908e-13  3.14613335e-18 -6.59313748e-18 -1.94536061e-13\n   2.12637773e-18 -6.19084787e-18 -2.90194672e-13  1.04575996e-12\n  -1.26414754e-17]\n [-7.72926948e-23  1.07815675e-16  5.17200987e-23  1.39084224e-23\n  -4.65430644e-23 -3.34667104e-23  4.79944265e-18 -1.02912370e-22\n   1.96081419e-22 -3.52170820e-17 -9.92828162e-18  3.16553096e-17\n   2.25338299e-17 -6.69474848e-12  1.43552595e-16 -2.73514205e-16\n  -1.32698394e-23 -1.07443163e-23 -1.53512836e-23 -3.26262468e-18\n   6.39317764e-23 -1.28125336e-22  6.04397431e-24 -1.01295016e-23\n  -6.97217982e-19  3.43233875e-23 -4.51392625e-23 -6.82671945e-23\n   3.14613318e-18 -3.74903798e-23  1.02787630e-22  2.12637752e-18\n  -3.99568299e-23  8.20284483e-23  7.13678307e-18 -1.26414747e-17\n   2.16607691e-22]\n [ 2.30731891e-22 -3.21848204e-16 -1.46741031e-22 -6.63171511e-23\n   1.00833569e-22  9.27128709e-23 -1.54924743e-17  1.96081446e-22\n  -5.15998555e-22  9.77691398e-17  4.17385075e-17 -6.64367812e-17\n  -6.24624479e-17  2.16104719e-11 -2.73514250e-16  7.19767002e-16\n   3.62525687e-23  3.11720960e-23  4.45877206e-23  9.81861917e-18\n  -1.28125350e-22  3.30288201e-22  1.13512832e-23  2.57140504e-23\n   4.57439097e-18 -4.51392625e-23  1.41371162e-22  1.78941240e-22\n  -6.59313781e-18  1.02787642e-22 -2.36196164e-22 -6.19084827e-18\n   8.20284604e-23 -2.09350941e-22 -1.26414752e-17  3.43202131e-17\n  -4.69674456e-22]\n [ 2.94461322e-22 -4.10744467e-16 -1.88670910e-22 -7.99178412e-23\n   1.35686186e-22  1.19666910e-22 -1.95548360e-17  2.70840474e-22\n  -6.71347268e-22  1.26770929e-16  5.35288300e-17 -9.10921506e-17\n  -8.05132952e-17  2.72770653e-11 -3.77795713e-16  9.36463106e-16\n   4.68278771e-23  4.00181100e-23  5.71592231e-23  1.25127667e-17\n  -1.75163581e-22  4.31171191e-22  9.06140904e-24  3.37005844e-23\n   5.36253575e-18 -6.82671945e-23  1.78941240e-22  2.32966586e-22\n  -8.92622999e-18  1.32905279e-22 -3.14416066e-22 -7.93108631e-18\n   1.11588687e-22 -2.73780237e-22 -1.77387488e-17  4.44290157e-17\n  -6.32229219e-22]\n [-1.09463576e-17  1.52690879e-11  7.10068053e-18  2.71279594e-18\n  -5.45534859e-18 -4.52622280e-18  7.14548371e-13 -1.12517394e-17\n   2.56960353e-17 -4.67533271e-12 -1.73837725e-12  3.58053763e-12\n   3.01690782e-12 -9.96724415e-07  1.56950653e-11 -3.58434303e-11\n  -1.77985226e-18 -1.49151636e-18 -2.13517950e-18 -4.64944741e-13\n   7.17667842e-18 -1.65932462e-17 -2.28921290e-20 -1.29943066e-18\n  -1.73457908e-13  3.14613318e-18 -6.59313781e-18 -8.92622999e-18\n   3.62234308e-13 -5.03517763e-18  1.24502360e-17  2.96634744e-13\n  -4.54424453e-18  1.05577645e-17  7.51688031e-13 -1.68812692e-12\n   2.53859419e-17]\n [ 1.68918075e-22 -2.35624034e-16 -1.07975181e-22 -4.65430677e-23\n   7.66888620e-23  6.84289782e-23 -1.12517387e-17  1.52107569e-22\n  -3.83081108e-22  7.31598749e-17  3.16608852e-17 -5.19973857e-17\n  -4.62081184e-17  1.56950645e-11 -2.12175036e-16  5.34360295e-16\n   2.67479386e-23  2.29603977e-23  3.27687204e-23  7.17667830e-18\n  -9.86583053e-23  2.45758173e-22  6.06485024e-24  1.92064922e-23\n   3.14613335e-18 -3.74903798e-23  1.02787642e-22  1.32905279e-22\n  -5.03517763e-18  7.59875841e-23 -1.78240210e-22 -4.54424458e-18\n   6.29240510e-23 -1.55999985e-22 -9.92165650e-18  2.53859424e-17\n  -3.57492113e-22]\n [-3.90678558e-22  5.44958008e-16  2.52029081e-22  1.00833565e-22\n  -1.88249309e-22 -1.60318349e-22  2.56960339e-17 -3.83081110e-22\n   9.05545174e-22 -1.68156014e-16 -6.63722048e-17  1.25242483e-16\n   1.07481104e-16 -3.58434299e-11  5.34360316e-16 -1.26314604e-15\n  -6.29023075e-23 -5.31983109e-23 -7.60577259e-23 -1.65932458e-17\n   2.45758168e-22 -5.83326699e-22 -5.72499745e-24 -4.56507310e-23\n  -6.59313748e-18  1.02787630e-22 -2.36196164e-22 -3.14416066e-22\n   1.24502360e-17 -1.78240210e-22  4.32398880e-22  1.05577647e-17\n  -1.55999986e-22  3.70851323e-22  2.53859403e-17 -5.96790868e-17\n   8.76595862e-22]\n [-1.01487426e-17  1.41564938e-11  6.47252435e-18  2.85123890e-18\n  -4.52622266e-18 -4.09881818e-18  6.78576314e-13 -8.89463210e-18\n   2.28636086e-17 -4.33765030e-12 -1.92011323e-12  3.01592512e-12\n   2.69985042e-12 -9.46546952e-07  1.24071333e-11 -3.18924750e-11\n  -1.60084961e-18 -1.37508516e-18 -1.96447844e-18 -4.31588547e-13\n   5.78864985e-18 -1.46541466e-17 -4.28777917e-19 -1.14466077e-18\n  -1.94536061e-13  2.12637752e-18 -6.19084827e-18 -7.93108631e-18\n   2.96634744e-13 -4.54424458e-18  1.05577647e-17  2.73049057e-13\n  -3.69732223e-18  9.30055411e-18  5.77072120e-13 -1.51771630e-12\n   2.10896587e-17]\n [ 1.36483824e-22 -1.90381456e-16 -8.85632709e-23 -3.34667126e-23\n   6.84289748e-23  5.64962210e-23 -8.89463152e-18  1.41671307e-22\n  -3.21243127e-22  5.97419872e-17  2.25388226e-17 -4.62100887e-17\n  -3.82646476e-17  1.24071326e-11 -1.97617483e-16  4.48102421e-16\n   2.22009289e-23  1.86717913e-23  2.66726210e-23  5.78864977e-18\n  -9.02932029e-23  2.07429717e-22 -7.11630774e-26  1.62654798e-23\n   2.12637773e-18 -3.99568299e-23  8.20284604e-23  1.11588687e-22\n  -4.54424453e-18  6.29240510e-23 -1.55999986e-22 -3.69732223e-18\n   5.71354650e-23 -1.32030633e-22 -9.47986443e-18  2.10896590e-17\n  -3.18727251e-22]\n [-3.44916310e-22  4.81124192e-16  2.21275628e-22  9.27128620e-23\n  -1.60318340e-22 -1.40474106e-22  2.28636070e-17 -3.21243124e-22\n   7.88873288e-22 -1.48726351e-16 -6.24044262e-17  1.07457954e-16\n   9.36181913e-17 -3.18924741e-11  4.48102432e-16 -1.10040029e-15\n  -5.49822533e-23 -4.68927798e-23 -6.69866173e-23 -1.46541459e-17\n   2.07429710e-22 -5.06926981e-22 -9.55663969e-24 -3.96487981e-23\n  -6.19084787e-18  8.20284483e-23 -2.09350941e-22 -2.73780237e-22\n   1.05577645e-17 -1.55999985e-22  3.70851323e-22  9.30055411e-18\n  -1.32030633e-22  3.22047944e-22  2.10896569e-17 -5.21646441e-17\n   7.46920126e-22]\n [-2.12019029e-17  2.95745607e-11  1.38845724e-17  4.79944333e-18\n  -1.12517390e-17 -8.89463207e-18  1.36281279e-12 -2.38124582e-17\n   5.10295662e-17 -9.34589031e-12 -3.23717759e-12  7.57909569e-12\n   5.98972923e-12 -1.90098926e-06  3.32160279e-11 -7.11812027e-11\n  -3.50536793e-18 -2.91196208e-18 -4.16193495e-18 -8.98244354e-13\n   1.50436666e-17 -3.30745050e-17  4.88897370e-19 -2.59948836e-18\n  -2.90194672e-13  7.13678307e-18 -1.26414752e-17 -1.77387488e-17\n   7.51688031e-13 -9.92165650e-18  2.53859403e-17  5.77072120e-13\n  -9.47986443e-18  2.10896569e-17  1.61332683e-12 -3.33169979e-12\n   5.23851831e-17]\n [ 5.63964025e-17 -7.86674126e-11 -3.60707077e-17 -1.54924752e-17\n   2.56960368e-17  2.28636107e-17 -3.75408675e-12  5.10295708e-17\n  -1.28054217e-16  2.43360508e-11  1.03722269e-11 -1.72786858e-11\n  -1.53955004e-11  5.23658032e-06 -7.11812114e-11  1.78622980e-10\n   8.94293145e-18  7.66025663e-18  1.09393527e-17  2.39644364e-12\n  -3.30745072e-17  8.21724133e-17  1.95779752e-18  6.42007601e-18\n   1.04575996e-12 -1.26414747e-17  3.43202131e-17  4.44290157e-17\n  -1.68812692e-12  2.53859424e-17 -5.96790868e-17 -1.51771630e-12\n   2.10896590e-17 -5.21646441e-17 -3.33169979e-12  8.48346261e-12\n  -1.19743928e-16]\n [-7.79413797e-22  1.08720528e-15  5.04225133e-22  1.96081442e-22\n  -3.83081121e-22 -3.21243151e-22  5.10295665e-17 -7.86574903e-22\n   1.82048769e-21 -3.39451596e-16 -1.32164391e-16  2.58018065e-16\n   2.16327217e-16 -7.11812061e-11  1.09719431e-15 -2.53940045e-15\n  -1.26096316e-22 -1.06439829e-22 -1.52055577e-22 -3.30745061e-17\n   5.02952585e-22 -1.17404446e-21 -5.54233869e-24 -9.20040875e-23\n  -1.26414754e-17  2.16607691e-22 -4.69674456e-22 -6.32229219e-22\n   2.53859419e-17 -3.57492113e-22  8.76595862e-22  2.10896587e-17\n  -3.18727251e-22  7.46920126e-22  5.23851831e-17 -1.19743928e-16\n   1.78439164e-21]]', 'hess_sum': '[[-1.68151253e-22  2.34554400e-16  9.52071935e-23  7.45888983e-23\n  -3.07496068e-23 -5.75584937e-23  1.27793788e-17 -1.57269548e-23\n   3.02287785e-22 -6.64915283e-17 -4.95917630e-17  2.14128914e-17\n   3.93967099e-17 -1.78259707e-11  2.19375618e-17 -4.21661571e-16\n  -2.20187807e-23 -2.05975261e-23 -2.95624064e-23 -7.04188904e-18\n   2.16899457e-23 -1.76983496e-22 -3.87383814e-23 -1.21587948e-23\n  -6.03544083e-18 -3.04161391e-23 -1.09846341e-22 -9.82793308e-23\n   1.72780384e-18 -6.15288255e-23  9.20868296e-23  4.21397419e-18\n  -1.69871856e-23  1.09319344e-22 -6.47071296e-19 -2.19535462e-17\n   1.33608029e-22]\n [ 2.34554400e-16 -3.27180240e-10 -1.32804533e-16 -1.04044115e-16\n   4.28926951e-17  8.02885109e-17 -1.78259692e-11  2.19375405e-17\n  -4.21661546e-16  9.27490617e-11  6.91756019e-11 -2.98688920e-11\n  -5.49546028e-11  2.48654705e-05 -3.06007670e-11  5.88176192e-10\n   3.07140456e-17  2.87315826e-17  4.12367057e-17  9.82273158e-12\n  -3.02553775e-17  2.46874425e-16  5.40361542e-17  1.69602884e-17\n   8.41884362e-12  4.24275710e-17  1.53224747e-16  1.37090196e-16\n  -2.41011789e-12  8.58265653e-17 -1.28452065e-16 -5.87808699e-12\n   2.36954949e-17 -1.52489938e-16  9.02599556e-13  3.06230302e-11\n  -1.86370001e-16]\n [ 9.52071935e-23 -1.32804533e-16 -4.20050185e-22  5.85728354e-25\n  -1.30175773e-22 -1.70671634e-22 -7.04189086e-18  2.16899558e-23\n  -1.76983520e-22  2.81733199e-16 -4.61331605e-19  8.80622820e-17\n   1.15032878e-16  9.82273195e-12 -3.02553848e-17  2.46874411e-16\n   8.10726133e-23 -1.23702704e-22 -9.04772750e-23  3.00128609e-17\n  -1.84967353e-22  8.32200467e-22  7.51358251e-23  7.73447512e-23\n  -3.77673739e-19 -3.28510061e-23  1.99082234e-23 -2.09323124e-22\n   8.76521390e-18 -1.07473409e-22  2.88864464e-22  1.21046317e-17\n  -8.29133705e-23  3.42688018e-22 -6.09625328e-19  1.24956510e-17\n  -9.83888453e-23]\n [ 7.45888983e-23 -1.04044115e-16  5.85728354e-25 -3.39906367e-22\n  -1.11325683e-22 -8.78571896e-23 -6.03544120e-18 -3.04161447e-23\n  -1.09846359e-22  3.32384738e-19  2.27895272e-16  7.50971007e-17\n   5.90388779e-17  8.41884434e-12  4.24275639e-17  1.53224707e-16\n   2.31930968e-22  8.65904114e-23  7.36632619e-23 -3.77674363e-19\n  -3.28510050e-23  1.99081446e-23  1.47687798e-22  4.40581053e-23\n   2.56395378e-17 -2.32991699e-23  5.95582952e-22 -7.70166313e-23\n   8.96233575e-18  4.90238607e-23  1.58677774e-22  6.24828365e-18\n  -3.91835044e-23  1.73513109e-22  3.21070929e-18  8.44945768e-18\n  -7.43663415e-25]\n [-3.07496068e-23  4.28926951e-17 -1.30175773e-22 -1.11325683e-22\n  -3.57034251e-22 -2.91449742e-22  1.72780516e-18 -6.15288258e-23\n   9.20868842e-23  8.76763585e-17  7.54359063e-17  2.39612611e-16\n   1.96129019e-16 -2.41011761e-12  8.58265678e-17 -1.28452088e-16\n   1.19386686e-22  1.75198362e-23 -5.11604113e-23  8.76521346e-18\n  -1.07473411e-22  2.88864453e-22  1.16336013e-22  7.43793744e-24\n   8.96233538e-18  4.90238701e-23  1.58677774e-22 -4.33038018e-22\n   2.66250966e-17 -5.12188450e-23  6.41354524e-22  2.05136102e-17\n  -1.58366998e-22  5.96333875e-22  4.45596169e-18 -5.85026771e-18\n   1.17582436e-22]\n [-5.75584937e-23  8.02885109e-17 -1.70671634e-22 -8.78571896e-23\n  -2.91449742e-22 -5.98945747e-22  4.21397516e-18 -1.69871834e-23\n   1.09319354e-22  1.14925089e-16  5.92801451e-17  1.96057725e-16\n   4.02472511e-16 -5.87808560e-12  2.36954896e-17 -1.52489927e-16\n   1.15026082e-22 -5.35316609e-23 -8.85760942e-23  1.21046319e-17\n  -8.29133774e-23  3.42687987e-22  1.02902159e-23  1.95395216e-22\n   6.24828465e-18 -3.91834906e-23  1.73513108e-22 -5.49485452e-22\n   2.05136135e-17 -1.58367039e-22  5.96333756e-22  4.47469019e-17\n  -7.80719718e-23  1.07099773e-21  6.69658486e-19 -7.65898669e-18\n   6.57561038e-23]\n [ 1.27793788e-17 -1.78259692e-11 -7.04189086e-18 -6.03544120e-18\n   1.72780516e-18  4.21397516e-18 -9.94138214e-13 -6.47069935e-19\n  -2.19535475e-17  4.97753435e-12  4.00126083e-12 -1.23340836e-12\n  -2.90073673e-12  1.38672429e-06  9.02599379e-13  3.06230248e-11\n   1.60709580e-18  1.52260367e-18  2.19019209e-18  5.31993834e-13\n  -6.09625112e-19  1.24956503e-17  3.35767386e-18  8.15213489e-19\n   4.97024478e-13  3.21070844e-18  8.44945719e-18  6.97264051e-18\n  -8.80804442e-14  4.45596203e-18 -5.85026822e-18 -3.14911679e-13\n   6.69657813e-19 -7.65898435e-18  1.91548148e-13  1.63152983e-12\n  -7.07735328e-18]\n [-1.57269548e-23  2.19375405e-17  2.16899558e-23 -3.04161447e-23\n  -6.15288258e-23 -1.69871834e-23 -6.47069935e-19 -1.72882098e-22\n   1.33608060e-22 -1.41259787e-17  2.03538378e-17  4.12910439e-17\n   1.13106824e-17  9.02598741e-13  2.41153475e-16 -1.86369992e-16\n  -7.51735123e-24 -3.48586566e-24 -5.05949197e-24 -6.09624594e-19\n   9.86823156e-23 -9.83888899e-23  4.08140007e-23 -8.45038171e-24\n   3.21070813e-18  8.48203173e-23 -7.43674461e-25 -4.86321241e-23\n   4.45595913e-18 -2.06300734e-23  1.17582444e-22  6.69658513e-19\n  -5.90925354e-23  6.57560707e-23  1.32862049e-17 -7.07735591e-18\n   2.87201675e-22]\n [ 3.02287785e-22 -4.21661546e-16 -1.76983520e-22 -1.09846359e-22\n   9.20868842e-23  1.09319354e-22 -2.19535475e-17  1.33608060e-22\n  -6.12188129e-22  1.24723112e-16  7.24878707e-17 -6.36563423e-17\n  -7.50992049e-17  3.06230257e-11 -1.86370031e-16  8.53941828e-16\n   4.26620895e-23  3.70499933e-23  5.34080327e-23  1.24956492e-17\n  -9.83888510e-23  3.65742033e-22  4.00293798e-23  2.52638632e-23\n   8.44945648e-18 -7.43621861e-25  1.91571968e-22  1.98301814e-22\n  -5.85026634e-18  1.17582460e-22 -2.33334413e-22 -7.65898195e-18\n   6.57560837e-23 -2.28766077e-22 -7.07735437e-18  4.31679029e-17\n  -4.04529789e-22]\n [-6.64915283e-17  9.27490617e-11  2.81733199e-16  3.32384738e-19\n   8.76763585e-17  1.14925089e-16  4.97753435e-12 -1.41259787e-17\n   1.24723112e-16 -2.21409582e-10  1.05037359e-12 -4.83316400e-11\n  -7.28079823e-11 -6.94316206e-06  1.97043593e-11 -1.73976353e-10\n  -5.48843841e-17  8.29458706e-17  6.06252663e-17 -2.00857868e-11\n   1.25022311e-16 -5.58406801e-16 -5.04211714e-17 -5.17731307e-17\n   1.82050083e-13  2.19686966e-17 -1.50644713e-17  1.41004529e-16\n  -5.90982405e-12  7.22699398e-17 -1.94302130e-16 -8.15257822e-12\n   5.57991102e-17 -2.30664744e-16  3.62995882e-13 -8.96328175e-12\n   6.51367143e-17]\n [-4.95917630e-17  6.91756019e-11 -4.61331605e-19  2.27895272e-16\n   7.54359063e-17  5.92801451e-17  4.00126083e-12  2.03538378e-17\n   7.24878707e-17  1.05037359e-12 -1.69352826e-10 -4.42602258e-11\n  -3.87437488e-11 -5.58136343e-06 -2.83916191e-11 -1.01113371e-10\n  -1.55786758e-16 -5.86560806e-17 -4.97363914e-17  2.60630822e-13\n   2.21288839e-17 -1.32153019e-17 -9.95493952e-17 -2.98557969e-17\n  -1.71609041e-11  1.60029739e-17 -3.99050866e-16  5.20274382e-17\n  -6.08338761e-12 -3.31409775e-17 -1.07861242e-16 -4.21779521e-12\n   2.63862533e-17 -1.17188775e-16 -2.14937918e-12 -5.54307662e-12\n   7.99934778e-19]\n [ 2.14128914e-17 -2.98688920e-11  8.80622820e-17  7.50971007e-17\n   2.39612611e-16  1.96057725e-16 -1.23340836e-12  4.12910439e-17\n  -6.36563423e-17 -4.83316400e-11 -4.42602258e-11 -1.80425210e-10\n  -1.37485964e-10  1.72048407e-06 -5.75968966e-11  8.87943000e-11\n  -8.05302369e-17 -1.11402598e-17  3.47118877e-17 -5.94803042e-12\n   7.21920699e-17 -1.95201200e-16 -7.83738425e-17 -5.05025221e-18\n  -6.04984511e-12 -3.30726084e-17 -1.07071922e-16  2.91382529e-16\n  -1.78440555e-11  3.47373389e-17 -4.30204880e-16 -1.37930597e-11\n   1.06696490e-16 -4.01118181e-16 -2.98653986e-12  4.10243088e-12\n  -7.88480985e-17]\n [ 3.93967099e-17 -5.49546028e-11  1.15032878e-16  5.90388779e-17\n   1.96129019e-16  4.02472511e-16 -2.90073673e-12  1.13106824e-17\n  -7.50992049e-17 -7.28079823e-11 -3.87437488e-11 -1.37485964e-10\n  -2.89057505e-10  4.04624597e-06 -1.57773180e-11  1.04756213e-10\n  -7.74883669e-17  3.62440389e-17  5.99112097e-17 -8.16324856e-12\n   5.57773854e-17 -2.30915820e-16 -6.94358338e-18 -1.31878290e-16\n  -4.19390883e-12  2.64349539e-17 -1.16626692e-16  3.69918597e-16\n  -1.38001195e-11  1.06682061e-16 -4.01284260e-16 -3.00424278e-11\n   5.28479614e-17 -7.19484563e-16 -4.38226558e-13  5.30443691e-12\n  -4.39808567e-17]\n [-1.78259707e-11  2.48654705e-05  9.82273195e-12  8.41884434e-12\n  -2.41011761e-12 -5.87808560e-12  1.38672429e-06  9.02598741e-13\n   3.06230257e-11 -6.94316206e-06 -5.58136343e-06  1.72048407e-06\n   4.04624597e-06 -1.93434398e+00 -1.25903765e-06 -4.27160976e-05\n  -2.24174153e-12 -2.12388707e-12 -3.05510564e-12 -7.42078324e-07\n   8.50371917e-13 -1.74301907e-11 -4.68361839e-12 -1.13714037e-12\n  -6.93300181e-07 -4.47862374e-12 -1.17861541e-11 -9.72616030e-12\n   1.22863606e-07 -6.21562156e-12  8.16054706e-12  4.39271439e-07\n  -9.34110222e-13  1.06835433e-11 -2.67190796e-07 -2.27582302e-06\n   9.87221854e-12]\n [ 2.19375618e-17 -3.06007670e-11 -3.02553848e-17  4.24275639e-17\n   8.58265678e-17  2.36954896e-17  9.02599379e-13  2.41153475e-16\n  -1.86370031e-16  1.97043593e-11 -2.83916191e-11 -5.75968966e-11\n  -1.57773180e-11 -1.25903765e-06 -3.36385268e-10  2.59967794e-10\n   1.04859706e-17  4.86245033e-18  7.05748907e-18  8.50372139e-13\n  -1.37651967e-16  1.37242771e-16 -5.69315031e-17  1.17874131e-17\n  -4.47862407e-12 -1.18315959e-16  1.03724963e-18  6.78370390e-17\n  -6.21562103e-12  2.87769196e-17 -1.64015757e-16 -9.34110268e-13\n   8.24283300e-17 -9.17234056e-17 -1.85329478e-11  9.87221791e-12\n  -4.00618078e-16]\n [-4.21661571e-16  5.88176192e-10  2.46874411e-16  1.53224707e-16\n  -1.28452088e-16 -1.52489927e-16  3.06230248e-11 -1.86369992e-16\n   8.53941828e-16 -1.73976353e-10 -1.01113371e-10  8.87943000e-11\n   1.04756213e-10 -4.27160976e-05  2.59967794e-10 -1.19116463e-09\n  -5.95093923e-17 -5.16812212e-17 -7.44990992e-17 -1.74301895e-11\n   1.37242777e-16 -5.10173595e-16 -5.58369400e-17 -3.52405011e-17\n  -1.17861532e-11  1.03722893e-18 -2.67223843e-16 -2.76611736e-16\n   8.16054602e-12 -1.64015739e-16  3.25478616e-16  1.06835416e-11\n  -9.17234193e-17  3.19106496e-16  9.87221301e-12 -6.02149754e-11\n   5.64279134e-16]\n [-2.20187807e-23  3.07140456e-17  8.10726133e-23  2.31930968e-22\n   1.19386686e-22  1.15026082e-22  1.60709580e-18 -7.51735123e-24\n   4.26620895e-23 -5.48843841e-17 -1.55786758e-16 -8.05302369e-17\n  -7.74883669e-17 -2.24174153e-12  1.04859706e-17 -5.95093923e-17\n  -3.56953661e-22 -1.45310732e-22 -8.96384022e-23 -5.70860941e-18\n   4.38289217e-23 -1.65746320e-22 -6.77399223e-23 -1.35846453e-22\n  -1.61527554e-17  1.42516925e-22 -4.84881451e-22 -4.55018475e-24\n  -8.46179909e-18  5.84787069e-23 -2.39994006e-22 -8.59635459e-18\n   1.38909382e-23 -2.04683635e-22  3.37595965e-19 -2.99272994e-18\n   2.65480173e-23]\n [-2.05975261e-23  2.87315826e-17 -1.23702704e-22  8.65904114e-23\n   1.75198362e-23 -5.35316609e-23  1.52260367e-18 -3.48586566e-24\n   3.70499933e-23  8.29458706e-17 -5.86560806e-17 -1.11402598e-17\n   3.62440389e-17 -2.12388707e-12  4.86245033e-18 -5.16812212e-17\n  -1.45310732e-22 -1.73545022e-22 -1.01518848e-22  8.64878180e-18\n  -7.25871517e-23  2.56383322e-22  8.43012774e-24 -3.42465626e-23\n  -6.17415747e-18  3.87709078e-23 -1.71749818e-22 -1.37671512e-22\n  -1.73057881e-18 -3.77201650e-23 -6.43656708e-24  3.86021335e-18\n  -1.98526040e-23  1.03613074e-22  3.31454431e-20 -2.59211391e-18\n   1.99043457e-23]\n [-2.95624064e-23  4.12367057e-17 -9.04772750e-23  7.36632619e-23\n  -5.11604113e-23 -8.85760942e-23  2.19019209e-18 -5.05949197e-24\n   5.34080327e-23  6.06252663e-17 -4.97363914e-17  3.47118877e-17\n   5.99112097e-17 -3.05510564e-12  7.05748907e-18 -7.44990992e-17\n  -8.96384022e-23 -1.01518848e-22 -1.30421059e-22  6.40740718e-18\n  -4.53279641e-23  1.82684424e-22 -2.89378809e-23 -2.82367465e-23\n  -5.58105763e-18  1.46989113e-24 -1.26377796e-22 -2.44551037e-22\n   3.84724685e-18 -3.87566572e-24  8.95956006e-23  6.12525379e-18\n  -5.78924391e-23  1.87088362e-22  5.38680347e-20 -3.75209668e-18\n   2.84386328e-23]\n [-7.04188904e-18  9.82273158e-12  3.00128609e-17 -3.77674363e-19\n   8.76521346e-18  1.21046319e-17  5.31993834e-13 -6.09624594e-19\n   1.24956492e-17 -2.00857868e-11  2.60630822e-13 -5.94803042e-12\n  -8.16324856e-12 -7.42078324e-07  8.50372139e-13 -1.74301895e-11\n  -5.70860941e-18  8.64878180e-18  6.40740718e-18 -2.18249309e-12\n   9.60672809e-18 -5.72150277e-17 -5.04534988e-18 -6.03132246e-18\n   5.45686080e-14  2.57153625e-18 -1.00066799e-18  1.45153654e-17\n  -5.93628034e-13  6.88371621e-18 -1.92213596e-17 -8.72752552e-13\n   4.50557282e-18 -2.34409502e-17 -3.21978586e-14 -8.97588325e-13\n   5.66488128e-18]\n [ 2.16899457e-23 -3.02553775e-17 -1.84967353e-22 -3.28510050e-23\n  -1.07473411e-22 -8.29133774e-23 -6.09625112e-19  9.86823156e-23\n  -9.83888510e-23  1.25022311e-16  2.21288839e-17  7.21920699e-17\n   5.57773854e-17  8.50371917e-13 -1.37651967e-16  1.37242777e-16\n   4.38289217e-23 -7.25871517e-23 -4.53279641e-23  9.60672809e-18\n  -4.25416793e-22  5.81019342e-22  6.34245367e-23 -1.47373402e-23\n   2.57153789e-18  7.21474618e-24  5.14506076e-23 -1.33649027e-22\n   6.88371654e-18 -1.23210853e-22  2.60291659e-22  4.50557461e-18\n  -1.71872267e-22  2.48758591e-22 -7.44236641e-18  5.66488453e-18\n  -1.72131320e-22]\n [-1.76983496e-22  2.46874425e-16  8.32200467e-22  1.99081446e-23\n   2.88864453e-22  3.42687987e-22  1.24956503e-17 -9.83888899e-23\n   3.65742033e-22 -5.58406801e-16 -1.32153019e-17 -1.95201200e-16\n  -2.30915820e-16 -1.74301907e-11  1.37242771e-16 -5.10173595e-16\n  -1.65746320e-22  2.56383322e-22  1.82684424e-22 -5.72150277e-17\n   5.81019342e-22 -1.78276532e-21 -1.67615636e-22 -1.22557336e-22\n  -1.00066749e-18  5.14506102e-23 -6.70086729e-23  4.40398006e-22\n  -1.92213586e-17  2.60291636e-22 -6.54585710e-22 -2.34409493e-17\n   2.48758586e-22 -7.39378697e-22  5.66488567e-18 -2.50917159e-17\n   2.74786718e-22]\n [-3.87383814e-23  5.40361542e-17  7.51358251e-23  1.47687798e-22\n   1.16336013e-22  1.02902159e-23  3.35767386e-18  4.08140007e-23\n   4.00293798e-23 -5.04211714e-17 -9.95493952e-17 -7.83738425e-17\n  -6.94358338e-18 -4.68361839e-12 -5.69315031e-17 -5.58369400e-17\n  -6.77399223e-23  8.43012774e-24 -2.89378809e-23 -5.04534988e-18\n   6.34245367e-23 -1.67615636e-22 -1.70598202e-22  4.76120592e-23\n  -1.19858434e-17 -7.30990927e-23 -2.05885689e-22  8.86518533e-23\n  -9.30434493e-18 -4.31324542e-23 -1.71714310e-22 -1.47372397e-19\n   6.12922402e-23 -5.60664374e-23 -3.63128181e-18 -3.40405637e-18\n  -3.78799167e-23]\n [-1.21587948e-23  1.69602884e-17  7.73447512e-23  4.40581053e-23\n   7.43793744e-24  1.95395216e-22  8.15213489e-19 -8.45038171e-24\n   2.52638632e-23 -5.17731307e-17 -2.98557969e-17 -5.05025221e-18\n  -1.31878290e-16 -1.13714037e-12  1.17874131e-17 -3.52405011e-17\n  -1.35846453e-22 -3.42465626e-23 -2.82367465e-23 -6.03132246e-18\n  -1.47373402e-23 -1.22557336e-22  4.76120592e-23 -2.07890483e-22\n  -2.18741054e-18  1.09757932e-22 -1.43203192e-22  3.92087712e-25\n   3.53506792e-19  8.83804258e-23 -6.81048476e-23 -1.55212417e-17\n  -6.24949931e-23 -2.94555565e-22  5.12173367e-19 -1.63591423e-18\n   2.25883413e-23]\n [-6.03544083e-18  8.41884362e-12 -3.77673739e-19  2.56395378e-17\n   8.96233538e-18  6.24828465e-18  4.97024478e-13  3.21070813e-18\n   8.44945648e-18  1.82050083e-13 -1.71609041e-11 -6.04984511e-12\n  -4.19390883e-12 -6.93300181e-07 -4.47862407e-12 -1.17861532e-11\n  -1.61527554e-17 -6.17415747e-18 -5.58105763e-18  5.45686080e-14\n   2.57153789e-18 -1.00066749e-18 -1.19858434e-17 -2.18741054e-18\n  -1.97494246e-12 -2.06798577e-18 -4.25670199e-17  6.36518255e-18\n  -7.33320953e-13 -5.10369780e-18 -1.20408602e-17 -4.51574775e-13\n   2.03977081e-18 -1.18512519e-17 -3.17951774e-13 -6.65040341e-13\n  -1.16517722e-18]\n [-3.04161391e-23  4.24275710e-17 -3.28510061e-23 -2.32991699e-23\n   4.90238701e-23 -