{'theta_hat': '[-1.65477402e-11  2.30824635e-05  1.06468403e-11  4.34793688e-12\n -7.84581376e-12 -6.76632156e-12  1.09216583e-06 -1.58642117e-11\n  3.81292618e-11 -7.16958634e-06 -2.92790128e-06  5.28337514e-06\n  4.55644713e-06 -1.52346349e+00  2.21290086e-05 -5.31865528e-05\n -2.65119231e-12 -2.25406682e-12 -3.21940207e-12 -7.02701138e-07\n  1.02070572e-11 -2.45324238e-11 -3.38871269e-13 -1.91983004e-12\n -2.86967788e-07  4.16833876e-12 -1.00185060e-11 -1.32358592e-11\n  5.17830846e-07 -7.52173107e-12  1.80783048e-11  4.46583363e-07\n -6.48682858e-12  1.55909407e-11  1.04705237e-06 -2.51656610e-06\n  3.65542787e-11]', 'theta_bar': '[ 3.91844135e-13  7.65217560e-06  4.47198272e-20  3.02143613e-20\n -1.17803000e-20  1.23714539e-20 -2.58620689e-08  3.75658448e-13\n -9.02886333e-13  8.73316362e-13  5.90044780e-13 -2.30052971e-13\n  2.41597397e-13 -5.05050505e-01  7.33609128e-06 -1.76321220e-05\n  3.44826123e-27 -1.34444510e-27  1.41191150e-27 -2.95154919e-15\n  4.28726073e-20 -1.03043309e-19 -9.08356687e-28  9.53939363e-28\n -1.99417544e-15  2.89663154e-20 -6.96198664e-20 -3.71932137e-28\n  7.77510472e-16 -1.12936974e-20  2.71441387e-20 -8.16527194e-16\n  1.18604323e-20 -2.85062745e-20 -2.47937984e-08  5.95913208e-08\n -8.65591312e-13]', 'grad_op_sum': '[[ 3.61317823e-22 -5.04002683e-16 -2.32472416e-22 -9.49366543e-23\n   1.71312355e-22  1.47741779e-22 -2.38473034e-17  3.46393064e-22\n  -8.32547629e-22  1.56547015e-16  6.39303557e-17 -1.15361831e-16\n  -9.94894493e-17  3.32646334e-11 -4.83184115e-16  1.16132168e-15\n   5.78884502e-23  4.92172652e-23  7.02952387e-23  1.53433909e-17\n  -2.22869808e-22  5.35662383e-22  7.39921147e-24  4.19192472e-23\n   6.26590551e-18 -9.10151519e-23  2.18752816e-22  2.89003319e-22\n  -1.13067713e-17  1.64236051e-22 -3.94737509e-22 -9.75109150e-18\n   1.41639085e-22 -3.40426227e-22 -2.28622567e-17  5.49489040e-17\n  -7.98158072e-22]\n [-5.04002683e-16  7.03033972e-10  3.24276064e-16  1.32427258e-16\n  -2.38963819e-16 -2.06085193e-16  3.32646333e-11 -4.83184119e-16\n   1.16132173e-15 -2.18367627e-10 -8.91765331e-11  1.60918362e-10\n   1.38777957e-10 -4.64008787e-05  6.73994127e-10 -1.61992907e-09\n  -8.07486716e-17 -6.86532248e-17 -9.80549164e-17 -2.14025151e-11\n   3.10881374e-16 -7.47196128e-16 -1.03211693e-17 -5.84732104e-17\n  -8.74031943e-12  1.26957149e-16 -3.05138576e-16 -4.03131091e-16\n   1.57718295e-11 -2.29093072e-16  5.50619845e-16  1.36018097e-11\n  -1.97572537e-16  4.74860969e-16  3.18905904e-11 -7.66482949e-11\n   1.11335169e-15]\n [-2.32472416e-22  3.24276064e-16  1.49573093e-22  6.10823823e-23\n  -1.10222620e-22 -9.50572770e-23  1.53433899e-17 -2.22869805e-22\n   5.35662363e-22 -1.00722578e-16 -4.11328845e-17  7.42239709e-17\n   6.40116573e-17 -2.14025138e-11  3.10881367e-16 -7.47196070e-16\n  -3.72455136e-23 -3.16664605e-23 -4.52280595e-23 -9.87196014e-18\n   1.43394761e-22 -3.44645962e-22 -4.76066349e-24 -2.69709050e-23\n  -4.03149278e-18  5.85592820e-23 -1.40745882e-22 -1.85945159e-22\n   7.27479322e-18 -1.05669715e-22  2.53974691e-22  6.27386654e-18\n  -9.11307947e-23  2.19030733e-22  1.47096094e-17 -3.53542052e-17\n   5.13536072e-22]\n [-9.49366543e-23  1.32427258e-16  6.10823823e-23  2.49447101e-23\n  -4.50125093e-23 -3.88193146e-23  6.26590512e-18 -9.10151577e-23\n   2.18752803e-22 -4.11328998e-17 -1.67977711e-17  3.03114476e-17\n   2.61409619e-17 -8.74031890e-12  1.26957156e-16 -3.05138546e-16\n  -1.52102538e-23 -1.29318904e-23 -1.84701511e-23 -4.03149278e-18\n   5.85592865e-23 -1.40745879e-22 -1.94415093e-24 -1.10143282e-23\n  -1.64637355e-18  2.39143310e-23 -5.74775423e-23 -7.59359391e-23\n   2.97086657e-18 -4.31532025e-23  1.03717713e-22  2.56210999e-18\n  -3.72158250e-23  8.94473645e-23  6.00708302e-18 -1.44378848e-17\n   2.09716909e-22]\n [ 1.71312355e-22 -2.38963819e-16 -1.10222620e-22 -4.50125093e-23\n   8.12246761e-23  7.00491108e-23 -1.13067705e-17  1.64236049e-22\n  -3.94737504e-22  7.42239551e-17  3.03114298e-17 -5.46967399e-17\n  -4.71711353e-17  1.57718284e-11 -2.29093069e-16  5.50619815e-16\n   2.74467689e-23  2.33354822e-23  3.33292248e-23  7.27479317e-18\n  -1.05669716e-22  2.53974697e-22  3.50820321e-24  1.98752581e-23\n   2.97086655e-18 -4.31531994e-23  1.03717718e-22  1.37025733e-22\n  -5.36090252e-18  7.78695733e-23 -1.87157699e-22 -4.62330488e-18\n   6.71556280e-23 -1.61406980e-22 -1.08397283e-17  2.60530358e-17\n  -3.78432313e-22]\n [ 1.47741779e-22 -2.06085193e-16 -9.50572770e-23 -3.88193146e-23\n   7.00491108e-23  6.04111725e-23 -9.75109117e-18  1.41639090e-22\n  -3.40426240e-22  6.40116070e-17  2.61409316e-17 -4.71711083e-17\n  -4.06809388e-17  1.36018093e-11 -1.97572543e-16  4.74860969e-16\n   2.36704145e-23  2.01247928e-23  2.87435133e-23  6.27386672e-18\n  -9.11307992e-23  2.19030750e-22  3.02551549e-24  1.71406551e-23\n   2.56211006e-18 -3.72158240e-23  8.94473734e-23  1.18172595e-22\n  -4.62330504e-18  6.71556309e-23 -1.61406989e-22 -3.98719221e-18\n   5.79157991e-23 -1.39199268e-22 -9.34830850e-18  2.24684428e-17\n  -3.26364453e-22]\n [-2.38473034e-17  3.32646333e-11  1.53433899e-17  6.26590512e-18\n  -1.13067705e-17 -9.75109117e-18  1.57394361e-12 -2.28622558e-17\n   5.49488972e-17 -1.03322447e-11 -4.21946135e-12  7.61398527e-12\n   6.56639371e-12 -2.19549591e-06  3.18905890e-11 -7.66482823e-11\n  -3.82069012e-18 -3.24838406e-18 -4.63954939e-18 -1.01267769e-12\n   1.47096091e-17 -3.53542022e-17 -4.88354656e-19 -2.76670826e-18\n  -4.13555436e-13  6.00708242e-18 -1.44378839e-17 -1.90744807e-17\n   7.46257143e-13 -1.08397280e-17  2.60530329e-17  6.43580866e-13\n  -9.34830783e-18  2.24684391e-17  1.50892964e-12 -3.62667740e-12\n   5.26791553e-17]\n [ 3.46393064e-22 -4.83184119e-16 -2.22869805e-22 -9.10151577e-23\n   1.64236049e-22  1.41639090e-22 -2.28622558e-17  3.32084795e-22\n  -7.98158038e-22  1.50080613e-16  6.12896194e-17 -1.10596643e-16\n  -9.53798928e-17  3.18905893e-11 -4.63225493e-16  1.11335160e-15\n   5.54972836e-23  4.71842745e-23  6.73915916e-23  1.47096098e-17\n  -2.13663846e-22  5.13536069e-22  7.09357628e-24  4.01877117e-23\n   6.00708317e-18 -8.72556387e-23  2.09716913e-22  2.77065617e-22\n  -1.08397287e-17  1.57452042e-22 -3.78432302e-22 -9.34830848e-18\n   1.35788477e-22 -3.26364426e-22 -2.19178979e-17  5.26791596e-17\n  -7.65188992e-22]\n [-8.32547629e-22  1.16132173e-15  5.35662363e-22  2.18752803e-22\n  -3.94737504e-22 -3.40426240e-22  5.49488972e-17 -7.98158038e-22\n   1.91835418e-21 -3.60715242e-16 -1.47308167e-16  2.65816444e-16\n   2.29243342e-16 -7.66482855e-11  1.11335164e-15 -2.67591453e-15\n  -1.33386423e-22 -1.13406300e-22 -1.61974114e-22 -3.53542031e-17\n   5.13536058e-22 -1.23427193e-21 -1.70492447e-23 -9.65902253e-23\n  -1.44378839e-17  2.09716887e-22 -5.04049695e-22 -6.65920730e-22\n   2.60530344e-17 -3.78432300e-22  9.09553187e-22  2.24684408e-17\n  -3.26364428e-22  7.84409266e-22  5.26791550e-17 -1.26613128e-16\n   1.83911385e-21]\n [ 1.56547015e-16 -2.18367627e-10 -1.00722578e-16 -4.11328998e-17\n   7.42239551e-17  6.40116070e-17 -1.03322447e-11  1.50080613e-16\n  -3.60715242e-16  6.78266232e-11  2.76989003e-11 -4.99824506e-11\n  -4.31054747e-11  1.44124611e-05 -2.09347633e-10  5.03162122e-10\n   2.50811432e-17  2.13242067e-17  3.04565927e-17  6.64778177e-12\n  -9.65620872e-17  2.32084724e-16  3.20583263e-18  1.81622179e-17\n   2.71480879e-12 -3.94338431e-17  9.47783312e-17  1.25215542e-16\n  -4.89884856e-12  7.11580271e-17 -1.71026655e-16 -4.22482415e-12\n   6.13675123e-17 -1.47495380e-16 -9.90545665e-12  2.38075355e-11\n  -3.45815389e-16]\n [ 6.39303557e-17 -8.91765331e-11 -4.11328845e-17 -1.67977711e-17\n   3.03114298e-17  2.61409316e-17 -4.21946135e-12  6.12896194e-17\n  -1.47308167e-16  2.76989003e-11  1.13116213e-11 -2.04117329e-11\n  -1.76033273e-11  5.88573192e-06 -8.54929661e-11  2.05480338e-10\n   1.02425869e-17  8.70833675e-18  1.24378022e-17  2.71480778e-12\n  -3.94338314e-17  9.47782937e-17  1.30919150e-18  7.41705008e-18\n   1.10866817e-12 -1.61039137e-17  3.87053847e-17  5.11352716e-17\n  -2.00058194e-12  2.90593723e-17 -6.98435222e-17 -1.72532521e-12\n   2.50611415e-17 -6.02338673e-17 -4.04517051e-12  9.72247356e-12\n  -1.41223395e-16]\n [-1.15361831e-16  1.60918362e-10  7.42239709e-17  3.03114476e-17\n  -5.46967399e-17 -4.71711083e-17  7.61398527e-12 -1.10596643e-16\n   2.65816444e-16 -4.99824506e-11 -2.04117329e-11  3.68328136e-11\n   3.17650675e-11 -1.06207576e-05  1.54271394e-10 -3.70787675e-10\n  -1.84826687e-17 -1.57141261e-17 -2.24439176e-17 -4.89884957e-12\n   7.11580428e-17 -1.71026696e-16 -2.36242590e-18 -1.33840093e-17\n  -2.00058310e-12  2.90593873e-17 -6.98435664e-17 -9.22732008e-17\n   3.61003460e-12 -5.24374119e-17  1.26032094e-16  3.11333595e-12\n  -4.52226354e-17  1.08691546e-16  7.29947880e-12 -1.75441281e-11\n   2.54836520e-16]\n [-9.94894493e-17  1.38777957e-10  6.40116573e-17  2.61409619e-17\n  -4.71711353e-17 -4.06809388e-17  6.56639371e-12 -9.53798928e-17\n   2.29243342e-16 -4.31054747e-11 -1.76033273e-11  3.17650675e-11\n   2.73945814e-11 -9.15947081e-06  1.33045531e-10 -3.19771811e-10\n  -1.59396788e-17 -1.35520539e-17 -1.93559081e-17 -4.22482759e-12\n   6.13675636e-17 -1.47495507e-16 -2.03738490e-18 -1.15425328e-17\n  -1.72532726e-12  2.50611699e-17 -6.02339431e-17 -7.95775333e-17\n   3.11333784e-12 -4.52226633e-17  1.08691614e-16  2.68497888e-12\n  -3.90005521e-17  9.37369144e-17  6.29515950e-12 -1.51302699e-11\n   2.19774121e-16]\n [ 3.32646334e-11 -4.64008787e-05 -2.14025138e-11 -8.74031890e-12\n   1.57718284e-11  1.36018093e-11 -2.19549591e-06  3.18905893e-11\n  -7.66482855e-11  1.44124611e-05  5.88573192e-06 -1.06207576e-05\n  -9.15947081e-06  3.06250000e+00 -4.44842226e-05  1.06916785e-04\n   5.32948543e-12  4.53117499e-12  6.47171325e-12  1.41258537e-06\n  -2.05184521e-11  4.93156209e-11  6.81206520e-13  3.85928482e-12\n   5.76868995e-07 -8.37928679e-12  2.01394223e-11  2.66070170e-11\n  -1.04095502e-06  1.51203502e-11 -3.63414083e-11 -8.97731756e-07\n   1.30399663e-11 -3.13412539e-11 -2.10480784e-06  5.05885685e-06\n  -7.34822197e-11]\n [-4.83184115e-16  6.73994127e-10  3.10881367e-16  1.26957156e-16\n  -2.29093069e-16 -1.97572543e-16  3.18905890e-11 -4.63225493e-16\n   1.11335164e-15 -2.09347633e-10 -8.54929661e-11  1.54271394e-10\n   1.33045531e-10 -4.44842226e-05  6.46153815e-10 -1.55301553e-09\n  -7.74132297e-17 -6.58174031e-17 -9.40046148e-17 -2.05184529e-11\n   2.98039964e-16 -7.16332101e-16 -9.89483836e-18 -5.60578890e-17\n  -8.37928777e-12  1.21712999e-16 -2.92534382e-16 -3.86479173e-16\n   1.51203510e-11 -2.19630048e-16  5.27875688e-16  1.30399671e-11\n  -1.89411515e-16  4.55246143e-16  3.05733030e-11 -7.34822250e-11\n   1.06736307e-15]\n [ 1.16132168e-15 -1.61992907e-09 -7.47196070e-16 -3.05138546e-16\n   5.50619815e-16  4.74860969e-16 -7.66482823e-11  1.11335160e-15\n  -2.67591453e-15  5.03162122e-10  2.05480338e-10 -3.70787675e-10\n  -3.19771811e-10  1.06916785e-04 -1.55301553e-09  3.73263638e-09\n   1.86060881e-16  1.58190584e-16  2.25937885e-16  4.93156201e-11\n  -7.16332060e-16  1.72168739e-15  2.37820118e-17  1.34733821e-16\n   2.01394215e-11 -2.92534336e-16  7.03099521e-16  9.28893621e-16\n  -3.63414087e-11  5.27875667e-16 -1.26873683e-15 -3.13412549e-11\n   4.55246130e-16 -1.09417342e-15 -7.34822161e-11  1.76612803e-10\n  -2.56538210e-15]\n [ 5.78884502e-23 -8.07486716e-17 -3.72455136e-23 -1.52102538e-23\n   2.74467689e-23  2.36704145e-23 -3.82069012e-18  5.54972836e-23\n  -1.33386423e-22  2.50811432e-17  1.02425869e-17 -1.84826687e-17\n  -1.59396788e-17  5.32948543e-12 -7.74132297e-17  1.86060881e-16\n   9.27458447e-24  7.88533261e-24  1.12623352e-23  2.45823777e-18\n  -3.57070340e-23  8.58210231e-23  1.18546293e-24  6.71608236e-24\n   1.00389058e-18 -1.45819712e-23  3.50474311e-23  4.63025990e-23\n  -1.81151171e-18  2.63130403e-23 -6.32427774e-23 -1.56226884e-18\n   2.26926728e-23 -5.45413081e-23 -3.66287109e-18  8.80362576e-18\n  -1.27876708e-22]\n [ 4.92172652e-23 -6.86532248e-17 -3.16664605e-23 -1.29318904e-23\n   2.33354822e-23  2.01247928e-23 -3.24838406e-18  4.71842745e-23\n  -1.13406300e-22  2.13242067e-17  8.70833675e-18 -1.57141261e-17\n  -1.35520539e-17  4.53117499e-12 -6.58174031e-17  1.58190584e-16\n   7.88533261e-24  6.70417855e-24  9.57533559e-24  2.09001519e-18\n  -3.03584317e-23  7.29657823e-23  1.00789092e-24  5.71007180e-24\n   8.53516527e-19 -1.23977191e-23  2.97976316e-23  3.93668735e-23\n  -1.54016306e-18  2.23715764e-23 -5.37695609e-23 -1.32825459e-18\n   1.92935083e-23 -4.63714958e-23 -3.11420494e-18  7.48491940e-18\n  -1.08721893e-22]\n [ 7.02952387e-23 -9.80549164e-17 -4.52280595e-23 -1.84701511e-23\n   3.33292248e-23  2.87435133e-23 -4.63954939e-18  6.73915916e-23\n  -1.61974114e-22  3.04565927e-17  1.24378022e-17 -2.24439176e-17\n  -1.93559081e-17  6.47171325e-12 -9.40046148e-17  2.25937885e-16\n   1.12623352e-23  9.57533559e-24  1.36761053e-23  2.98509305e-18\n  -4.33598493e-23  1.04214386e-22  1.43953413e-24  8.15548890e-24\n   1.21904677e-18 -1.77072135e-23  4.25588788e-23  5.62262807e-23\n  -2.19975916e-18  3.19525129e-23 -7.67971179e-23 -1.89709796e-18\n   2.75562197e-23 -6.62307292e-23 -4.44790621e-18  1.06904395e-17\n  -1.55283545e-22]\n [ 1.53433909e-17 -2.14025151e-11 -9.87196014e-18 -4.03149278e-18\n   7.27479317e-18  6.27386672e-18 -1.01267769e-12  1.47096098e-17\n  -3.53542031e-17  6.64778177e-12  2.71480778e-12 -4.89884957e-12\n  -4.22482759e-12  1.41258537e-06 -2.05184529e-11  4.93156201e-11\n   2.45823777e-18  2.09001519e-18  2.98509305e-18  6.51558346e-13\n  -9.46418460e-18  2.27469469e-17  3.14208120e-19  1.78010426e-18\n   2.66082189e-13 -3.86496586e-18  9.28935619e-18  1.22725496e-17\n  -4.80142968e-13  6.97429731e-18 -1.67625606e-17 -4.14080897e-13\n   6.01471532e-18 -1.44562275e-17 -9.70847596e-13  2.33340969e-12\n  -3.38938477e-17]\n [-2.22869808e-22  3.10881374e-16  1.43394761e-22  5.85592865e-23\n  -1.05669716e-22 -9.11307992e-23  1.47096091e-17 -2.13663846e-22\n   5.13536058e-22 -9.65620872e-17 -3.94338314e-17  7.11580428e-17\n   6.13675636e-17 -2.05184521e-11  2.98039964e-16 -7.16332060e-16\n  -3.57070340e-23 -3.03584317e-23 -4.33598493e-23 -9.46418460e-18\n   1.37471634e-22 -3.30409864e-22 -4.56401743e-24 -2.58568329e-23\n  -3.86496616e-18  5.61404065e-23 -1.34932171e-22 -1.78264426e-22\n   6.97429740e-18 -1.01304876e-22  2.43483901e-22  6.01471545e-18\n  -8.73665059e-23  2.09983353e-22  1.41020078e-17 -3.38938489e-17\n   4.92323725e-22]\n [ 5.35662383e-22 -7.47196128e-16 -3.44645962e-22 -1.40745879e-22\n   2.53974697e-22  2.19030750e-22 -3.53542022e-17  5.13536069e-22\n  -1.23427193e-21  2.32084724e-16  9.47782937e-17 -1.71026696e-16\n  -1.47495507e-16  4.93156209e-11 -7.16332101e-16  1.72168739e-15\n   8.58210231e-23  7.29657823e-23  1.04214386e-22  2.27469469e-17\n  -3.30409864e-22  7.94132398e-22  1.09695094e-23  6.21462947e-23\n   9.28935598e-18 -1.34932157e-22  3.24306324e-22  4.28454388e-22\n  -1.67625611e-17  2.43483905e-22 -5.85207874e-22 -1.44562282e-17\n   2.09983358e-22 -5.04690089e-22 -3.38938467e-17  8.14630749e-17\n  -1.18328859e-21]\n [ 7.39921147e-24 -1.03211693e-17 -4.76066349e-24 -1.94415093e-24\n   3.50820321e-24  3.02551549e-24 -4.88354656e-19  7.09357628e-24\n  -1.70492447e-23  3.20583263e-18  1.30919150e-18 -2.36242590e-18\n  -2.03738490e-18  6.81206520e-13 -9.89483836e-18  2.37820118e-17\n   1.18546293e-24  1.00789092e-24  1.43953413e-24  3.14208120e-19\n  -4.56401743e-24  1.09695094e-23  1.51524024e-25  8.58439179e-25\n   1.28315729e-19 -1.86384483e-24  4.47970801e-24  5.91832603e-24\n  -2.31544604e-19  3.36329180e-24 -8.08359323e-24 -1.99686768e-19\n   2.90054206e-24 -6.97138498e-24 -4.68182473e-19  1.12526572e-18\n  -1.63450015e-23]\n [ 4.19192472e-23 -5.84732104e-17 -2.69709050e-23 -1.10143282e-23\n   1.98752581e-23  1.71406551e-23 -2.76670826e-18  4.01877117e-23\n  -9.65902253e-23  1.81622179e-17  7.41705008e-18 -1.33840093e-17\n  -1.15425328e-17  3.85928482e-12 -5.60578890e-17  1.34733821e-16\n   6.71608236e-24  5.71007180e-24  8.15548890e-24  1.78010426e-18\n  -2.58568329e-23  6.21462947e-23  8.58439179e-25  4.86337285e-24\n   7.26955676e-19 -1.05593647e-23  2.53791892e-23  3.35294880e-23\n  -1.31178512e-18  1.90542818e-23 -4.57965209e-23 -1.13129879e-18\n   1.64326348e-23 -3.94954532e-23 -2.65242545e-18  6.37504309e-18\n  -9.26004295e-23]\n [ 6.26590551e-18 -8.74031943e-12 -4.03149278e-18 -1.64637355e-18\n   2.97086655e-18  2.56211006e-18 -4.13555436e-13  6.00708317e-18\n  -1.44378839e-17  2.71480879e-12  1.10866817e-12 -2.00058310e-12\n  -1.72532726e-12  5.76868995e-07 -8.37928777e-12  2.01394215e-11\n   1.00389058e-18  8.53516527e-19  1.21904677e-18  2.66082189e-13\n  -3.86496616e-18  9.28935598e-18  1.28315729e-19  7.26955676e-19\n   1.08662151e-13 -1.57836759e-18  3.79357006e-18  5.01184103e-18\n  -1.96079895e-13  2.84815060e-18 -6.84546340e-18 -1.69101589e-13\n   2.45627829e-18 -5.90360739e-18 -3.96472941e-13  9.52913525e-13\n  -1.38415067e-17]\n [-9.10151519e-23  1.26957149e-16  5.85592820e-23  2.39143310e-23\n  -4.31531994e-23 -3.72158240e-23  6.00708242e-18 -8.72556387e-23\n   2.09716887e-22 -3.94338431e-17 -1.61039137e-17  2.90593873e-17\n   2.50611699e-17 -8.37928679e-12  1.21712999e-16 -2.92534336e-16\n  -1.45819712e-23 -1.23977191e-23 -1.77072135e-23 -3.86496586e-18\n   5.61404065e-23 -1.34932157e-22 -1.86384483e-24 -1.05593647e-23\n  -1.57836759e-18  2.29265133e-23 -5.51033454e-23 -7.27992901e-23\n   2.84815042e-18 -4.13706941e-23  9.94334962e-23  2.45627815e-18\n  -3.56785689e-23  8.57526056e-23  5.75895135e-18 -1.38415061e-17\n   2.01054234e-22]\n [ 2.18752816e-22 -3.05138576e-16 -1.40745882e-22 -5.74775423e-23\n   1.03717718e-22  8.94473734e-23 -1.44378839e-17  2.09716913e-22\n  -5.04049695e-22  9.47783312e-17  3.87053847e-17 -6.98435664e-17\n  -6.02339431e-17  2.01394223e-11 -2.92534382e-16  7.03099521e-16\n   3.50474311e-23  2.97976316e-23  4.25588788e-23  9.28935619e-18\n  -1.34932171e-22  3.24306324e-22  4.47970801e-24  2.53791892e-23\n   3.79357006e-18 -5.51033454e-23  1.32439618e-22  1.74971413e-22\n  -6.84546377e-18  9.94335078e-23 -2.38986112e-22 -5.90360782e-18\n   8.57526165e-23 -2.06104407e-22 -1.38415066e-17  3.32677402e-17\n  -4.83229209e-22]\n [ 2.89003319e-22 -4.03131091e-16 -1.85945159e-22 -7.59359391e-23\n   1.37025733e-22  1.18172595e-22 -1.90744807e-17  2.77065617e-22\n  -6.65920730e-22  1.25215542e-16  5.11352716e-17 -9.22732008e-17\n  -7.95775333e-17  2.66070170e-11 -3.86479173e-16  9.28893621e-16\n   4.63025990e-23  3.93668735e-23  5.62262807e-23  1.22725496e-17\n  -1.78264426e-22  4.28454388e-22  5.91832603e-24  3.35294880e-23\n   5.01184103e-18 -7.27992901e-23  1.74971413e-22  2.31161911e-22\n  -9.04382301e-18  1.31365686e-22 -3.15734357e-22 -7.79949848e-18\n   1.13291300e-22 -2.72292988e-22 -1.82865822e-17  4.39513764e-17\n  -6.38413933e-22]\n [-1.13067713e-17  1.57718295e-11  7.27479322e-18  2.97086657e-18\n  -5.36090252e-18 -4.62330504e-18  7.46257143e-13 -1.08397287e-17\n   2.60530344e-17 -4.89884856e-12 -2.00058194e-12  3.61003460e-12\n   3.11333784e-12 -1.04095502e-06  1.51203510e-11 -3.63414087e-11\n  -1.81151171e-18 -1.54016306e-18 -2.19975916e-18 -4.80142968e-13\n   6.97429740e-18 -1.67625611e-17 -2.31544604e-19 -1.31178512e-18\n  -1.96079895e-13  2.84815042e-18 -6.84546377e-18 -9.04382301e-18\n   3.53824444e-13 -5.13946268e-18  1.23525784e-17  3.05142328e-13\n  -4.43233254e-18  1.06530076e-17  7.15431932e-13 -1.71952407e-12\n   2.49768770e-17]\n [ 1.64236051e-22 -2.29093072e-16 -1.05669715e-22 -4.31532025e-23\n   7.78695733e-23  6.71556309e-23 -1.08397280e-17  1.57452042e-22\n  -3.78432300e-22  7.11580271e-17  2.90593723e-17 -5.24374119e-17\n  -4.52226633e-17  1.51203502e-11 -2.19630048e-16  5.27875667e-16\n   2.63130403e-23  2.23715764e-23  3.19525129e-23  6.97429731e-18\n  -1.01304876e-22  2.43483905e-22  3.36329180e-24  1.90542818e-23\n   2.84815060e-18 -4.13706941e-23  9.94335078e-23  1.31365686e-22\n  -5.13946268e-18  7.46530579e-23 -1.79426880e-22 -4.43233258e-18\n   6.43816676e-23 -1.54739832e-22 -1.03919777e-17  2.49768774e-17\n  -3.62800619e-22]\n [-3.94737509e-22  5.50619845e-16  2.53974691e-22  1.03717713e-22\n  -1.87157699e-22 -1.61406989e-22  2.60530329e-17 -3.78432302e-22\n   9.09553187e-22 -1.71026655e-16 -6.98435222e-17  1.26032094e-16\n   1.08691614e-16 -3.63414083e-11  5.27875688e-16 -1.26873683e-15\n  -6.32427774e-23 -5.37695609e-23 -7.67971179e-23 -1.67625606e-17\n   2.43483901e-22 -5.85207874e-22 -8.08359323e-24 -4.57965209e-23\n  -6.84546340e-18  9.94334962e-23 -2.38986112e-22 -3.15734357e-22\n   1.23525784e-17 -1.79426880e-22  4.31248312e-22  1.06530078e-17\n  -1.54739833e-22  3.71913568e-22  2.49768754e-17 -6.00313411e-17\n   8.71982807e-22]\n [-9.75109150e-18  1.36018097e-11  6.27386654e-18  2.56210999e-18\n  -4.62330488e-18 -3.98719221e-18  6.43580866e-13 -9.34830848e-18\n   2.24684408e-17 -4.22482415e-12 -1.72532521e-12  3.11333595e-12\n   2.68497888e-12 -8.97731756e-07  1.30399671e-11 -3.13412549e-11\n  -1.56226884e-18 -1.32825459e-18 -1.89709796e-18 -4.14080897e-13\n   6.01471545e-18 -1.44562282e-17 -1.99686768e-19 -1.13129879e-18\n  -1.69101589e-13  2.45627815e-18 -5.90360782e-18 -7.79949848e-18\n   3.05142328e-13 -4.43233258e-18  1.06530078e-17  2.63158304e-13\n  -3.82249530e-18  9.18727800e-18  6.16996844e-13 -1.48293761e-12\n   2.15403501e-17]\n [ 1.41639085e-22 -1.97572537e-16 -9.11307947e-23 -3.72158250e-23\n   6.71556280e-23  5.79157991e-23 -9.34830783e-18  1.35788477e-22\n  -3.26364428e-22  6.13675123e-17  2.50611415e-17 -4.52226354e-17\n  -3.90005521e-17  1.30399663e-11 -1.89411515e-16  4.55246130e-16\n   2.26926728e-23  1.92935083e-23  2.75562197e-23  6.01471532e-18\n  -8.73665059e-23  2.09983358e-22  2.90054206e-24  1.64326348e-23\n   2.45627829e-18 -3.56785689e-23  8.57526165e-23  1.13291300e-22\n  -4.43233254e-18  6.43816676e-23 -1.54739833e-22 -3.82249530e-18\n   5.55235008e-23 -1.33449435e-22 -8.96216270e-18  2.15403503e-17\n  -3.12883484e-22]\n [-3.40426227e-22  4.74860969e-16  2.19030733e-22  8.94473645e-23\n  -1.61406980e-22 -1.39199268e-22  2.24684391e-17 -3.26364426e-22\n   7.84409266e-22 -1.47495380e-16 -6.02338673e-17  1.08691546e-16\n   9.37369144e-17 -3.13412539e-11  4.55246143e-16 -1.09417342e-15\n  -5.45413081e-23 -4.63714958e-23 -6.62307292e-23 -1.44562275e-17\n   2.09983353e-22 -5.04690089e-22 -6.97138498e-24 -3.94954532e-23\n  -5.90360739e-18  8.57526056e-23 -2.06104407e-22 -2.72292988e-22\n   1.06530076e-17 -1.54739832e-22  3.71913568e-22  9.18727800e-18\n  -1.33449435e-22  3.20742594e-22  2.15403484e-17 -5.17717280e-17\n   7.52008132e-22]\n [-2.28622567e-17  3.18905904e-11  1.47096094e-17  6.00708302e-18\n  -1.08397283e-17 -9.34830850e-18  1.50892964e-12 -2.19178979e-17\n   5.26791550e-17 -9.90545665e-12 -4.04517051e-12  7.29947880e-12\n   6.29515950e-12 -2.10480784e-06  3.05733030e-11 -7.34822161e-11\n  -3.66287109e-18 -3.11420494e-18 -4.44790621e-18 -9.70847596e-13\n   1.41020078e-17 -3.38938467e-17 -4.68182473e-19 -2.65242545e-18\n  -3.96472941e-13  5.75895135e-18 -1.38415066e-17 -1.82865822e-17\n   7.15431932e-13 -1.03919777e-17  2.49768754e-17  6.16996844e-13\n  -8.96216270e-18  2.15403484e-17  1.44660115e-12 -3.47687234e-12\n   5.05031680e-17]\n [ 5.49489040e-17 -7.66482949e-11 -3.53542052e-17 -1.44378848e-17\n   2.60530358e-17  2.24684428e-17 -3.62667740e-12  5.26791596e-17\n  -1.26613128e-16  2.38075355e-11  9.72247356e-12 -1.75441281e-11\n  -1.51302699e-11  5.05885685e-06 -7.34822250e-11  1.76612803e-10\n   8.80362576e-18  7.48491940e-18  1.06904395e-17  2.33340969e-12\n  -3.38938489e-17  8.14630749e-17  1.12526572e-18  6.37504309e-18\n   9.52913525e-13 -1.38415061e-17  3.32677402e-17  4.39513764e-17\n  -1.71952407e-12  2.49768774e-17 -6.00313411e-17 -1.48293761e-12\n   2.15403503e-17 -5.17717280e-17 -3.47687234e-12  8.35658209e-12\n  -1.21383194e-16]\n [-7.98158072e-22  1.11335169e-15  5.13536072e-22  2.09716909e-22\n  -3.78432313e-22 -3.26364453e-22  5.26791553e-17 -7.65188992e-22\n   1.83911385e-21 -3.45815389e-16 -1.41223395e-16  2.54836520e-16\n   2.19774121e-16 -7.34822197e-11  1.06736307e-15 -2.56538210e-15\n  -1.27876708e-22 -1.08721893e-22 -1.55283545e-22 -3.38938477e-17\n   4.92323725e-22 -1.18328859e-21 -1.63450015e-23 -9.26004295e-23\n  -1.38415067e-17  2.01054234e-22 -4.83229209e-22 -6.38413933e-22\n   2.49768770e-17 -3.62800619e-22  8.71982807e-22  2.15403501e-17\n  -3.12883484e-22  7.52008132e-22  5.05031680e-17 -1.21383194e-16\n   1.76314665e-21]]', 'hess_sum': '[[-9.55015924e-23  1.33215300e-16  6.14458813e-23  2.50931762e-23\n  -4.52803727e-23 -3.90502464e-23  6.30319302e-18 -9.15567637e-23\n   2.20054586e-22 -4.13776875e-17 -1.68977394e-17  3.04918233e-17\n   2.62964754e-17 -8.79233110e-12  1.27712644e-16 -3.06954375e-16\n  -1.53007504e-23 -1.30088101e-23 -1.85800314e-23 -4.05548511e-18\n   5.89077797e-23 -1.41583418e-22 -1.95574098e-24 -1.10798986e-23\n  -1.65617171e-18  2.40566541e-23 -5.78196328e-23 -7.63876892e-23\n   2.98854645e-18 -4.34100186e-23  1.04334904e-22  2.57735252e-18\n  -3.74372434e-23  8.99794791e-23  6.04282744e-18 -1.45238007e-17\n   2.10964840e-22]\n [ 1.33215300e-16 -1.85822150e-10 -8.57108907e-17 -3.50024614e-17\n   6.31616351e-17  5.44713179e-17 -8.79232937e-12  1.27712610e-16\n  -3.06954344e-16  5.77177598e-11  2.35706649e-11 -4.25330850e-11\n  -3.66810482e-11  1.22644311e-05 -1.78146549e-10  4.28170937e-10\n   2.13430576e-17  1.81460511e-17  2.59173503e-17  5.65699803e-12\n  -8.21705056e-17  1.97494866e-16  2.72803542e-18  1.54553251e-17\n   2.31019407e-12 -3.35566277e-17  8.06525996e-17  1.06553443e-16\n  -4.16872601e-12  6.05526579e-17 -1.45536883e-16 -3.59515841e-12\n   5.22213218e-17 -1.25512717e-16 -8.42914972e-12  2.02592682e-11\n  -2.94275117e-16]\n [ 6.14458813e-23 -8.57108907e-17 -3.16209018e-22 -1.50881700e-23\n  -1.22090122e-22 -1.32351555e-22 -4.05548638e-18  5.89077870e-23\n  -1.41583442e-22  2.12935297e-16  1.01603892e-17  8.22155869e-17\n   8.91256525e-17  5.65699853e-12 -8.21705129e-17  1.97494862e-16\n   6.48737822e-23 -1.01751109e-22 -7.07189949e-23  2.08700815e-17\n  -3.03147560e-22  7.28608115e-22  7.11195450e-23  3.51176553e-23\n   9.95833306e-19 -1.44649346e-23  3.47661658e-23 -1.77452975e-22\n   8.05805914e-18 -1.17047017e-22  2.81319759e-22  8.73532221e-18\n  -1.26884585e-22  3.04964128e-22 -3.88796580e-18  9.34463877e-18\n  -1.35735135e-22]\n [ 2.50931762e-23 -3.50024614e-17 -1.50881700e-23 -1.95068107e-22\n  -3.75192299e-23 -6.68868967e-23 -1.65617154e-18  2.40566493e-23\n  -5.78196536e-23  1.01603737e-17  1.31358987e-16  2.52654605e-17\n   4.50416660e-17  2.31019417e-12 -3.35566341e-17  8.06525659e-17\n   1.93729897e-22  6.56136912e-23  4.08455538e-23  9.95832728e-19\n  -1.44649299e-23  3.47660938e-23  4.56869343e-23  7.64904945e-23\n   1.28746749e-17 -1.87010563e-22  4.49475490e-22 -1.85748933e-23\n   2.47630365e-18 -3.59694502e-23  8.64517191e-23  4.41459564e-18\n  -6.41240347e-23  1.54120643e-22 -1.58776038e-18  3.81614915e-18\n  -5.54312983e-23]\n [-4.52803727e-23  6.31616351e-17 -1.22090122e-22 -3.75192299e-23\n  -2.18194426e-22 -2.33604316e-22  2.98854727e-18 -4.34100166e-23\n   1.04334962e-22  8.22155802e-17  2.52654553e-17  1.46932269e-16\n   1.57309347e-16 -4.16872547e-12  6.05526603e-17 -1.45536902e-16\n   9.28212618e-23 -8.50325034e-24 -2.97035204e-23  8.05805859e-18\n  -1.17047015e-22  2.81319753e-22  4.25620659e-23  4.59837284e-23\n   2.47630397e-18 -3.59694422e-23  8.64517248e-23 -2.67175369e-22\n   1.44010298e-17 -2.09181564e-22  5.02762950e-22  1.54180978e-17\n  -2.23954970e-22  5.38270638e-22  2.86510018e-18 -6.88620094e-18\n   1.00025271e-22]\n [-3.90502464e-23  5.44713179e-17 -1.32351555e-22 -6.68868967e-23\n  -2.33604316e-22 -3.62302838e-22  2.57735304e-18 -3.74372381e-23\n   8.99794989e-23  8.91256285e-17  4.50416483e-17  1.57309373e-16\n   2.43975085e-16 -3.59515775e-12  5.22213225e-17 -1.25512706e-16\n   6.92403173e-23 -3.86008119e-23 -7.57898606e-23  8.73532238e-18\n  -1.26884591e-22  3.04964103e-22  3.46301869e-23  7.62626146e-23\n   4.41459643e-18 -6.41240278e-23  1.54120624e-22 -4.34406496e-22\n   1.54181010e-17 -2.23954994e-22  5.38270532e-22  2.39123190e-17\n  -3.47337415e-22  8.34817239e-22  2.47089147e-18 -5.93873018e-18\n   8.62627952e-23]\n [ 6.30319302e-18 -8.79232937e-12 -4.05548638e-18 -1.65617154e-18\n   2.98854727e-18  2.57735304e-18 -4.16016412e-13  6.04282850e-18\n  -1.45238028e-17  2.73096530e-12  1.11526659e-12 -2.01248835e-12\n  -1.73559180e-12  5.80301608e-07 -8.42915062e-12  2.02592620e-11\n   1.00986396e-18  8.58593006e-19  1.22629930e-18  2.67665609e-13\n  -3.88796597e-18  9.34463714e-18  1.29080759e-19  7.31283797e-19\n   1.09308819e-13 -1.58776097e-18  3.81614913e-18  5.04165850e-18\n  -1.97246845e-13  2.86510079e-18 -6.88620127e-18 -1.70107512e-13\n   2.47089058e-18 -5.93872768e-18 -3.98832222e-13  9.58584158e-13\n  -1.39238710e-17]\n [-9.15567637e-23  1.27712610e-16  5.89077870e-23  2.40566493e-23\n  -4.34100166e-23 -3.74372381e-23  6.04282850e-18 -8.77748892e-23\n   2.10964868e-22 -3.96685271e-17 -1.61997581e-17  2.92323191e-17\n   2.52102673e-17 -8.42915014e-12  1.22437302e-16 -2.94275108e-16\n  -1.46687373e-23 -1.24714644e-23 -1.78125621e-23 -3.88796524e-18\n   5.64745226e-23 -1.35735179e-22 -1.87495716e-24 -1.06222237e-23\n  -1.58776165e-18  2.30629599e-23 -5.54313094e-23 -7.32324261e-23\n   2.86509822e-18 -4.16169062e-23  1.00025277e-22  2.47089138e-18\n  -3.58908349e-23  8.62627608e-23  5.79322070e-18 -1.39238709e-17\n   2.02250612e-22]\n [ 2.20054586e-22 -3.06954344e-16 -1.41583442e-22 -5.78196536e-23\n   1.04334962e-22  8.99794989e-23 -1.45238028e-17  2.10964868e-22\n  -5.07049168e-22  9.53423575e-17  3.89357461e-17 -7.02592129e-17\n  -6.05922289e-17  2.02592635e-11 -2.94275145e-16  7.07283359e-16\n   3.52560051e-23  2.99748635e-23  4.28120302e-23  9.34463587e-18\n  -1.35735136e-22  3.26236413e-22  4.50640917e-24  2.55302843e-23\n   3.81614827e-18 -5.54312658e-23  1.33227832e-22  1.76012473e-22\n  -6.88619984e-18  1.00025288e-22 -2.40408169e-22 -5.93872611e-18\n   8.62627676e-23 -2.07330605e-22 -1.39238704e-17  3.34656965e-17\n  -4.86104665e-22]\n [-4.13776875e-17  5.77177598e-11  2.12935297e-16  1.01603737e-17\n   8.22155802e-17  8.91256285e-17  2.73096530e-12 -3.96685271e-17\n   9.53423575e-17 -1.43390734e-10 -6.84201168e-12 -5.53640448e-11\n  -6.00172810e-11 -3.80942485e-06  5.53336542e-11 -1.32993150e-10\n  -4.36860468e-17  6.85192319e-17  4.76222114e-17 -1.40539233e-11\n   2.04139701e-16 -4.90645036e-16 -4.78919208e-17 -2.36482362e-17\n  -6.70594572e-13  9.74068766e-18 -2.34115355e-17  1.19496971e-16\n  -5.42630356e-12  7.88195474e-17 -1.89440952e-16 -5.88237259e-12\n   8.54441693e-17 -2.05363076e-16  2.61815842e-12 -6.29268342e-12\n   9.14041092e-17]\n [-1.68977394e-17  2.35706649e-11  1.01603892e-17  1.31358987e-16\n   2.52654553e-17  4.50416483e-17  1.11526659e-12 -1.61997581e-17\n   3.89357461e-17 -6.84201168e-12 -8.84572038e-11 -1.70137663e-11\n  -3.03310682e-11 -1.55568535e-06  2.25970432e-11 -5.43114696e-11\n  -1.30457821e-16 -4.41842733e-17 -2.75054058e-17 -6.70595042e-13\n   9.74069622e-18 -2.34115300e-17 -3.07656134e-17 -5.15087308e-17\n  -8.66981196e-12  1.25933006e-16 -3.02677060e-16  1.25083280e-17\n  -1.66754321e-12  2.42218275e-17 -5.82166010e-17 -2.97278992e-12\n   4.31811422e-17 -1.03784873e-16  1.06919882e-12 -2.56979535e-12\n   3.73274284e-17]\n [ 3.04918233e-17 -4.25330850e-11  8.22155869e-17  2.52654605e-17\n   1.46932269e-16  1.57309373e-16 -2.01248835e-12  2.92323191e-17\n  -7.02592129e-17 -5.53640448e-11 -1.70137663e-11 -9.89442856e-11\n  -1.05932259e-10  2.80722176e-06 -4.07761877e-11  9.80046365e-11\n  -6.25058732e-17  5.72610954e-18  2.00023940e-17 -5.42630340e-12\n   7.88195572e-17 -1.89440957e-16 -2.86613227e-17 -3.09654791e-17\n  -1.66754388e-12  2.42218360e-17 -5.82166202e-17  1.79916116e-16\n  -9.69766084e-12  1.40863017e-16 -3.38560979e-16 -1.03825608e-11\n   1.50811480e-16 -3.62471832e-16 -1.92935933e-12  4.63717078e-12\n  -6.73570472e-17]\n [ 2.62964754e-17 -3.66810482e-11  8.91256525e-17  4.50416660e-17\n   1.57309347e-16  2.43975085e-16 -1.73559180e-12  2.52102673e-17\n  -6.05922289e-17 -6.00172810e-11 -3.03310682e-11 -1.05932259e-10\n  -1.64293051e-10  2.42098258e-06 -3.51658760e-11  8.45203881e-11\n  -4.66264656e-17  2.59938318e-17  5.10369737e-17 -5.88237428e-12\n   8.54441933e-17 -2.05363105e-16 -2.33199985e-17 -5.13553064e-17\n  -2.97279116e-12  4.31811557e-17 -1.03784902e-16  2.92529741e-16\n  -1.03825599e-11  1.50811441e-16 -3.62471773e-16 -1.61025756e-11\n   2.33897316e-16 -5.62166689e-16 -1.66389969e-12  3.99914400e-12\n  -5.80894396e-17]\n [-8.79233110e-12  1.22644311e-05  5.65699853e-12  2.31019417e-12\n  -4.16872547e-12 -3.59515775e-12  5.80301608e-07 -8.42915014e-12\n   2.02592635e-11 -3.80942485e-06 -1.55568535e-06  2.80722176e-06\n   2.42098258e-06 -8.09463655e-01  1.17578327e-05 -2.82596751e-05\n  -1.40866148e-12 -1.19765594e-12 -1.71056843e-12 -3.73366998e-07\n   5.42332786e-12 -1.30348435e-11 -1.80053068e-13 -1.02006574e-12\n  -1.52474948e-07  2.21476894e-12 -5.32314369e-12 -7.03262457e-12\n   2.75139703e-07 -3.99653032e-12  9.60556846e-12  2.37283687e-07\n  -3.44665399e-12  8.28395280e-12  5.56331632e-07 -1.33712995e-06\n   1.94224319e-11]\n [ 1.27712644e-16 -1.78146549e-10 -8.21705129e-17 -3.35566341e-17\n   6.05526603e-17  5.22213225e-17 -8.42915062e-12  1.22437302e-16\n  -2.94275145e-16  5.53336542e-11  2.25970432e-11 -4.07761877e-11\n  -3.51658760e-11  1.17578327e-05 -1.70787920e-10  4.10484788e-10\n   2.04614510e-17  1.73965016e-17  2.48467977e-17  5.42332786e-12\n  -7.87763265e-17  1.89337081e-16  2.61535469e-18  1.48169235e-17\n   2.21476884e-12 -3.21705223e-17  7.73211300e-17  1.02152114e-16\n  -3.99653017e-12  5.80514394e-17 -1.39525279e-16 -3.44665384e-12\n   5.00642380e-17 -1.20328229e-16 -8.08097274e-12  1.94224317e-11\n  -2.82119725e-16]\n [-3.06954375e-16  4.28170937e-10  1.97494862e-16  8.06525659e-17\n  -1.45536902e-16 -1.25512706e-16  2.02592620e-11 -2.94275108e-16\n   7.07283359e-16 -1.32993150e-10 -5.43114696e-11  9.80046365e-11\n   8.45203881e-11 -2.82596751e-05  4.10484788e-10 -9.86590570e-10\n  -4.91786378e-17 -4.18120937e-17 -5.97186945e-17 -1.30348421e-11\n   1.89337088e-16 -4.55067210e-16 -6.28593774e-18 -3.56121204e-17\n  -5.32314298e-12  7.73211102e-17 -1.85839510e-16 -2.45520210e-16\n   9.60556723e-12 -1.39525267e-16  3.35345764e-16  8.28395161e-12\n  -1.20328244e-16  2.89206103e-16  1.94224268e-11 -4.66813537e-11\n   6.78068019e-16]\n [-1.53007504e-23  2.13430576e-17  6.48737822e-23  1.93729897e-22\n   9.28212618e-23  6.92403173e-23  1.00986396e-18 -1.46687373e-23\n   3.52560051e-23 -4.36860468e-17 -1.30457821e-16 -6.25058732e-17\n  -4.66264656e-17 -1.40866148e-12  2.04614510e-17 -4.91786378e-17\n  -2.60586307e-22 -8.96612639e-23 -5.77262605e-23 -4.28172654e-18\n   6.21940701e-23 -1.49481979e-22 -7.30629627e-23 -7.27889069e-23\n  -1.27863490e-17  1.85727600e-22 -4.46391929e-22  1.15062488e-23\n  -6.12628730e-18  8.89871405e-23 -2.13878525e-22 -4.56992375e-18\n   6.63802510e-23 -1.59543386e-22  9.68150187e-19 -2.32692743e-18\n   3.37996975e-23]\n [-1.30088101e-23  1.81460511e-17 -1.01751109e-22  6.56136912e-23\n  -8.50325034e-24 -3.86008119e-23  8.58593006e-19 -1.24714644e-23\n   2.99748635e-23  6.85192319e-17 -4.41842733e-17  5.72610954e-18\n   2.59938318e-17 -1.19765594e-12  1.73965016e-17 -4.18120937e-17\n  -8.96612639e-23 -1.13239315e-22 -8.15532945e-23  6.71566624e-18\n  -9.75481363e-23  2.34454676e-22  2.94553519e-25 -1.58454373e-23\n  -4.33056288e-18  6.29034129e-23 -1.51186893e-22 -1.11621769e-22\n   5.61222614e-19 -8.15200447e-24  1.95931676e-23  2.54768854e-18\n  -3.70063468e-23  8.89438948e-23  8.23127728e-19 -1.97836908e-18\n   2.87367282e-23]\n [-1.85800314e-23  2.59173503e-17 -7.07189949e-23  4.08455538e-23\n  -2.97035204e-23 -7.57898606e-23  1.22629930e-18 -1.78125621e-23\n   4.28120302e-23  4.76222114e-17 -2.75054058e-17  2.00023940e-17\n   5.10369737e-17 -1.71056843e-12  2.48467977e-17 -5.97186945e-17\n  -5.77262605e-23 -8.15532945e-23 -8.58285125e-23  4.66751727e-18\n  -6.77978375e-23  1.62950567e-22 -1.87229665e-23 -1.96839050e-23\n  -2.69584356e-18  3.91583668e-23 -9.41162299e-23 -1.60226515e-22\n   1.96045917e-18 -2.84765705e-23  6.84427884e-23  5.00219812e-18\n  -7.26592306e-23  1.74634795e-22  1.17564431e-18 -2.82563556e-18\n   4.10436531e-23]\n [-4.05548511e-18  5.65699803e-12  2.08700815e-17  9.95832728e-19\n   8.05805859e-18  8.73532238e-18  2.67665609e-13 -3.88796524e-18\n   9.34463587e-18 -1.40539233e-11 -6.70595042e-13 -5.42630340e-12\n  -5.88237428e-12 -3.73366998e-07  5.42332786e-12 -1.30348421e-11\n  -4.28172654e-18  6.71566624e-18  4.66751727e-18 -1.37744436e-12\n   2.00080158e-17 -4.80888007e-17 -4.69395463e-18 -2.31779657e-18\n  -6.57259029e-14  9.54698473e-19 -2.29459686e-18  1.17120572e-17\n  -5.31839257e-13  7.72520961e-18 -1.85673614e-17 -5.76539234e-13\n   8.37449710e-18 -2.01279090e-17  2.56609272e-13 -6.16754912e-13\n   8.95864157e-18]\n [ 5.89077797e-23 -8.21705056e-17 -3.03147560e-22 -1.44649299e-23\n  -1.17047015e-22 -1.26884591e-22 -3.88796597e-18  5.64745226e-23\n  -1.35735136e-22  2.04139701e-16  9.74069622e-18  7.88195572e-17\n   8.54441933e-17  5.42332786e-12 -7.87763265e-17  1.89337088e-16\n   6.21940701e-23 -9.75481363e-23 -6.77978375e-23  2.00080158e-17\n  -2.90625606e-22  6.98511828e-22  6.81818447e-23  3.36670689e-23\n   9.54699558e-19 -1.38674395e-23  3.33300666e-23 -1.70123025e-22\n   7.72520984e-18 -1.12212219e-22  2.69699457e-22  8.37449858e-18\n  -1.21643430e-22  2.92367154e-22 -3.72736923e-18  8.95864451e-18\n  -1.30128390e-22]\n [-1.41583418e-22  1.97494866e-16  7.28608115e-22  3.47660938e-23\n   2.81319753e-22  3.04964103e-22  9.34463714e-18 -1.35735179e-22\n   3.26236413e-22 -4.90645036e-16 -2.34115300e-17 -1.89440957e-16\n  -2.05363105e-16 -1.30348435e-11  1.89337081e-16 -4.55067210e-16\n  -1.49481979e-22  2.34454676e-22  1.62950567e-22 -4.80888007e-17\n   6.98511828e-22 -1.67885711e-21 -1.63873468e-22 -8.09180168e-23\n  -2.29459665e-18  3.33300690e-23 -8.01079790e-23  4.08886749e-22\n  -1.85673609e-17  2.69699434e-22 -6.48216306e-22 -2.01279086e-17\n   2.92367140e-22 -7.02697618e-22  8.95864572e-18 -2.15318912e-17\n   3.12760575e-22]\n [-1.95574098e-24  2.72803542e-18  7.11195450e-23  4.56869343e-23\n   4.25620659e-23  3.46301869e-23  1.29080759e-19 -1.87495716e-24\n   4.50640917e-24 -4.78919208e-17 -3.07656134e-17 -2.86613227e-17\n  -2.33199985e-17 -1.80053068e-13  2.61535469e-18 -6.28593774e-18\n  -7.30629627e-23  2.94553519e-25 -1.87229665e-23 -4.69395463e-18\n   6.81818447e-23 -1.63873468e-22 -5.57174719e-23 -3.91979132e-23\n  -3.01537967e-18  4.37997787e-23 -1.05271729e-22  1.04026427e-23\n  -2.80913565e-18  4.08039812e-23 -9.80714228e-23 -2.28562462e-18\n   3.31997463e-23 -7.97948090e-23  1.23748751e-19 -2.97427124e-19\n   4.32027956e-24]\n [-1.10798986e-23  1.54553251e-17  3.51176553e-23  7.64904945e-23\n   4.59837284e-23  7.62626146e-23  7.31283797e-19 -1.06222237e-23\n   2.55302843e-23 -2.36482362e-17 -5.15087308e-17 -3.09654791e-17\n  -5.13553064e-17 -1.02006574e-12  1.48169235e-17 -3.56121204e-17\n  -7.27889069e-23 -1.58454373e-23 -1.96839050e-23 -2.31779657e-18\n   3.36670689e-23 -8.09180168e-23 -3.91979132e-23 -5.39701819e-23\n  -5.04844178e-18  7.33309442e-23 -1.76249200e-22  4.84889835e-23\n  -3.03496850e-18  4.40843070e-23 -1.05955605e-22 -5.03340201e-18\n   7.31124782e-23 -1.75724152e-22  7.01076786e-19 -1.68502211e-18\n   2.44757133e-23]\n [-1.65617171e-18  2.31019407e-12  9.95833306e-19  1.28746749e-17\n   2.47630397e-18  4.41459643e-18  1.09308819e-13 -1.58776165e-18\n   3.81614827e-18 -6.70594572e-13 -8.66981196e-12 -1.66754388e-12\n  -2.97279116e-12 -1.52474948e-07  2.21476884e-12 -5.32314298e-12\n  -1.27863490e-17 -4.33056288e-18 -2.69584356e-18 -6.57259029e-14\n   9.54699558e-19 -2.29459665e-18 -3.01537967e-18 -5.04844178e-18\n  -8.49740261e-13  1.23428671e-17 -2.96657921e-17  1.22595939e-18\n  -1.63438321e-13  2.37401676e-18 -5.70589358e-18 -2.91367387e-13\n   4.23224510e-18 -1.01721025e-17  1.04793685e-13 -2.51869249e-13\n   3.65851669e-18]\n [ 2.40566541e-23 -3.35566277e-17 -1.44649346e-23 -1.87010563e-22\n  -3.59694422e-23 -