{'theta_hat': '[-1.98115522e-11  2.76351665e-05 -6.48883052e-12 -3.51531065e-12\n -6.06057559e-12 -6.84745028e-12  1.37938817e-06 -1.21396158e-11\n  4.13713582e-11  4.36958586e-06  2.36721586e-06  4.08120028e-06\n  4.61107827e-06 -1.92411087e+00  1.69335697e-05 -5.77089757e-05\n -3.48063021e-12  4.93869954e-12  7.48239138e-12  4.30033040e-07\n -6.05240629e-12  1.48464278e-11  5.00903438e-13 -6.19680896e-12\n  2.43826137e-07 -2.24268284e-12  7.39617376e-12  4.53101437e-12\n  3.96026823e-07 -6.18978078e-12  1.42016948e-11  4.63822582e-07\n -5.43029566e-12  1.50697817e-11  7.19280350e-07 -2.80187748e-06\n  3.28544498e-11]', 'theta_bar': '[ 5.14586761e-13  1.00491687e-05  3.54660454e-20  4.82326342e-20\n  4.15507022e-20  1.65042487e-20 -4.27597723e-08 -3.46246357e-13\n -6.61601328e-13  6.92602919e-13  9.41916784e-13  8.11427805e-13\n  3.22305167e-13 -8.35039278e-01 -6.76171334e-06 -1.29201596e-05\n  3.32426140e-27  2.86373275e-27  1.13749598e-27 -2.94706377e-15\n -2.38637876e-20 -4.55984962e-20  3.89458081e-27  1.54695664e-27\n -4.00790795e-15 -3.24539571e-20 -6.20124292e-20  1.33264807e-27\n -3.45267038e-15 -2.79579247e-20 -5.34214999e-20 -1.37142639e-15\n -1.11050969e-20 -2.12194185e-20  3.28910202e-08  5.24043551e-08\n  1.99720092e-13]', 'grad_op_sum': '[[ 3.77848625e-22 -5.27061663e-16  1.40337924e-22  6.77525443e-23\n   1.35362986e-22  1.40454361e-22 -2.53020540e-17  3.27528013e-22\n  -8.48968177e-22 -9.45037170e-17 -4.56246805e-17 -9.11536240e-17\n  -9.45820722e-17  3.52938776e-11 -4.56869368e-16  1.18422711e-15\n   6.26937287e-23 -8.60891259e-23 -1.54416359e-22 -9.27136675e-18\n   1.33688168e-22 -3.22833891e-22 -7.54342948e-24  1.17456517e-22\n  -4.53155885e-18  5.92435974e-23 -1.52550564e-22 -1.17213573e-22\n  -8.91393820e-18  1.31693992e-22 -3.13103079e-22 -9.33031088e-18\n   1.28907474e-22 -3.20048126e-22 -2.12020979e-17  5.63939569e-17\n  -7.79418204e-22]\n [-5.27061663e-16  7.35199173e-10 -1.95757599e-16 -9.45081345e-17\n  -1.88818049e-16 -1.95920016e-16  3.52938764e-11 -4.56869358e-16\n   1.18422709e-15  1.31823389e-10  6.36419412e-11  1.27150338e-10\n   1.31932687e-10 -4.92314874e-05  6.37287824e-10 -1.65188032e-09\n  -8.74515844e-17  1.20085862e-16  2.15395630e-16  1.29326446e-11\n  -1.86481843e-16  4.50321521e-16  1.05223421e-17 -1.63840287e-16\n   6.32107883e-12 -8.26389904e-17  2.12793030e-16  1.63501403e-16\n   1.24340669e-11 -1.83700164e-16  4.36747995e-16  1.30148658e-11\n  -1.79813246e-16  4.46435653e-16  2.95748408e-11 -7.86640223e-11\n   1.08721172e-15]\n [ 1.40337924e-22 -1.95757599e-16  5.42030121e-23  2.52529843e-23\n   5.27556856e-23  5.34030543e-23 -9.27136653e-18  1.33688160e-22\n  -3.22833872e-22 -3.65003695e-17 -1.70054043e-17 -3.55257519e-17\n  -3.59616567e-17  1.29326447e-11 -1.86481836e-16  4.50321499e-16\n   2.28225677e-23 -3.09584473e-23 -5.88210346e-23 -3.57766762e-18\n   5.19431266e-23 -1.24881373e-22 -2.54965694e-24  4.35333498e-23\n  -1.66818996e-18  2.40695690e-23 -5.81002815e-23 -4.73971742e-23\n  -3.48142817e-18  5.06237648e-23 -1.21588994e-22 -3.52612933e-18\n   5.10560032e-23 -1.22963066e-22 -8.81334198e-18  2.13162068e-17\n  -3.08651531e-22]\n [ 6.77525443e-23 -9.45081345e-17  2.52529843e-23  1.21525916e-23\n   2.43780200e-23  2.52378575e-23 -4.53155873e-18  5.92435989e-23\n  -1.52550559e-22 -1.70053882e-17 -8.18357625e-18 -1.64161927e-17\n  -1.69951923e-17  6.32107888e-12 -8.26389942e-17  2.12793026e-16\n   1.12219391e-23 -1.53933655e-23 -2.77513220e-23 -1.66818993e-18\n   2.40695713e-23 -5.81002829e-23 -1.34185892e-24  2.10573771e-23\n  -8.11924080e-19  1.07112561e-23 -2.74155779e-23 -2.11826541e-23\n  -1.60565811e-18  2.36872822e-23 -5.63691776e-23 -1.67562375e-18\n   2.32502775e-23 -5.75630320e-23 -3.84185542e-18  1.01279074e-17\n  -1.40576895e-22]\n [ 1.35362986e-22 -1.88818049e-16  5.27556856e-23  2.43780200e-23\n   5.14509625e-23  5.17918397e-23 -8.91393830e-18  1.31694006e-22\n  -3.13103111e-22 -3.55257382e-17 -1.64162020e-17 -3.46471495e-17\n  -3.48766636e-17  1.24340675e-11 -1.83700188e-16  4.36748045e-16\n   2.19080202e-23 -2.96292952e-23 -5.70707201e-23 -3.48142830e-18\n   5.06237732e-23 -1.21589014e-22 -2.40180131e-24  4.19692351e-23\n  -1.60565819e-18  2.36872840e-23 -5.63691855e-23 -4.65975932e-23\n  -3.39692557e-18  4.92192421e-23 -1.18486712e-22 -3.41497516e-18\n   4.99706691e-23 -1.19537246e-22 -8.71490889e-18  2.06450834e-17\n  -3.02079541e-22]\n [ 1.40454361e-22 -1.95920016e-16  5.34030543e-23  2.52378575e-23\n   5.17918397e-23  5.29450098e-23 -9.33031007e-18  1.28907476e-22\n  -3.20048127e-22 -3.59616771e-17 -1.69952175e-17 -3.48766970e-17\n  -3.56532094e-17  1.30148652e-11 -1.79813252e-16  4.46435659e-16\n   2.30294906e-23 -3.13969873e-23 -5.82731018e-23 -3.52612911e-18\n   5.10560070e-23 -1.22963074e-22 -2.65418404e-24  4.36066587e-23\n  -1.67562367e-18  2.32502770e-23 -5.75630341e-23 -4.58672331e-23\n  -3.41497481e-18  4.99706644e-23 -1.19537234e-22 -3.50438160e-18\n   4.98071719e-23 -1.21402180e-22 -8.43931734e-18  2.11832628e-17\n  -3.01121084e-22]\n [-2.53020540e-17  3.52938764e-11 -9.27136653e-18 -4.53155873e-18\n  -8.91393830e-18 -9.33031007e-18  1.70196504e-12 -2.12020978e-17\n   5.63939525e-17  6.24334871e-12  3.05155943e-12  6.00265854e-12\n   6.28303784e-12 -2.37407389e-06  2.95748412e-11 -7.86640172e-11\n  -4.22625585e-18  5.82646526e-18  1.02511624e-17  6.12705021e-13\n  -8.81334252e-18  2.13162064e-17  5.20424200e-19 -7.87084807e-18\n   3.04352100e-13 -3.84185532e-18  1.01279069e-17  7.61473672e-18\n   5.86555508e-13 -8.71490793e-18  2.06450796e-17  6.21106254e-13\n  -8.43931724e-18  2.11832611e-17  1.36283259e-12 -3.75384594e-12\n   5.10300208e-17]\n [ 3.27528013e-22 -4.56869358e-16  1.33688160e-22  5.92435989e-23\n   1.31694006e-22  1.28907476e-22 -2.12020978e-17  3.53612699e-22\n  -7.79418192e-22 -9.00257573e-17 -3.98947477e-17 -8.86829249e-17\n  -8.68063899e-17  2.95748418e-11 -4.93254944e-16  1.08721172e-15\n   5.16656285e-23 -6.87410243e-23 -1.42354998e-22 -8.81334221e-18\n   1.29139305e-22 -3.08651543e-22 -5.07948717e-24  1.01284106e-22\n  -3.84185564e-18  6.33129487e-23 -1.40576898e-22 -1.23964994e-22\n  -8.71490879e-18  1.24060409e-22 -3.02079505e-22 -8.43931813e-18\n   1.30139073e-22 -3.01121080e-22 -2.38124019e-17  5.10300244e-17\n  -7.86573437e-22]\n [-8.48968177e-22  1.18422709e-15 -3.22833872e-22 -1.52550559e-22\n  -3.13103111e-22 -3.20048127e-22  5.63939525e-17 -7.79418192e-22\n   1.93466483e-21  2.17396694e-16  1.02727814e-16  2.10844071e-16\n   2.15520649e-16 -7.86640190e-11  1.08721173e-15 -2.69866715e-15\n  -1.39191015e-22  1.89756621e-22  3.52258185e-22  2.13162057e-17\n  -3.08651544e-22  7.43344172e-22  1.60379418e-23 -2.63576042e-22\n   1.01279070e-17 -1.40576888e-22  3.47965658e-22  2.77320244e-22\n   2.06450815e-17 -3.02079504e-22  7.22643416e-22  2.11832630e-17\n  -3.01121076e-22  7.33891497e-22  5.10300202e-17 -1.28048523e-16\n   1.82049798e-21]\n [-9.45037170e-17  1.31823389e-10 -3.65003695e-17 -1.70053882e-17\n  -3.55257382e-17 -3.59616771e-17  6.24334871e-12 -9.00257573e-17\n   2.17396694e-16  2.45793900e-11  1.14514585e-11  2.39230814e-11\n   2.42166203e-11 -8.70885760e-06  1.25577078e-10 -3.03247006e-10\n  -1.53687429e-17  2.08474534e-17  3.96101511e-17  2.40920541e-12\n  -3.49785601e-17  8.40952575e-17  1.71694188e-18 -2.93154070e-17\n   1.12336100e-12 -1.62084749e-17  3.91247952e-17  3.19173105e-17\n   2.34439766e-12 -3.40901004e-17  8.18781660e-17  2.37449948e-12\n  -3.43811701e-17  8.28034677e-17  5.93491440e-12 -1.43543578e-11\n   2.07846289e-16]\n [-4.56246805e-17  6.36419412e-11 -1.70054043e-17 -8.18357625e-18\n  -1.64162020e-17 -1.69952175e-17  3.05155943e-12 -3.98947477e-17\n   1.02727814e-16  1.14514585e-11  5.51083443e-12  1.10546934e-11\n   1.14445923e-11 -4.25662537e-06  5.56492496e-11 -1.43295196e-10\n  -7.55687295e-18  1.03659184e-17  1.86877889e-17  1.12336205e-12\n  -1.62084920e-17  3.91248334e-17  9.03610000e-19 -1.41800741e-17\n   5.46751073e-13 -7.21297934e-18  1.84616982e-17  1.42644377e-17\n   1.08125303e-12 -1.59510576e-17  3.79591042e-17  1.12836796e-12\n  -1.56567786e-17  3.87630473e-17  2.58711253e-12 -6.82015055e-12\n   9.46647331e-17]\n [-9.11536240e-17  1.27150338e-10 -3.55257519e-17 -1.64161927e-17\n  -3.46471495e-17 -3.48766970e-17  6.00265854e-12 -8.86829249e-17\n   2.10844071e-16  2.39230814e-11  1.10546934e-11  2.33314385e-11\n   2.34859938e-11 -8.37311848e-06  1.23703959e-10 -2.94106742e-10\n  -1.47528916e-17  1.99524091e-17  3.84315024e-17  2.34439865e-12\n  -3.40901191e-17  8.18782107e-17  1.61737642e-18 -2.82621416e-17\n   1.08125248e-12 -1.59510496e-17  3.79590880e-17  3.13788835e-17\n   2.28749439e-12 -3.31443060e-17  7.97891159e-17  2.29964903e-12\n  -3.36503176e-17  8.04965475e-17  5.86863160e-12 -1.39024279e-11\n   2.03420781e-16]\n [-9.45820722e-17  1.31932687e-10 -3.59616567e-17 -1.69951923e-17\n  -3.48766636e-17 -3.56532094e-17  6.28303784e-12 -8.68063899e-17\n   2.15520649e-16  2.42166203e-11  1.14445923e-11  2.34859938e-11\n   2.40088979e-11 -8.76422002e-06  1.21086377e-10 -3.00630108e-10\n  -1.55080764e-17  2.11427550e-17  3.92411505e-17  2.37449798e-12\n  -3.43811533e-17  8.28034259e-17  1.78732956e-18 -2.93647568e-17\n   1.12836624e-12 -1.56567538e-17  3.87629903e-17  3.08870289e-17\n   2.29964659e-12 -3.36502829e-17  8.04964625e-17  2.35985320e-12\n  -3.35401868e-17  8.17523189e-17  5.68304256e-12 -1.42648251e-11\n   2.02775163e-16]\n [ 3.52938776e-11 -4.92314874e-05  1.29326447e-11  6.32107888e-12\n   1.24340675e-11  1.30148652e-11 -2.37407389e-06  2.95748418e-11\n  -7.86640190e-11 -8.70885760e-06 -4.25662537e-06 -8.37311848e-06\n  -8.76422002e-06  3.31159965e+00 -4.12539957e-05  1.09728570e-04\n   5.89521138e-12 -8.12734617e-12 -1.42993637e-11 -8.54663263e-07\n   1.22937463e-11 -2.97340121e-11 -7.25940589e-13  1.09790592e-11\n  -4.24541254e-07  5.35901044e-12 -1.41274344e-11 -1.06218090e-11\n  -8.18187263e-07  1.21564397e-11 -2.87978562e-11 -8.66382155e-07\n   1.17720178e-11 -2.95485665e-11 -1.90101748e-06  5.23624600e-06\n  -7.11818617e-11]\n [-4.56869368e-16  6.37287824e-10 -1.86481836e-16 -8.26389942e-17\n  -1.83700188e-16 -1.79813252e-16  2.95748412e-11 -4.93254944e-16\n   1.08721173e-15  1.25577078e-10  5.56492496e-11  1.23703959e-10\n   1.21086377e-10 -4.12539957e-05  6.88042145e-10 -1.51655343e-09\n  -7.20684705e-17  9.58869682e-17  1.98571223e-16  1.22937457e-11\n  -1.80136631e-16  4.30538551e-16  7.08538495e-18 -1.41281368e-16\n   5.35901079e-12 -8.83153378e-17  1.96090949e-16  1.72918976e-16\n   1.21564408e-11 -1.73052071e-16  4.21371204e-16  1.17720189e-11\n  -1.81531210e-16  4.20034295e-16  3.32159592e-11 -7.11818657e-11\n   1.09719260e-15]\n [ 1.18422711e-15 -1.65188032e-09  4.50321499e-16  2.12793026e-16\n   4.36748045e-16  4.46435659e-16 -7.86640172e-11  1.08721172e-15\n  -2.69866715e-15 -3.03247006e-10 -1.43295196e-10 -2.94106742e-10\n  -3.00630108e-10  1.09728570e-04 -1.51655343e-09  3.76437525e-09\n   1.94157776e-16 -2.64691822e-16 -4.91365522e-16 -2.97340104e-11\n   4.30538547e-16 -1.03689201e-15 -2.23713514e-17  3.67662656e-16\n  -1.41274341e-11  1.96090933e-16 -4.85377869e-16 -3.86834465e-16\n  -2.87978582e-11  4.21371197e-16 -1.00801649e-15 -2.95485685e-11\n   4.20034284e-16 -1.02370646e-15 -7.11818591e-11  1.78615096e-10\n  -2.53941563e-15]\n [ 6.26937287e-23 -8.74515844e-17  2.28225677e-23  1.12219391e-23\n   2.19080202e-23  2.30294906e-23 -4.22625585e-18  5.16656285e-23\n  -1.39191015e-22 -1.53687429e-17 -7.55687295e-18 -1.47528916e-17\n  -1.55080764e-17  5.89521138e-12 -7.20684705e-17  1.94157776e-16\n   1.05052699e-23 -1.45102439e-23 -2.52944187e-23 -1.50848253e-18\n   2.16725159e-23 -5.24582786e-23 -1.30771059e-24  1.95090887e-23\n  -7.55202182e-19  9.37026759e-24 -2.49910197e-23 -1.85890447e-23\n  -1.44105295e-18  2.14703905e-23 -5.07721235e-23 -1.53460027e-18\n   2.06816106e-23 -5.21926560e-23 -3.30908365e-18  9.27455874e-18\n  -1.25059215e-22]\n [-8.60891259e-23  1.20085862e-16 -3.09584473e-23 -1.53933655e-23\n  -2.96292952e-23 -3.13969873e-23  5.82646526e-18 -6.87410243e-23\n   1.89756621e-22  2.08474534e-17  1.03659184e-17  1.99524091e-17\n   2.11427550e-17 -8.12734617e-12  9.58869682e-17 -2.64691822e-16\n  -1.45102439e-23  2.01111003e-23  3.44645790e-23  2.04683616e-18\n  -2.93407923e-23  7.11228396e-23  1.84186553e-24 -2.68060502e-23\n   1.03974730e-18 -1.24887111e-23  3.40530461e-23  2.48186430e-23\n   1.94755776e-18 -2.91692058e-23  6.87485425e-23  2.09614624e-18\n  -2.78174192e-23  7.09198981e-23  4.37206444e-18 -1.26676537e-17\n   1.68218125e-22]\n [-1.54416359e-22  2.15395630e-16 -5.88210346e-23 -2.77513220e-23\n  -5.70707201e-23 -5.82731018e-23  1.02511624e-17 -1.42354998e-22\n   3.52258185e-22  3.96101511e-17  1.86877889e-17  3.84315024e-17\n   3.92411505e-17 -1.42993637e-11  1.98571223e-16 -4.91365522e-16\n  -2.52944187e-23  3.44645790e-23  6.41430583e-23  3.88370471e-18\n  -5.62517196e-23  1.35448126e-22  2.90476569e-24 -4.79366045e-23\n   1.84140732e-18 -2.56701584e-23  6.33609447e-23  5.06298934e-23\n   3.76342181e-18 -5.50280456e-23  1.31698664e-22  3.85593259e-18\n  -5.49254812e-23  1.33685587e-22  9.32761022e-18 -2.33085082e-17\n   3.32062491e-22]\n [-9.27136675e-18  1.29326446e-11 -3.57766762e-18 -1.66818993e-18\n  -3.48142830e-18 -3.52612911e-18  6.12705021e-13 -8.81334221e-18\n   2.13162057e-17  2.40920541e-12  1.12336205e-12  2.34439865e-12\n   2.37449798e-12 -8.54663263e-07  1.22937457e-11 -2.97340104e-11\n  -1.50848253e-18  2.04683616e-18  3.88370471e-18  2.36148636e-13\n  -3.42804299e-18  8.24250220e-18  1.68833757e-19 -2.87615495e-18\n   1.10231417e-13 -1.58693588e-18  3.83613161e-18  3.12527214e-18\n   2.29733872e-13 -3.34177922e-18  8.02449252e-18  2.32857895e-13\n  -3.36805480e-18  8.11714327e-18  5.80791151e-13 -1.40767020e-12\n   2.03611515e-17]\n [ 1.33688168e-22 -1.86481843e-16  5.19431266e-23  2.40695713e-23\n   5.06237732e-23  5.10560070e-23 -8.81334252e-18  1.29139305e-22\n  -3.08651544e-22 -3.49785601e-17 -1.62084920e-17 -3.40901191e-17\n  -3.43811533e-17  1.22937463e-11 -1.80136631e-16  4.30538547e-16\n   2.16725159e-23 -2.93407923e-23 -5.62517196e-23 -3.42804299e-18\n   4.98214594e-23 -1.19702161e-22 -2.39145617e-24  4.14569932e-23\n  -1.58693605e-18  2.32354542e-23 -5.55609993e-23 -4.57242140e-23\n  -3.34177966e-18  4.84787796e-23 -1.16613514e-22 -3.36805527e-18\n   4.91081551e-23 -1.17743687e-22 -8.53494875e-18  2.03611535e-17\n  -2.96869101e-22]\n [-3.22833891e-22  4.50321521e-16 -1.24881373e-22 -5.81002829e-23\n  -1.21589014e-22 -1.22963074e-22  2.13162064e-17 -3.08651543e-22\n   7.43344172e-22  8.40952575e-17  3.91248334e-17  8.18782107e-17\n   8.28034259e-17 -2.97340121e-11  4.30538551e-16 -1.03689201e-15\n  -5.24582786e-23  7.11228396e-23  1.35448126e-22  8.24250220e-18\n  -1.19702161e-22  2.87738375e-22  5.84190084e-24 -1.00135807e-22\n   3.83613176e-18 -5.55609951e-23  1.33787531e-22  1.09390274e-22\n   8.02449351e-18 -1.16613513e-22  2.80194368e-22  8.11714428e-18\n  -1.17743685e-22  2.83243679e-22  2.03611518e-17 -4.90702112e-17\n   7.11797695e-22]\n [-7.54342948e-24  1.05223421e-17 -2.54965694e-24 -1.34185892e-24\n  -2.40180131e-24 -2.65418404e-24  5.20424200e-19 -5.07948717e-24\n   1.60379418e-23  1.71694188e-18  9.03610000e-19  1.61737642e-18\n   1.78732956e-18 -7.25940589e-13  7.08538495e-18 -2.23713514e-17\n  -1.30771059e-24  1.84186553e-24  2.90476569e-24  1.68833757e-19\n  -2.39145617e-24  5.84190084e-24  1.81151151e-25 -2.35601548e-24\n   9.22735702e-20 -9.32367713e-25  2.87088289e-24  1.87190420e-24\n   1.57272205e-19 -2.42178669e-24  5.60863216e-24  1.78910897e-19\n  -2.18832221e-24  5.89338877e-24  3.09516082e-19 -1.08091979e-18\n   1.32374379e-23]\n [ 1.17456517e-22 -1.63840287e-16  4.35333498e-23  2.10573771e-23\n   4.19692351e-23  4.36066587e-23 -7.87084807e-18  1.01284106e-22\n  -2.63576042e-22 -2.93154070e-17 -1.41800741e-17 -2.82621416e-17\n  -2.93647568e-17  1.09790592e-11 -1.41281368e-16  3.67662656e-16\n   1.95090887e-23 -2.68060502e-23 -4.79366045e-23 -2.87615495e-18\n   4.14569932e-23 -1.00135807e-22 -2.35601548e-24  3.65160937e-23\n  -1.40931772e-18  1.83253046e-23 -4.73578333e-23 -3.62665329e-23\n  -2.76343894e-18  4.08625633e-23 -9.70967621e-23 -2.89771018e-18\n   3.99317785e-23 -9.93087287e-23 -6.54948636e-18  1.75140817e-17\n  -2.41443259e-22]\n [-4.53155885e-18  6.32107883e-12 -1.66818996e-18 -8.11924080e-19\n  -1.60565819e-18 -1.67562367e-18  3.04352100e-13 -3.84185564e-18\n   1.01279070e-17  1.12336100e-12  5.46751073e-13  1.08125248e-12\n   1.12836624e-12 -4.24541254e-07  5.35901079e-12 -1.41274341e-11\n  -7.55202182e-19  1.03974730e-18  1.84140732e-18  1.10231417e-13\n  -1.58693605e-18  3.83613176e-18  9.22735702e-20 -1.40931772e-18\n   5.44538422e-14 -6.95721211e-19  1.81922959e-18  1.37809328e-18\n   1.05683318e-13 -1.56716323e-18  3.71712574e-18  1.11464098e-13\n  -1.52323941e-18  3.80904872e-18  2.47557544e-13 -6.73681183e-13\n   9.21038127e-18]\n [ 5.92435974e-23 -8.26389904e-17  2.40695690e-23  1.07112561e-23\n   2.36872840e-23  2.32502770e-23 -3.84185532e-18  6.33129487e-23\n  -1.40576888e-22 -1.62084749e-17 -7.21297934e-18 -1.59510496e-17\n  -1.56567538e-17  5.35901044e-12 -8.83153378e-17  1.96090933e-16\n   9.37026759e-24 -1.24887111e-23 -2.56701584e-23 -1.58693588e-18\n   2.32354542e-23 -5.55609951e-23 -9.32367713e-25  1.83253046e-23\n  -6.95721211e-19  1.13407816e-23 -2.53500307e-23 -2.22147494e-23\n  -1.56716327e-18  2.23479664e-23 -5.43548970e-23 -1.52323945e-18\n   2.33684098e-23 -5.42464995e-23 -4.25662679e-18  9.21038119e-18\n  -1.41243311e-22]\n [-1.52550564e-22  2.12793030e-16 -5.81002815e-23 -2.74155779e-23\n  -5.63691855e-23 -5.75630341e-23  1.01279069e-17 -1.40576898e-22\n   3.47965658e-22  3.91247952e-17  1.84616982e-17  3.79590880e-17\n   3.87629903e-17 -1.41274344e-11  1.96090949e-16 -4.85377869e-16\n  -2.49910197e-23  3.40530461e-23  6.33609447e-23  3.83613161e-18\n  -5.55609993e-23  1.33787531e-22  2.87088289e-24 -4.73578333e-23\n   1.81922959e-18 -2.53500307e-23  6.25884151e-23  4.99995184e-23\n   3.71712606e-18 -5.43549004e-23  1.30081822e-22  3.80904905e-18\n  -5.42465026e-23  1.32050549e-22  9.21038111e-18 -2.30250869e-17\n   3.27957828e-22]\n [-1.17213573e-22  1.63501403e-16 -4.73971742e-23 -2.11826541e-23\n  -4.65975932e-23 -4.58672331e-23  7.61473672e-18 -1.23964994e-22\n   2.77320244e-22  3.19173105e-17  1.42644377e-17  3.13788835e-17\n   3.08870289e-17 -1.06218090e-11  1.72918976e-16 -3.86834465e-16\n  -1.85890447e-23  2.48186430e-23  5.06298934e-23  3.12527214e-18\n  -4.57242140e-23  1.09390274e-22  1.87190420e-24 -3.62665329e-23\n   1.37809328e-18 -2.22147494e-23  4.99995184e-23  4.35349390e-23\n   3.08221003e-18 -4.40307921e-23  1.06969269e-22  3.00717601e-18\n  -4.58913483e-23  1.06884936e-22  8.32041540e-18 -1.81827317e-17\n   2.77381125e-22]\n [-8.91393820e-18  1.24340669e-11 -3.48142817e-18 -1.60565811e-18\n  -3.39692557e-18 -3.41497481e-18  5.86555508e-13 -8.71490879e-18\n   2.06450815e-17  2.34439766e-12  1.08125303e-12  2.28749439e-12\n   2.29964659e-12 -8.18187263e-07  1.21564408e-11 -2.87978582e-11\n  -1.44105295e-18  1.94755776e-18  3.76342181e-18  2.29733872e-13\n  -3.34177966e-18  8.02449351e-18  1.57272205e-19 -2.76343894e-18\n   1.05683318e-13 -1.56716327e-18  3.71712606e-18  3.08221003e-18\n   2.24298325e-13 -3.24724168e-18  7.82133834e-18  2.25098096e-13\n  -3.30191360e-18  7.88625518e-18  5.77214615e-13 -1.36083351e-12\n   1.99603556e-17]\n [ 1.31693992e-22 -1.83700164e-16  5.06237648e-23  2.36872822e-23\n   4.92192421e-23  4.99706644e-23 -8.71490793e-18  1.24060409e-22\n  -3.02079504e-22 -3.40901004e-17 -1.59510576e-17 -3.31443060e-17\n  -3.36502829e-17  1.21564397e-11 -1.73052071e-16  4.21371197e-16\n   2.14703905e-23 -2.91692058e-23 -5.50280456e-23 -3.34177922e-18\n   4.84787796e-23 -1.16613513e-22 -2.42178669e-24  4.08625633e-23\n  -1.56716323e-18  2.23479664e-23 -5.43549004e-23 -4.40307921e-23\n  -3.24724168e-18  4.73076557e-23 -1.13486685e-22 -3.30191363e-18\n   4.75434713e-23 -1.14915627e-22 -8.16186955e-18  1.99603549e-17\n  -2.87422501e-22]\n [-3.13103079e-22  4.36747995e-16 -1.21588994e-22 -5.63691776e-23\n  -1.18486712e-22 -1.19537234e-22  2.06450796e-17 -3.02079505e-22\n   7.22643416e-22  8.18781660e-17  3.79591042e-17  7.97891159e-17\n   8.04964625e-17 -2.87978562e-11  4.21371204e-16 -1.00801649e-15\n  -5.07721235e-23  6.87485425e-23  1.31698664e-22  8.02449252e-18\n  -1.16613514e-22  2.80194368e-22  5.60863216e-24 -9.70967621e-23\n   3.71712574e-18 -5.43548970e-23  1.30081822e-22  1.06969269e-22\n   7.82133834e-18 -1.13486685e-22  2.72950746e-22  7.88625517e-18\n  -1.14915626e-22  2.75634695e-22  1.99603535e-17 -4.76752502e-17\n   6.94690505e-22]\n [-9.33031088e-18  1.30148658e-11 -3.52612933e-18 -1.67562375e-18\n  -3.41497516e-18 -3.50438160e-18  6.21106254e-13 -8.43931813e-18\n   2.11832630e-17  2.37449948e-12  1.12836796e-12  2.29964903e-12\n   2.35985320e-12 -8.66382155e-07  1.17720189e-11 -2.95485685e-11\n  -1.53460027e-18  2.09614624e-18  3.85593259e-18  2.32857895e-13\n  -3.36805527e-18  8.11714428e-18  1.78910897e-19 -2.89771018e-18\n   1.11464098e-13 -1.52323945e-18  3.80904905e-18  3.00717601e-18\n   2.25098096e-13 -3.30191363e-18  7.88625517e-18  2.32169115e-13\n  -3.27594972e-18  8.02255105e-18  5.50957528e-13 -1.40337672e-12\n   1.98060304e-17]\n [ 1.28907474e-22 -1.79813246e-16  5.10560032e-23  2.32502775e-23\n   4.99706691e-23  4.98071719e-23 -8.43931724e-18  1.30139073e-22\n  -3.01121076e-22 -3.43811701e-17 -1.56567786e-17 -3.36503176e-17\n  -3.35401868e-17  1.17720178e-11 -1.81531210e-16  4.20034284e-16\n   2.06816106e-23 -2.78174192e-23 -5.49254812e-23 -3.36805480e-18\n   4.91081551e-23 -1.17743685e-22 -2.18832221e-24  3.99317785e-23\n  -1.52323941e-18  2.33684098e-23 -5.42465026e-23 -4.58913483e-23\n  -3.30191360e-18  4.75434713e-23 -1.14915626e-22 -3.27594972e-18\n   4.88349233e-23 -1.15442945e-22 -8.66768764e-18  1.98060297e-17\n  -2.95195543e-22]\n [-3.20048126e-22  4.46435653e-16 -1.22963066e-22 -5.75630320e-23\n  -1.19537246e-22 -1.21402180e-22  2.11832611e-17 -3.01121080e-22\n   7.33891497e-22  8.28034677e-17  3.87630473e-17  8.04965475e-17\n   8.17523189e-17 -2.95485665e-11  4.20034295e-16 -1.02370646e-15\n  -5.21926560e-23  7.09198981e-23  1.33685587e-22  8.11714327e-18\n  -1.17743687e-22  2.83243679e-22  5.89338877e-24 -9.93087287e-23\n   3.80904872e-18 -5.42464995e-23  1.32050549e-22  1.06884936e-22\n   7.88625518e-18 -1.14915627e-22  2.75634695e-22  8.02255105e-18\n  -1.15442945e-22  2.79144971e-22  1.98060284e-17 -4.84969051e-17\n   6.97908033e-22]\n [-2.12020979e-17  2.95748408e-11 -8.81334198e-18 -3.84185542e-18\n  -8.71490889e-18 -8.43931734e-18  1.36283259e-12 -2.38124019e-17\n   5.10300202e-17  5.93491440e-12  2.58711253e-12  5.86863160e-12\n   5.68304256e-12 -1.90101748e-06  3.32159592e-11 -7.11818591e-11\n  -3.30908365e-18  4.37206444e-18  9.32761022e-18  5.80791151e-13\n  -8.53494875e-18  2.03611518e-17  3.09516082e-19 -6.54948636e-18\n   2.47557544e-13 -4.25662679e-18  9.21038111e-18  8.32041540e-18\n   5.77214615e-13 -8.16186955e-18  1.99603535e-17  5.50957528e-13\n  -8.66768764e-18  1.98060284e-17  1.61332169e-12 -3.33174575e-12\n   5.23850530e-17]\n [ 5.63939569e-17 -7.86640223e-11  2.13162068e-17  1.01279074e-17\n   2.06450834e-17  2.11832628e-17 -3.75384594e-12  5.10300244e-17\n  -1.28048523e-16 -1.43543578e-11 -6.82015055e-12 -1.39024279e-11\n  -1.42648251e-11  5.23624600e-06 -7.11818657e-11  1.78615096e-10\n   9.27455874e-18 -1.26676537e-17 -2.33085082e-17 -1.40767020e-12\n   2.03611535e-17 -4.90702112e-17 -1.08091979e-18  1.75140817e-17\n  -6.73681183e-13  9.21038119e-18 -2.30250869e-17 -1.81827317e-17\n  -1.36083351e-12  1.99603549e-17 -4.76752502e-17 -1.40337672e-12\n   1.98060297e-17 -4.84969051e-17 -3.33174575e-12  8.48290148e-12\n  -1.19744982e-16]\n [-7.79418204e-22  1.08721172e-15 -3.08651531e-22 -1.40576895e-22\n  -3.02079541e-22 -3.01121084e-22  5.10300208e-17 -7.86573437e-22\n   1.82049798e-21  2.07846289e-16  9.46647331e-17  2.03420781e-16\n   2.02775163e-16 -7.11818617e-11  1.09719260e-15 -2.53941563e-15\n  -1.25059215e-22  1.68218125e-22  3.32062491e-22  2.03611515e-17\n  -2.96869101e-22  7.11797695e-22  1.32374379e-23 -2.41443259e-22\n   9.21038127e-18 -1.41243311e-22  3.27957828e-22  2.77381125e-22\n   1.99603556e-17 -2.87422501e-22  6.94690505e-22  1.98060304e-17\n  -2.95195543e-22  6.97908033e-22  5.23850530e-17 -1.19744982e-16\n   1.78438823e-21]]', 'hess_sum': '[[-1.60618215e-22  2.24046670e-16 -3.85859084e-23 -2.79009352e-23\n  -3.24141663e-23 -4.71782214e-23  1.20335932e-17 -1.72470579e-23\n   2.84738042e-22  2.59837900e-17  1.87885305e-17  2.18277685e-17\n   3.17698372e-17 -1.67856798e-11  2.40579188e-17 -3.97181516e-16\n  -3.13380376e-23  4.68907579e-23  5.07598709e-23  2.58190451e-18\n  -3.36323977e-23  8.68122795e-23  5.76036539e-24 -5.08564402e-23\n   2.07715845e-18 -4.25512159e-24  5.02477611e-23  1.06933199e-23\n   2.06002668e-18 -3.86476260e-23  7.94157115e-23  3.35091511e-18\n  -2.25987193e-23  9.45806888e-23 -4.96577729e-19 -2.02160809e-17\n   1.37149354e-22]\n [ 2.24046670e-16 -3.12523046e-10  5.38235864e-17  3.89191300e-17\n   4.52147289e-17  6.58089498e-17 -1.67856790e-11  2.40579087e-17\n  -3.97181526e-16 -3.62448603e-11 -2.62082020e-11 -3.04476675e-11\n  -4.43157992e-11  2.34143738e-05 -3.35584238e-11  5.54029094e-10\n   4.37134705e-17 -6.54076940e-17 -7.08046987e-17 -3.60150630e-12\n   4.69139679e-17 -1.21094706e-16 -8.03521937e-18  7.09398884e-17\n  -2.89743617e-12  5.93555201e-18 -7.00908458e-17 -1.49163990e-17\n  -2.87354390e-12  5.39097716e-17 -1.10777452e-16 -4.67419672e-12\n   3.15229518e-17 -1.31930625e-16  6.92679149e-13  2.81994441e-11\n  -1.91309852e-16]\n [-3.85859084e-23  5.38235864e-17 -7.21696966e-22 -7.76897489e-23\n   1.74814045e-22  2.09282754e-22  2.58190709e-18 -3.36324020e-23\n   8.68123069e-23  4.85991045e-16  5.23163325e-17 -1.17719796e-16\n  -1.40931016e-16 -3.60150749e-12  4.69139636e-17 -1.21094756e-16\n  -3.81774224e-22  5.00723550e-24 -1.36498071e-22  5.33924771e-17\n  -1.42147838e-22  1.31975667e-21  1.24760772e-22  1.02617954e-22\n   5.95593472e-18  4.57926028e-24  1.29659183e-22  1.37502847e-22\n  -1.29016562e-17  3.74298812e-23 -3.21551442e-22 -1.43835268e-17\n   1.46170916e-22 -4.48227647e-22  2.17959730e-18 -5.76465682e-18\n   7.98890856e-23]\n [-2.79009352e-23  3.89191300e-17 -7.76897489e-23 -3.96683904e-22\n   3.17710981e-23 -1.40822651e-22  2.07715923e-18 -4.25509526e-24\n   5.02477398e-23  5.23163370e-17  2.67127207e-16 -2.13947146e-17\n   9.48301533e-17 -2.89743612e-12  5.93555664e-18 -7.00908519e-17\n  -1.06832732e-22  1.11340533e-22  5.19766272e-23  5.95593481e-18\n   4.57924930e-24  1.29659172e-22  1.25639458e-23 -1.86069206e-22\n   2.89011436e-17 -1.20725170e-22  7.51998899e-22 -1.71140230e-22\n  -2.29295041e-18  1.17489253e-23 -6.15271899e-23  1.03645343e-17\n  -3.28703043e-23  2.60724874e-22  1.18985349e-20 -3.55050160e-18\n   2.58284634e-23]\n [-3.24141663e-23  4.52147289e-17  1.74814045e-22  3.17710981e-23\n  -4.21146987e-22  1.01264438e-22  2.06002673e-18 -3.86476327e-23\n   7.94157064e-23 -1.17719796e-16 -2.13947220e-17  2.83600785e-16\n  -6.81916591e-17 -2.87354416e-12  5.39097884e-17 -1.10777469e-16\n   1.40349261e-22 -1.90038746e-22  1.31048955e-22 -1.29016547e-17\n   3.74298813e-23 -3.21551390e-22  1.07882643e-22 -1.34037952e-22\n  -2.29295178e-18  1.17489338e-23 -6.15272433e-23  4.23122366e-22\n   2.85413941e-17 -3.32615050e-22  9.25999134e-22 -5.51775146e-18\n   2.08349165e-22 -3.02792379e-22  2.64131751e-18 -5.16270192e-18\n   8.36573504e-23]\n [-4.71782214e-23  6.58089498e-17  2.09282754e-22 -1.40822651e-22\n   1.01264438e-22 -4.89867261e-22  3.35091424e-18 -2.25987074e-23\n   9.45806119e-23 -1.40931006e-16  9.48301417e-17 -6.81916436e-17\n   3.29877060e-16 -4.67419686e-12  3.15229502e-17 -1.31930603e-16\n   9.12078008e-23  1.42761739e-22  3.19402256e-23 -1.43835238e-17\n   1.46170921e-22 -4.48227555e-22 -1.63523452e-22 -1.78200491e-22\n   1.03645348e-17 -3.28703221e-23  2.60724869e-22 -3.50090553e-22\n  -5.51774875e-18  2.08349176e-22 -3.02792276e-22  3.58344868e-17\n  -1.35312651e-22  9.20050941e-22  1.22095009e-18 -6.47794113e-18\n   6.81936586e-23]\n [ 1.20335932e-17 -1.67856790e-11  2.58190709e-18  2.07715923e-18\n   2.06002673e-18  3.35091424e-18 -9.20303810e-13 -4.96579065e-19\n  -2.02160817e-17 -1.73865813e-12 -1.39876172e-12 -1.38722590e-12\n  -2.25650971e-12  1.28373312e-06  6.92678512e-13  2.81994455e-11\n   2.41660074e-18 -3.66404633e-18 -3.58474178e-18 -1.73505828e-13\n   2.17959915e-18 -5.76465634e-18 -4.69019564e-19  3.82378741e-18\n  -1.57833905e-13  1.18981558e-20 -3.55049932e-18 -2.27311177e-19\n  -1.28981634e-13  2.64131735e-18 -5.16269627e-18 -2.42029707e-13\n   1.22095038e-18 -6.47794022e-18  1.76648975e-13  1.45951655e-12\n  -7.42795911e-18]\n [-1.72470579e-23  2.40579087e-17 -3.36324020e-23 -4.25509526e-24\n  -3.86476327e-23 -2.25987074e-23 -4.96579065e-19 -1.72575264e-22\n   1.37149356e-22  2.26480895e-17  2.86541422e-18  2.60253574e-17\n   1.52179915e-17  6.92676962e-13  2.40725524e-16 -1.91309838e-16\n   3.19597328e-24 -9.37399931e-24  2.62774235e-23  2.17959784e-18\n  -3.60771324e-23  7.98890569e-23 -2.95579617e-24 -4.16287990e-24\n   1.18984881e-20 -2.97482007e-23  2.58284614e-23  5.59175137e-23\n   2.64131774e-18 -2.84098230e-23  8.36573342e-23  1.22095029e-18\n  -4.74908811e-23  6.81936380e-23  1.32558327e-17 -7.42795894e-18\n   2.86486912e-22]\n [ 2.84738042e-22 -3.97181526e-16  8.68123069e-23  5.02477398e-23\n   7.94157064e-23  9.45806119e-23 -2.02160817e-17  1.37149356e-22\n  -5.71302226e-22 -5.84594991e-17 -3.38369203e-17 -5.34786687e-17\n  -6.36906689e-17  2.81994469e-11 -1.91309879e-16  7.96910242e-16\n   5.14591413e-23 -7.41312614e-23 -1.02986423e-22 -5.76465384e-18\n   7.98890608e-23 -1.97949255e-22 -7.98048406e-24  8.93460556e-23\n  -3.55050110e-18  2.58284565e-23 -1.01832624e-22 -5.31465900e-23\n  -5.16269586e-18  8.36573485e-23 -1.87685119e-22 -6.47794348e-18\n   6.81936699e-23 -2.03899169e-22 -7.42796232e-18  3.91201202e-17\n  -4.12779903e-22]\n [ 2.59837900e-17 -3.62448603e-11  4.85991045e-16  5.23163370e-17\n  -1.17719796e-16 -1.40931006e-16 -1.73865813e-12  2.26480895e-17\n  -5.84594991e-17 -3.27266549e-10 -3.52298587e-11  7.92725142e-11\n   9.49029458e-11  2.42525931e-06 -3.15919102e-11  8.15453216e-11\n   2.57086899e-16 -3.37184831e-18  9.19178490e-17 -3.59545148e-11\n   9.57223637e-17 -8.88724635e-16 -8.40139512e-17 -6.91029095e-17\n  -4.01073175e-12 -3.08368099e-18 -8.73126043e-17 -9.25945160e-17\n   8.68797553e-12 -2.52052634e-17  2.16532747e-16  9.68586638e-12\n  -9.84315673e-17  3.01836504e-16 -1.46774451e-12  3.88192570e-12\n  -5.37973930e-17]\n [ 1.87885305e-17 -2.62082020e-11  5.23163325e-17  2.67127207e-16\n  -2.13947220e-17  9.48301417e-17 -1.39876172e-12  2.86541422e-18\n  -3.38369203e-17 -3.52298587e-11 -1.79883662e-10  1.44072444e-11\n  -6.38587580e-11  1.95113773e-06 -3.99702907e-12  4.71992763e-11\n   7.19412080e-17 -7.49767438e-17 -3.50009923e-17 -4.01073095e-12\n  -3.08367634e-18 -8.73125969e-17 -8.46051858e-18  1.25299183e-16\n  -1.94620512e-11  8.12963503e-17 -5.06396516e-16  1.15245977e-16\n   1.54407778e-12 -7.91177432e-18  4.14325745e-17 -6.97949070e-12\n   2.21349212e-17 -1.75572513e-16 -8.01354080e-15  2.39091209e-12\n  -1.73929309e-17]\n [ 2.18277685e-17 -3.04476675e-11 -1.17719796e-16 -2.13947146e-17\n   2.83600785e-16 -6.81916436e-17 -1.38722590e-12  2.60253574e-17\n  -5.34786687e-17  7.92725142e-11  1.44072444e-11 -1.90977033e-10\n   4.59203880e-11  1.93504911e-06 -3.63029143e-11  7.45977179e-11\n  -9.45112454e-17  1.27972319e-16 -8.82484503e-17  8.68797592e-12\n  -2.52052824e-17  2.16532719e-16 -7.26483143e-17  9.02612444e-17\n   1.54407750e-12 -7.91176705e-18  4.14325643e-17 -2.84931113e-16\n  -1.92198042e-11  2.23983347e-16 -6.23568702e-16  3.71566498e-12\n  -1.40302591e-16  2.03900872e-16 -1.77866605e-12  3.47657011e-12\n  -5.63349688e-17]\n [ 3.17698372e-17 -4.43157992e-11 -1.40931016e-16  9.48301533e-17\n  -6.81916591e-17  3.29877060e-16 -2.25650971e-12  1.52179915e-17\n  -6.36906689e-17  9.49029458e-11 -6.38587580e-11  4.59203880e-11\n  -2.22139536e-10  3.14760775e-06 -2.12275734e-11  8.88421645e-11\n  -6.14193041e-17 -9.61358680e-17 -2.15084206e-17  9.68586440e-12\n  -9.84315692e-17  3.01836487e-16  1.10116841e-16  1.20000383e-16\n  -6.97949165e-12  2.21349458e-17 -1.75572505e-16  2.35751313e-16\n   3.71566476e-12 -1.40302598e-16  2.03900829e-16 -2.41309758e-11\n   9.11196596e-17 -6.19563207e-16 -8.22188530e-13  4.36225132e-12\n  -4.59216195e-17]\n [-1.67856798e-11  2.34143738e-05 -3.60150749e-12 -2.89743612e-12\n  -2.87354416e-12 -4.67419686e-12  1.28373312e-06  6.92676962e-13\n   2.81994469e-11  2.42525931e-06  1.95113773e-06  1.93504911e-06\n   3.14760775e-06 -1.79068150e+00 -9.66217727e-07 -3.93354575e-05\n  -3.37092264e-12  5.11096380e-12  5.00033818e-12  2.42023723e-07\n  -3.04033139e-12  8.04113733e-12  6.54240717e-13 -5.33381921e-12\n   2.20163085e-07 -1.66045725e-14  4.95261183e-12  3.17093013e-13\n   1.79917343e-07 -3.68438788e-12  7.20147974e-12  3.37607605e-07\n  -1.70310316e-12  9.03608659e-12 -2.46408098e-07 -2.03588241e-06\n   1.03612704e-11]\n [ 2.40579188e-17 -3.35584238e-11  4.69139636e-17  5.93555664e-18\n   5.39097884e-17  3.15229502e-17  6.92678512e-13  2.40725524e-16\n  -1.91309879e-16 -3.15919102e-11 -3.99702907e-12 -3.63029143e-11\n  -2.12275734e-11 -9.66217727e-07 -3.35788422e-10  2.66858413e-10\n  -4.45804351e-18  1.30759261e-17 -3.66543588e-17 -3.04033046e-12\n   5.03241062e-17 -1.11437522e-16  4.12298568e-18  5.80690272e-18\n  -1.66042660e-14  4.14958896e-17 -3.60283598e-17 -7.79996483e-17\n  -3.68438816e-12  3.96290498e-17 -1.16694081e-16 -1.70310421e-12\n   6.62451162e-17 -9.51233249e-17 -1.84905815e-11  1.03612696e-11\n  -3.99621136e-16]\n [-3.97181516e-16  5.54029094e-10 -1.21094756e-16 -7.00908519e-17\n  -1.10777469e-16 -1.31930603e-16  2.81994455e-11 -1.91309838e-16\n   7.96910242e-16  8.15453216e-11  4.71992763e-11  7.45977179e-11\n   8.88421645e-11 -3.93354575e-05  2.66858413e-10 -1.11161160e-09\n  -7.17804848e-17  1.03405229e-16  1.43655296e-16  8.04113635e-12\n  -1.11437531e-16  2.76120095e-16  1.11321555e-17 -1.24629303e-16\n   4.95261289e-12 -3.60283722e-17  1.42046875e-16  7.41348222e-17\n   7.20148031e-12 -1.16694113e-16  2.61803097e-16  9.03608616e-12\n  -9.51233359e-17  2.84419012e-16  1.03612690e-11 -5.45687098e-11\n   5.75787409e-16]\n [-3.13380376e-23  4.37134705e-17 -3.81774224e-22 -1.06832732e-22\n   1.40349261e-22  9.12078008e-23  2.41660074e-18  3.19597328e-24\n   5.14591413e-23  2.57086899e-16  7.19412080e-17 -9.45112454e-17\n  -6.14193041e-17 -3.37092264e-12 -4.45804351e-18 -7.17804848e-17\n  -2.54473473e-22  6.91463201e-23 -5.68462802e-23  2.78862719e-17\n  -1.09372971e-22  7.19480245e-22  7.40130404e-23  3.56546269e-23\n   7.17739879e-18 -9.03613169e-23  2.38636146e-22 -3.13092363e-23\n  -9.93796571e-18  7.01476878e-23 -2.83187918e-22 -6.59658501e-18\n   3.23897208e-23 -1.75795341e-22 -6.08367196e-19 -3.74229768e-18\n   1.63150929e-23]\n [ 4.68907579e-23 -6.54076940e-17  5.00723550e-24  1.11340533e-22\n  -1.90038746e-22  1.42761739e-22 -3.66404633e-18 -9.37399931e-24\n  -7.41312614e-23 -3.37184831e-18 -7.49767438e-17  1.27972319e-16\n  -9.61358680e-17  5.11096380e-12  1.30759261e-17  1.03405229e-16\n   6.91463201e-23 -3.55024317e-22 -3.19254902e-22 -1.04703924e-18\n  -6.35905414e-23  3.11555427e-23  5.61988823e-23 -5.25813609e-23\n  -7.92539805e-18  5.16873337e-23 -2.22182917e-22  3.69630798e-22\n   1.24684815e-17 -1.89275246e-22  4.42310449e-22 -9.95622028e-18\n   8.59154442e-23 -2.97146054e-22  1.26826647e-18  5.45816017e-18\n  -1.71026588e-23]\n [ 5.07598709e-23 -7.08046987e-17 -1.36498071e-22  5.19766272e-23\n   1.31048955e-22  3.19402256e-23 -3.58474178e-18  2.62774235e-23\n  -1.02986423e-22  9.19178490e-17 -3.50009923e-17 -8.82484503e-17\n  -2.15084206e-17  5.00033818e-12 -3.66543588e-17  1.43655296e-16\n  -5.68462802e-23 -3.19254902e-22 -6.34314780e-22  8.67411102e-18\n  -1.62822437e-22  3.34471233e-22 -2.21299509e-23 -1.64323779e-23\n  -3.88050577e-18  6.87984674e-24 -9.29529037e-23  8.17586727e-23\n  -9.32441176e-18  6.12054995e-23 -2.61741954e-22 -3.64645342e-18\n  -1.16206772e-22  1.80609382e-23 -1.46667590e-18  7.03017993e-18\n  -7.64955640e-23]\n [ 2.58190451e-18 -3.60150630e-12  5.33924771e-17  5.95593481e-18\n  -1.29016547e-17 -1.43835238e-17 -1.73505828e-13  2.17959784e-18\n  -5.76465384e-18 -3.59545148e-11 -4.01073095e-12  8.68797592e-12\n   9.68586440e-12  2.42023723e-07 -3.04033046e-12  8.04113635e-12\n   2.78862719e-17 -1.04703924e-18  8.67411102e-18 -4.03082754e-12\n   2.80891480e-18 -9.28266439e-17 -8.93164858e-18 -7.28884271e-18\n  -4.65992800e-13 -1.24751897e-18 -9.38045517e-18 -9.74874811e-18\n   9.71535599e-13 -9.14103842e-19  2.25773836e-17  9.99546208e-13\n  -8.99617331e-18  3.01503017e-17 -1.40320433e-13  3.83549597e-13\n  -5.23284814e-18]\n [-3.36323977e-23  4.69139679e-17 -1.42147838e-22  4.57924930e-24\n   3.74298813e-23  1.46170921e-22  2.17959915e-18 -3.60771324e-23\n   7.98890608e-23  9.57223637e-17 -3.08367634e-18 -2.52052824e-17\n  -9.84315692e-17 -3.04033139e-12  5.03241062e-17 -1.11437531e-16\n  -1.09372971e-22 -6.35905414e-23 -1.62822437e-22  2.80891480e-18\n  -7.63624640e-22  7.19160469e-22  5.30521343e-23  4.91335888e-23\n  -1.24751745e-18 -8.58311973e-23  4.57694258e-23  6.75478197e-23\n  -9.14105338e-19  1.84422963e-22 -1.78971818e-22 -8.99617368e-18\n   2.02289668e-22 -3.75608002e-22  2.42696409e-18 -5.23285189e-18\n   8.03975893e-23]\n [ 8.68122795e-23 -1.21094706e-16  1.31975667e-21  1.29659172e-22\n  -3.21551390e-22 -4.48227555e-22 -5.76465634e-18  7.98890569e-23\n  -1.97949255e-22 -8.88724635e-16 -8.73125969e-17  2.16532719e-16\n   3.01836487e-16  8.04113733e-12 -1.11437522e-16  2.76120095e-16\n   7.19480245e-22  3.11555427e-23  3.34471233e-22 -9.28266439e-17\n   7.19160469e-22 -2.70008725e-21 -2.45926199e-22 -2.05710374e-22\n  -9.38045486e-18  4.57693645e-23 -2.49735317e-22 -2.76709744e-22\n   2.25773822e-17 -1.78971783e-22  6.60203736e-22  3.01503033e-17\n  -3.75607992e-22  9.99029864e-22 -5.23284767e-18  1.30995645e-17\n  -1.86457669e-22]\n [ 5.76036539e-24 -8.03521937e-18  1.24760772e-22  1.25639458e-23\n   1.07882643e-22 -1.63523452e-22 -4.69019564e-19 -2.95579617e-24\n  -7.98048406e-24 -8.40139512e-17 -8.46051858e-18 -7.26483143e-17\n   1.10116841e-16  6.54240717e-13  4.12298568e-18  1.11321555e-17\n   7.40130404e-23  5.61988823e-23 -2.21299509e-23 -8.93164858e-18\n   5.30521343e-23 -2.45926199e-22 -1.10926143e-22 -1.20037668e-25\n  -3.18463596e-19  6.07945731e-23 -5.93819005e-23 -1.93534578e-22\n  -6.88805875e-18  1.25597288e-22 -2.62423108e-22  1.13271214e-17\n  -1.05761456e-22  3.44948858e-22  2.96455681e-19  6.14958495e-19\n   7.71005863e-25]\n [-5.08564402e-23  7.09398884e-17  1.02617954e-22 -1.86069206e-22\n  -1.34037952e-22 -1.78200491e-22  3.82378741e-18 -4.16287990e-24\n   8.93460556e-23 -6.91029095e-17  1.25299183e-16  9.02612444e-17\n   1.20000383e-16 -5.33381921e-12  5.80690272e-18 -1.24629303e-16\n   3.56546269e-23 -5.25813609e-23 -1.64323779e-23 -7.28884271e-18\n   4.91335888e-23 -2.05710374e-22 -1.20037668e-25 -2.36549508e-22\n   1.30716529e-17 -1.02895352e-22  3.81616665e-22  1.47640000e-23\n   9.39577170e-18 -7.60888749e-23  2.76131335e-22  1.35105283e-17\n  -3.89580896e-24  3.06394023e-22 -2.58422513e-19 -6.36103027e-18\n   4.13592515e-23]\n [ 2.07715845e-18 -2.89743617e-12  5.95593472e-18  2.89011436e-17\n  -2.29295178e-18  1.03645348e-17 -1.57833905e-13  1.18984881e-20\n  -3.55050110e-18 -4.01073175e-12 -1.94620512e-11  1.54407750e-12\n  -6.97949165e-12  2.20163085e-07 -1.66042660e-14  4.95261289e-12\n   7.17739879e-18 -7.92539805e-18 -3.88050577e-18 -4.65992800e-13\n  -1.24751745e-18 -9.38045486e-18 -3.18463596e-19  1.30716529e-17\n  -2.14683632e-12  4.86436970e-18 -5.23341679e-17  1.17067567e-17\n   1.68587877e-13 -5.51734646e-19  4.25557883e-18 -7.78240837e-13\n   9.48282192e-19 -1.82710721e-17  2.28821846e-14  2.54937885e-13\n  -1.43754744e-18]\n [-4.25512159e-24  5.93555201e-18  4.57926028e-24 -1.20725170e-22\n   1.17489338e-23 -