{'theta_hat': '[ 2.36396037e-12 -3.29749477e-06 -4.47423051e-12 -1.10363470e-11\n  4.36733780e-12  2.34382400e-11 -1.56023512e-07  2.26631393e-12\n -5.44703281e-12  3.01294976e-06  7.43188372e-06 -2.94096826e-06\n -1.57833304e-05  2.17637641e-01 -3.16128741e-06  7.59807942e-06\n  6.73012188e-12  2.19051379e-12 -9.15596285e-12  2.95303289e-07\n -4.28941618e-12  1.03095104e-11  4.05009261e-12 -2.57178676e-11\n  7.28408872e-07 -1.05804747e-11  2.54299226e-11  9.15711899e-12\n -2.88248261e-07  4.18693905e-12 -1.00632099e-11 -1.54694523e-06\n  2.24700912e-11 -5.40063363e-11 -1.49578790e-07  3.59509132e-07\n -5.22203383e-12]', 'theta_bar': '[ 1.13634787e-11 -7.65217514e-06 -1.84433522e-12 -9.54415680e-12\n  1.91471549e-12  1.81036670e-11 -7.49999876e-07  1.08940941e-11\n -2.61837006e-11  1.24197668e-06  6.42704214e-06 -1.28937100e-06\n -1.21910241e-05  5.05050504e-01 -7.33609128e-06  1.76321239e-05\n  1.54905243e-12 -3.10765525e-13 -2.93829302e-12  1.21727799e-07\n -1.76815238e-12  4.24971242e-12 -1.60816466e-12 -1.52052245e-11\n  6.29922977e-07 -9.14992162e-12  2.19916222e-11  3.05041902e-12\n -1.26372968e-07  1.83562557e-12 -4.41188322e-12 -1.19485854e-06\n  1.73558698e-11 -4.17144258e-11 -7.19020098e-07  1.72814811e-06\n -2.51021443e-11]', 'grad_op_sum': '[[ 7.37381747e-24 -1.02857581e-17 -1.39563080e-23 -3.44252845e-23\n   1.36228814e-23  7.31100680e-23 -4.86678588e-19  7.06923240e-24\n  -1.69907356e-23  9.39818698e-18  2.31820104e-17 -9.17365762e-18\n  -4.92323808e-17  6.78869348e-13 -9.86089131e-18  2.37004188e-17\n   2.09930297e-23  6.83279172e-24 -2.85598691e-23  9.21129042e-19\n  -1.33798232e-23  3.21580890e-23  1.26333098e-23 -8.02208293e-23\n   2.27209987e-18 -3.30032982e-23  7.93226525e-23  2.85634754e-23\n  -8.99122544e-19  1.30601700e-23 -3.13898125e-23 -4.82533121e-18\n   7.00901559e-23 -1.68460043e-22 -4.66575797e-19  1.12140404e-18\n  -1.62889043e-23]\n [-1.02857581e-17  1.43476320e-11  1.94676921e-17  4.80199231e-17\n  -1.90025944e-17 -1.01981433e-16  6.78869288e-13 -9.86089154e-18\n   2.37004234e-17 -1.31095566e-11 -3.23366495e-11  1.27963600e-11\n   6.86743822e-11 -9.46956703e-07  1.37549842e-11 -3.30597787e-11\n  -2.92832343e-17 -9.53107979e-18  3.98382392e-17 -1.28488541e-12\n   1.86635519e-17 -4.48574059e-17 -1.76222382e-17  1.11900253e-16\n  -3.16935830e-12  4.60363905e-17 -1.10647384e-16 -3.98432697e-17\n   1.25418849e-12 -1.82176667e-17  4.37857350e-17  6.73086765e-12\n  -9.77689494e-17  2.34985373e-16  6.50827850e-13 -1.56424956e-12\n   2.27214370e-17]\n [-1.39563080e-23  1.94676921e-17  2.64148840e-23  6.51561928e-23\n  -2.57838127e-23 -1.38374272e-22  9.21128886e-19 -1.33798247e-23\n   3.21580973e-23 -1.77878002e-17 -4.38762255e-17  1.73628371e-17\n   9.31813506e-17 -1.28488531e-12  1.86635534e-17 -4.48574087e-17\n  -3.97331761e-23 -1.29323171e-23  5.40548137e-23 -1.74340641e-18\n   2.53237804e-23 -6.08651077e-23 -2.39108661e-23  1.51832698e-22\n  -4.30036759e-18  6.24648218e-23 -1.50132733e-22 -5.40616393e-23\n   1.70175506e-18 -2.47187777e-23  5.94110029e-23  9.13282826e-18\n  -1.32658532e-22  3.18841666e-22  8.83080650e-19 -2.12246374e-18\n   3.08297522e-23]\n [-3.44252845e-23  4.80199231e-17  6.51561928e-23  1.60717324e-22\n  -6.35995628e-23 -3.41320476e-22  2.27209975e-18 -3.30033036e-23\n   7.93226723e-23 -4.38762231e-17 -1.08227157e-16  4.28279889e-17\n   2.29845493e-16 -3.16935841e-12  4.60363970e-17 -1.10647390e-16\n  -9.80077173e-23 -3.18994604e-23  1.33334141e-22 -4.30036808e-18\n   6.24648254e-23 -1.50132732e-22 -5.89796648e-23  3.74517661e-22\n  -1.06074886e-17  1.54078662e-22 -3.70324447e-22 -1.33350977e-22\n   4.19762890e-18 -6.09724974e-23  1.46545969e-22  2.25274629e-17\n  -3.27221763e-22  7.86469819e-22  2.17824818e-18 -5.23536870e-18\n   7.60461140e-23]\n [ 1.36228814e-23 -1.90025944e-17 -2.57838127e-23 -6.35995628e-23\n   2.51678182e-23  1.35068408e-22 -8.99122430e-19  1.30601707e-23\n  -3.13898163e-23  1.73628364e-17  4.28279897e-17 -1.69480259e-17\n  -9.09551786e-17  1.25418844e-12 -1.82176672e-17  4.37857317e-17\n   3.87839209e-23  1.26233544e-23 -5.27634039e-23  1.70175513e-18\n  -2.47187764e-23  5.94109949e-23  2.33396177e-23 -1.48205302e-22\n   4.19762860e-18 -6.09724906e-23  1.46545950e-22  5.27700664e-23\n  -1.66109886e-18  2.41282277e-23 -5.79916297e-23 -8.91463818e-18\n   1.29489221e-22 -3.11224300e-22 -8.61983194e-19  2.07175650e-18\n  -3.00932064e-23]\n [ 7.31100680e-23 -1.01981433e-16 -1.38374272e-22 -3.41320476e-22\n   1.35068408e-22  7.24873115e-22 -4.82533027e-18  7.00901621e-23\n  -1.68460074e-22  9.31813259e-17  2.29845445e-16 -9.09551579e-17\n  -4.88130161e-16  6.73086693e-12 -9.77689557e-17  2.34985370e-16\n   2.08142096e-22  6.77458954e-23 -2.83165942e-22  9.13282803e-18\n  -1.32658530e-22  3.18841642e-22  1.25256984e-22 -7.95375029e-22\n   2.25274597e-17 -3.27221738e-22  7.86469768e-22  2.83201698e-22\n  -8.91463758e-18  1.29489226e-22 -3.11224319e-22 -4.78422871e-17\n   6.94931232e-22 -1.67025089e-21 -4.62601472e-18  1.11185185e-17\n  -1.61501543e-22]\n [-4.86678588e-19  6.78869288e-13  9.21128886e-19  2.27209975e-18\n  -8.99122430e-19 -4.82533027e-18  3.21212247e-14 -4.66575699e-19\n   1.12140384e-18 -6.20288797e-13 -1.53003355e-12  6.05469657e-13\n   3.24938143e-12 -4.48059878e-08  6.50827699e-13 -1.56424896e-12\n  -1.38555885e-18 -4.50970402e-19  1.88497706e-18 -6.07953456e-14\n   8.83080372e-19 -2.12246281e-18 -8.33809812e-19  5.29464691e-18\n  -1.49960636e-13  2.17824737e-18 -5.23536644e-18 -1.88521508e-18\n   5.93428969e-14 -8.61982970e-19  2.07175587e-18  3.18476202e-13\n  -4.62601335e-18  1.11185144e-17  3.07944224e-14 -7.40136759e-14\n   1.07508234e-18]\n [ 7.06923240e-24 -9.86089154e-18 -1.33798247e-23 -3.30033036e-23\n   1.30601707e-23  7.00901621e-23 -4.66575699e-19  6.77722862e-24\n  -1.62889113e-23  9.00998271e-18  2.22244475e-17 -8.79472783e-18\n  -4.71987737e-17  6.50827772e-13 -9.45357444e-18  2.27214423e-17\n   2.01258854e-23  6.55055442e-24 -2.73801668e-23  8.83080616e-19\n  -1.28271523e-23  3.08297575e-23  1.21114746e-23 -7.69072042e-23\n   2.17824785e-18 -3.16400542e-23  7.60461278e-23  2.73836241e-23\n  -8.61983125e-19  1.25207028e-23 -3.00932157e-23 -4.62601466e-18\n   6.71949914e-23 -1.61501583e-22 -4.47303280e-19  1.07508300e-18\n  -1.56160700e-23]\n [-1.69907356e-23  2.37004234e-17  3.21580973e-23  7.93226723e-23\n  -3.13898163e-23 -1.68460074e-22  1.12140384e-18 -1.62889113e-23\n   3.91500194e-23 -2.16552838e-17 -5.34159425e-17  2.11379237e-17\n   1.13441154e-16 -1.56424941e-12  2.27214462e-17 -5.46104580e-17\n  -4.83720974e-23 -1.57441052e-23  6.58075938e-23 -2.12246372e-18\n   3.08297622e-23 -7.40986049e-23 -2.91096474e-23  1.84844676e-22\n  -5.23536803e-18  7.60461343e-23 -1.82775099e-22 -6.58159035e-23\n   2.07175639e-18 -3.00932178e-23  7.23283438e-23  1.11185186e-17\n  -1.61501598e-22  3.88165297e-22  1.07508303e-18 -2.58393698e-18\n   3.75328610e-23]\n [ 9.39818698e-18 -1.31095566e-11 -1.77878002e-17 -4.38762231e-17\n   1.73628364e-17  9.31813259e-17 -6.20288797e-13  9.00998271e-18\n  -2.16552838e-17  1.19783164e-11  2.95462790e-11 -1.16921459e-11\n  -6.27483827e-11  8.65242610e-07 -1.25680491e-11  3.02070085e-11\n   2.67563469e-17  8.70863084e-18 -3.64005471e-17  1.17401102e-12\n  -1.70530503e-17  4.09866035e-17  1.61015929e-17 -1.02244239e-16\n   2.89587036e-12 -4.20638520e-17  1.01099481e-16  3.64051434e-17\n  -1.14596297e-12  1.66456412e-17 -4.00074084e-17 -6.15005255e-12\n   8.93323429e-17 -2.14708187e-16 -5.94667090e-13  1.42926848e-12\n  -2.07607754e-17]\n [ 2.31820104e-17 -3.23366495e-11 -4.38762255e-17 -1.08227157e-16\n   4.28279897e-17  2.29845445e-16 -1.53003355e-12  2.22244475e-17\n  -5.34159425e-17  2.95462790e-11  7.28802428e-11 -2.88403975e-11\n  -1.54778115e-10  2.13424815e-06 -3.10009417e-11  7.45100292e-11\n   6.59984648e-17  2.14811188e-17 -8.97873030e-17  2.89587085e-12\n  -4.20638568e-17  1.01099486e-16  3.97169472e-17 -2.52200452e-16\n   7.14309015e-12 -1.03756678e-16  2.49376740e-16  8.97986406e-17\n  -2.82668622e-12  4.10589221e-17 -9.86841569e-17 -1.51700091e-11\n   2.20351362e-16 -5.29609322e-16 -1.46683384e-12  3.52550091e-12\n  -5.12095059e-17]\n [-9.17365762e-18  1.27963600e-11  1.73628371e-17  4.28279889e-17\n  -1.69480259e-17 -9.09551579e-17  6.05469657e-13 -8.79472783e-18\n   2.11379237e-17 -1.16921459e-11 -2.88403975e-11  1.14128122e-11\n   6.12492793e-11 -8.44571349e-07  1.22677895e-11 -2.94853416e-11\n  -2.61171188e-17 -8.50057546e-18  3.55309122e-17 -1.14596306e-12\n   1.66456409e-17 -4.00074044e-17 -1.57169145e-17  9.98015512e-17\n  -2.82668596e-12  4.10589167e-17 -9.86841428e-17 -3.55353987e-17\n   1.11858510e-12 -1.62479650e-17  3.90516030e-17  6.00312343e-12\n  -8.71981298e-17  2.09578656e-16  5.80460071e-13 -1.39512224e-12\n   2.02647857e-17]\n [-4.92323808e-17  6.86743822e-11  9.31813506e-17  2.29845493e-16\n  -9.09551786e-17 -4.88130161e-16  3.24938143e-12 -4.71987737e-17\n   1.13441154e-16 -6.27483827e-11 -1.54778115e-10  6.12492793e-11\n   3.28707258e-10 -4.53257142e-06  6.58376965e-11 -1.58239344e-10\n  -1.40163062e-16 -4.56201426e-17  1.90684182e-16 -6.15005402e-12\n   8.93323649e-17 -2.14708228e-16 -8.43481575e-17  5.35606209e-16\n  -1.51700102e-11  2.20351392e-16 -5.29609399e-16 -1.90708260e-16\n   6.00312439e-12 -8.71981528e-17  2.09578717e-16  3.22170361e-11\n  -4.67967272e-16  1.12474834e-15  3.11516218e-12 -7.48721963e-12\n   1.08755274e-16]\n [ 6.78869348e-13 -9.46956703e-07 -1.28488531e-12 -3.16935841e-12\n   1.25418844e-12  6.73086693e-12 -4.48059878e-08  6.50827772e-13\n  -1.56424941e-12  8.65242610e-07  2.13424815e-06 -8.44571349e-07\n  -4.53257142e-06  6.25000000e-02 -9.07841411e-07  2.18197533e-06\n   1.93271998e-12  6.29059898e-13 -2.62935987e-12  8.48036007e-08\n  -1.23181133e-12  2.96062941e-12  1.16308368e-12 -7.38551806e-12\n   2.09180518e-07 -3.03844347e-12  7.30282756e-12  2.62969188e-12\n  -8.27775759e-08  1.20238250e-12 -2.88989816e-12 -4.44243361e-07\n   6.45283920e-12 -1.55092474e-11 -4.29552275e-08  1.03241887e-07\n  -1.49963542e-12]\n [-9.86089131e-18  1.37549842e-11  1.86635534e-17  4.60363970e-17\n  -1.82176672e-17 -9.77689557e-17  6.50827699e-13 -9.45357444e-18\n   2.27214462e-17 -1.25680491e-11 -3.10009417e-11  1.22677895e-11\n   6.58376965e-11 -9.07841411e-07  1.31868164e-11 -3.16942010e-11\n  -2.80736518e-17 -9.13738600e-18  3.81926683e-17 -1.23181153e-12\n   1.78926293e-17 -4.30045117e-17 -1.68943285e-17  1.07278066e-16\n  -3.03844379e-12  4.41347968e-17 -1.06076948e-16 -3.81974910e-17\n   1.20238258e-12 -1.74651620e-17  4.19771076e-17  6.45284031e-12\n  -9.37304744e-17  2.25278993e-16  6.23944549e-13 -1.49963617e-12\n   2.17828981e-17]\n [ 2.37004188e-17 -3.30597787e-11 -4.48574087e-17 -1.10647390e-16\n   4.37857317e-17  2.34985370e-16 -1.56424896e-12  2.27214423e-17\n  -5.46104580e-17  3.02070085e-11  7.45100292e-11 -2.94853416e-11\n  -1.58239344e-10  2.18197533e-06 -3.16942010e-11  7.61762617e-11\n   6.74743572e-17  2.19614909e-17 -9.17951739e-17  2.96062984e-12\n  -4.30045109e-17  1.03360326e-16  4.06051184e-17 -2.57840292e-16\n   7.30282769e-12 -1.06076939e-16  2.54953433e-16  9.18067651e-17\n  -2.88989806e-12  4.19771033e-17 -1.00890984e-16 -1.55092489e-11\n   2.25278976e-16 -5.41452724e-16 -1.49963595e-12  3.60434002e-12\n  -5.23546798e-17]\n [ 2.09930297e-23 -2.92832343e-17 -3.97331761e-23 -9.80077173e-23\n   3.87839209e-23  2.08142096e-22 -1.38555885e-18  2.01258854e-23\n  -4.83720974e-23  2.67563469e-17  6.59984648e-17 -2.61171188e-17\n  -1.40163062e-16  1.93271998e-12 -2.80736518e-17  6.74743572e-17\n   5.97665045e-23  1.94527461e-23 -8.13090617e-23  2.62242582e-18\n  -3.80919418e-23  9.15530820e-23  3.59666411e-23 -2.28386213e-22\n   6.46859788e-18 -9.39593664e-23  2.25829132e-22  8.13193287e-23\n  -2.55977400e-18  3.71818989e-23 -8.93658227e-23 -1.37375683e-17\n   1.99544500e-22 -4.79600518e-22 -1.32832682e-18  3.19260254e-18\n  -4.63740054e-23]\n [ 6.83279172e-24 -9.53107979e-18 -1.29323171e-23 -3.18994604e-23\n   1.26233544e-23  6.77458954e-23 -4.50970402e-19  6.55055442e-24\n  -1.57441052e-23  8.70863084e-18  2.14811188e-17 -8.50057546e-18\n  -4.56201426e-17  6.29059898e-13 -9.13738600e-18  2.19614909e-17\n   1.94527461e-23  6.33146168e-24 -2.64643976e-23  8.53544710e-19\n  -1.23981297e-23  2.97986118e-23  1.17063888e-23 -7.43349317e-23\n   2.10539321e-18 -3.05818070e-23  7.35026553e-23  2.64677393e-23\n  -8.33152855e-19  1.21019298e-23 -2.90867047e-23 -4.47129093e-18\n   6.49475579e-23 -1.56099929e-22 -4.32342576e-19  1.03912530e-18\n  -1.50937680e-23]\n [-2.85598691e-23  3.98382392e-17  5.40548137e-23  1.33334141e-22\n  -5.27634039e-23 -2.83165942e-22  1.88497706e-18 -2.73801668e-23\n   6.58075938e-23 -3.64005471e-17 -8.97873030e-17  3.55309122e-17\n   1.90684182e-16 -2.62935987e-12  3.81926683e-17 -9.17951739e-17\n  -8.13090617e-23 -2.64643976e-23  1.10616533e-22 -3.56766695e-18\n   5.18220042e-23 -1.24552963e-22 -4.89306488e-23  3.10706956e-22\n  -8.80017375e-18  1.27826581e-22 -3.07228187e-22 -1.10630501e-22\n   3.48243258e-18 -5.05839406e-23  1.21577316e-22  1.86892106e-17\n  -2.71469383e-22  6.52470283e-22  1.80711602e-18 -4.34336120e-18\n   6.30892989e-23]\n [ 9.21129042e-19 -1.28488541e-12 -1.74340641e-18 -4.30036808e-18\n   1.70175513e-18  9.13282803e-18 -6.07953456e-14  8.83080616e-19\n  -2.12246372e-18  1.17401102e-12  2.89587085e-12 -1.14596306e-12\n  -6.15005402e-12  8.48036007e-08 -1.23181153e-12  2.96062984e-12\n   2.62242582e-18  8.53544710e-19 -3.56766695e-18  1.15066411e-13\n  -1.67139257e-18  4.01715255e-18  1.57813895e-18 -1.00210964e-17\n   2.83828178e-13 -4.12273514e-18  9.90889716e-18  3.56811744e-18\n  -1.12317384e-13  1.63146185e-18 -3.92118032e-18 -6.02774985e-13\n   8.75558399e-18 -2.10438404e-17 -5.82841274e-14  1.40084541e-13\n  -2.03479173e-18]\n [-1.33798232e-23  1.86635519e-17  2.53237804e-23  6.24648254e-23\n  -2.47187764e-23 -1.32658530e-22  8.83080372e-19 -1.28271523e-23\n   3.08297622e-23 -1.70530503e-17 -4.20638568e-17  1.66456409e-17\n   8.93323649e-17 -1.23181133e-12  1.78926293e-17 -4.30045109e-17\n  -3.80919418e-23 -1.23981297e-23  5.18220042e-23 -1.67139257e-18\n   2.42777463e-23 -5.83509895e-23 -2.29231944e-23  1.45561037e-22\n  -4.12273490e-18  5.98846252e-23 -1.43931291e-22 -5.18285479e-23\n   1.63146169e-18 -2.36977341e-23  5.69569486e-23  8.75558405e-18\n  -1.27178887e-22  3.05671466e-22  8.46603772e-19 -2.03479242e-18\n   2.95562863e-23]\n [ 3.21580890e-23 -4.48574059e-17 -6.08651077e-23 -1.50132732e-22\n   5.94109949e-23  3.18841642e-22 -2.12246281e-18  3.08297575e-23\n  -7.40986049e-23  4.09866035e-17  1.01099486e-16 -4.00074044e-17\n  -2.14708228e-16  2.96062941e-12 -4.30045117e-17  1.03360326e-16\n   9.15530820e-23  2.97986118e-23 -1.24552963e-22  4.01715255e-18\n  -5.83509895e-23  1.40245224e-22  5.50953561e-23 -3.49852512e-22\n   9.90889592e-18 -1.43931281e-22  3.45935457e-22  1.24568690e-22\n  -3.92117962e-18  5.69569439e-23 -1.36894680e-22 -2.10438394e-17\n   3.05671449e-22 -7.34674145e-22 -2.03479216e-18  4.89057549e-18\n  -7.10378356e-23]\n [ 1.26333098e-23 -1.76222382e-17 -2.39108661e-23 -5.89796648e-23\n   2.33396177e-23  1.25256984e-22 -8.33809812e-19  1.21114746e-23\n  -2.91096474e-23  1.61015929e-17  3.97169472e-17 -1.57169145e-17\n  -8.43481575e-17  1.16308368e-12 -1.68943285e-17  4.06051184e-17\n   3.59666411e-23  1.17063888e-23 -4.89306488e-23  1.57813895e-18\n  -2.29231944e-23  5.50953561e-23  2.16442184e-23 -1.37439608e-22\n   3.89271115e-18 -5.65434242e-23  1.35900793e-22  4.89368274e-23\n  -1.54043596e-18  2.23755434e-23 -5.37790942e-23 -8.26707525e-18\n   1.20083072e-22 -2.88616841e-22 -7.99368386e-19  1.92126327e-18\n  -2.79072237e-23]\n [-8.02208293e-23  1.11900253e-16  1.51832698e-22  3.74517661e-22\n  -1.48205302e-22 -7.95375029e-22  5.29464691e-18 -7.69072042e-23\n   1.84844676e-22 -1.02244239e-16 -2.52200452e-16  9.98015512e-17\n   5.35606209e-16 -7.38551806e-12  1.07278066e-16 -2.57840292e-16\n  -2.28386213e-22 -7.43349317e-23  3.10706956e-22 -1.00210964e-17\n   1.45561037e-22 -3.49852512e-22 -1.37439608e-22  8.72734032e-22\n  -2.47185039e-17  3.59047665e-22 -8.62962637e-22 -3.10746190e-22\n   9.78168451e-18 -1.42083483e-22  3.41494321e-22  5.24954778e-17\n  -7.62520968e-22  1.83270123e-21  5.07594573e-18 -1.21999172e-17\n   1.77209351e-22]\n [ 2.27209987e-18 -3.16935830e-12 -4.30036759e-18 -1.06074886e-17\n   4.19762860e-18  2.25274597e-17 -1.49960636e-13  2.17824785e-18\n  -5.23536803e-18  2.89587036e-12  7.14309015e-12 -2.82668596e-12\n  -1.51700102e-11  2.09180518e-07 -3.03844379e-12  7.30282769e-12\n   6.46859788e-18  2.10539321e-18 -8.80017375e-18  2.83828178e-13\n  -4.12273490e-18  9.90889592e-18  3.89271115e-18 -2.47185039e-17\n   7.00103827e-13 -1.01693309e-17  2.44417480e-17  8.80128497e-18\n  -2.77047300e-13  4.02423991e-18 -9.67216632e-18 -1.48683290e-12\n   2.15969320e-17 -5.19077185e-17 -1.43766348e-13  3.45539064e-13\n  -5.01911222e-18]\n [-3.30032982e-23  4.60363905e-17  6.24648218e-23  1.54078662e-22\n  -6.09724906e-23 -3.27221738e-22  2.17824737e-18 -3.16400542e-23\n   7.60461343e-23 -4.20638520e-17 -1.03756678e-16  4.10589167e-17\n   2.20351392e-16 -3.03844347e-12  4.41347968e-17 -1.06076939e-16\n  -9.39593664e-23 -3.05818070e-23  1.27826581e-22 -4.12273514e-18\n   5.98846252e-23 -1.43931281e-22 -5.65434242e-23  3.59047665e-22\n  -1.01693309e-17  1.47714219e-22 -3.55027659e-22 -1.27842722e-22\n   4.02423975e-18 -5.84539400e-23  1.40492675e-22  2.15969334e-17\n  -3.13705394e-22  7.53983543e-22  2.08827248e-18 -5.01911420e-18\n   7.29049189e-23]\n [ 7.93226525e-23 -1.10647384e-16 -1.50132733e-22 -3.70324447e-22\n   1.46545950e-22  7.86469768e-22 -5.23536644e-18  7.60461278e-23\n  -1.82775099e-22  1.01099481e-16  2.49376740e-16 -9.86841428e-17\n  -5.29609399e-16  7.30282756e-12 -1.06076948e-16  2.54953433e-16\n   2.25829132e-22  7.35026553e-23 -3.07228187e-22  9.90889716e-18\n  -1.43931291e-22  3.45935457e-22  1.35900793e-22 -8.62962637e-22\n   2.44417480e-17 -3.55027659e-22  8.53300645e-22  3.07266981e-22\n  -9.67216580e-18  1.40492673e-22 -3.37670847e-22 -5.19077225e-17\n   7.53983551e-22 -1.81218175e-21 -5.01911390e-18  1.20633232e-17\n  -1.75225262e-22]\n [ 2.85634754e-23 -3.98432697e-17 -5.40616393e-23 -1.33350977e-22\n   5.27700664e-23  2.83201698e-22 -1.88521508e-18  2.73836241e-23\n  -6.58159035e-23  3.64051434e-17  8.97986406e-17 -3.55353987e-17\n  -1.90708260e-16  2.62969188e-12 -3.81974910e-17  9.18067651e-17\n   8.13193287e-23  2.64677393e-23 -1.10630501e-22  3.56811744e-18\n  -5.18285479e-23  1.24568690e-22  4.89368274e-23 -3.10746190e-22\n   8.80128497e-18 -1.27842722e-22  3.07266981e-22  1.10644470e-22\n  -3.48287231e-18  5.05903280e-23 -1.21592668e-22 -1.86915705e-17\n   2.71503662e-22 -6.52552672e-22 -1.80734421e-18  4.34390964e-18\n  -6.30972653e-23]\n [-8.99122544e-19  1.25418849e-12  1.70175506e-18  4.19762890e-18\n  -1.66109886e-18 -8.91463758e-18  5.93428969e-14 -8.61983125e-19\n   2.07175639e-18 -1.14596297e-12 -2.82668622e-12  1.11858510e-12\n   6.00312439e-12 -8.27775759e-08  1.20238258e-12 -2.88989806e-12\n  -2.55977400e-18 -8.33152855e-19  3.48243258e-18 -1.12317384e-13\n   1.63146169e-18 -3.92117962e-18 -1.54043596e-18  9.78168451e-18\n  -2.77047300e-13  4.02423975e-18 -9.67216580e-18 -3.48287231e-18\n   1.09634033e-13 -1.59248494e-18  3.82750023e-18  5.88374216e-13\n  -8.54640619e-18  2.05410865e-17  5.68916737e-14 -1.36737811e-13\n   1.98617895e-18]\n [ 1.30601700e-23 -1.82176667e-17 -2.47187777e-23 -6.09724974e-23\n   2.41282277e-23  1.29489226e-22 -8.61982970e-19  1.25207028e-23\n  -3.00932178e-23  1.66456412e-17  4.10589221e-17 -1.62479650e-17\n  -8.71981528e-17  1.20238250e-12 -1.74651620e-17  4.19771033e-17\n   3.71818989e-23  1.21019298e-23 -5.05839406e-23  1.63146185e-18\n  -2.36977341e-23  5.69569439e-23  2.23755434e-23 -1.42083483e-22\n   4.02423991e-18 -5.84539400e-23  1.40492673e-22  5.05903280e-23\n  -1.59248494e-18  2.31315788e-23 -5.55962076e-23 -8.54640708e-18\n   1.24140495e-22 -2.98368763e-22 -8.26377821e-19  1.98617982e-18\n  -2.88501661e-23]\n [-3.13898125e-23  4.37857350e-17  5.94110029e-23  1.46545969e-22\n  -5.79916297e-23 -3.11224319e-22  2.07175587e-18 -3.00932157e-23\n   7.23283438e-23 -4.00074084e-17 -9.86841569e-17  3.90516030e-17\n   2.09578717e-16 -2.88989816e-12  4.19771076e-17 -1.00890984e-16\n  -8.93658227e-23 -2.90867047e-23  1.21577316e-22 -3.92118032e-18\n   5.69569486e-23 -1.36894680e-22 -5.37790942e-23  3.41494321e-22\n  -9.67216632e-18  1.40492675e-22 -3.37670847e-22 -1.21592668e-22\n   3.82750023e-18 -5.55962076e-23  1.33624182e-22  2.05410891e-17\n  -2.98368770e-22  7.17122329e-22  1.98617973e-18 -4.77373664e-18\n   6.93406982e-23]\n [-4.82533121e-18  6.73086765e-12  9.13282826e-18  2.25274629e-17\n  -8.91463818e-18 -4.78422871e-17  3.18476202e-13 -4.62601466e-18\n   1.11185186e-17 -6.15005255e-12 -1.51700091e-11  6.00312343e-12\n   3.22170361e-11 -4.44243361e-07  6.45284031e-12 -1.55092489e-11\n  -1.37375683e-17 -4.47129093e-18  1.86892106e-17 -6.02774985e-13\n   8.75558405e-18 -2.10438394e-17 -8.26707525e-18  5.24954778e-17\n  -1.48683290e-12  2.15969334e-17 -5.19077225e-17 -1.86915705e-17\n   5.88374216e-13 -8.54640708e-18  2.05410891e-17  3.15763462e-12\n  -4.58660956e-17  1.10238083e-16  3.05321194e-13 -7.33832367e-13\n   1.06592492e-17]\n [ 7.00901559e-23 -9.77689494e-17 -1.32658532e-22 -3.27221763e-22\n   1.29489221e-22  6.94931232e-22 -4.62601335e-18  6.71949914e-23\n  -1.61501598e-22  8.93323429e-17  2.20351362e-16 -8.71981298e-17\n  -4.67967272e-16  6.45283920e-12 -9.37304744e-17  2.25278976e-16\n   1.99544500e-22  6.49475579e-23 -2.71469383e-22  8.75558399e-18\n  -1.27178887e-22  3.05671449e-22  1.20083072e-22 -7.62520968e-22\n   2.15969320e-17 -3.13705394e-22  7.53983551e-22  2.71503662e-22\n  -8.54640619e-18  1.24140495e-22 -2.98368770e-22 -4.58660956e-17\n   6.66226141e-22 -1.60125887e-21 -4.43493081e-18  1.06592528e-17\n  -1.54830499e-22]\n [-1.68460043e-22  2.34985373e-16  3.18841666e-22  7.86469819e-22\n  -3.11224300e-22 -1.67025089e-21  1.11185144e-17 -1.61501583e-22\n   3.88165297e-22 -2.14708187e-16 -5.29609322e-16  2.09578656e-16\n   1.12474834e-15 -1.55092474e-11  2.25278993e-16 -5.41452724e-16\n  -4.79600518e-22 -1.56099929e-22  6.52470283e-22 -2.10438404e-17\n   3.05671466e-22 -7.34674145e-22 -2.88616841e-22  1.83270123e-21\n  -5.19077185e-17  7.53983543e-22 -1.81218175e-21 -6.52552672e-22\n   2.05410865e-17 -2.98368763e-22  7.17122329e-22  1.10238083e-16\n  -1.60125887e-21  3.84858808e-21  1.06592520e-17 -2.56192636e-17\n   3.72131467e-22]\n [-4.66575797e-19  6.50827850e-13  8.83080650e-19  2.17824818e-18\n  -8.61983194e-19 -4.62601472e-18  3.07944224e-14 -4.47303280e-19\n   1.07508303e-18 -5.94667090e-13 -1.46683384e-12  5.80460071e-13\n   3.11516218e-12 -4.29552275e-08  6.23944549e-13 -1.49963595e-12\n  -1.32832682e-18 -4.32342576e-19  1.80711602e-18 -5.82841274e-14\n   8.46603772e-19 -2.03479216e-18 -7.99368386e-19  5.07594573e-18\n  -1.43766348e-13  2.08827248e-18 -5.01911390e-18 -1.80734421e-18\n   5.68916737e-14 -8.26377821e-19  1.98617973e-18  3.05321194e-13\n  -4.43493081e-18  1.06592520e-17  2.95224251e-14 -7.09564601e-14\n   1.03067489e-18]\n [ 1.12140404e-18 -1.56424956e-12 -2.12246374e-18 -5.23536870e-18\n   2.07175650e-18  1.11185185e-17 -7.40136759e-14  1.07508300e-18\n  -2.58393698e-18  1.42926848e-12  3.52550091e-12 -1.39512224e-12\n  -7.48721963e-12  1.03241887e-07 -1.49963617e-12  3.60434002e-12\n   3.19260254e-18  1.03912530e-18 -4.34336120e-18  1.40084541e-13\n  -2.03479242e-18  4.89057549e-18  1.92126327e-18 -1.21999172e-17\n   3.45539064e-13 -5.01911420e-18  1.20633232e-17  4.34390964e-18\n  -1.36737811e-13  1.98617982e-18 -4.77373664e-18 -7.33832367e-13\n   1.06592528e-17 -2.56192636e-17 -7.09564601e-14  1.70542197e-13\n  -2.47720305e-18]\n [-1.62889043e-23  2.27214370e-17  3.08297522e-23  7.60461140e-23\n  -3.00932064e-23 -1.61501543e-22  1.07508234e-18 -1.56160700e-23\n   3.75328610e-23 -2.07607754e-17 -5.12095059e-17  2.02647857e-17\n   1.08755274e-16 -1.49963542e-12  2.17828981e-17 -5.23546798e-17\n  -4.63740054e-23 -1.50937680e-23  6.30892989e-23 -2.03479173e-18\n   2.95562863e-23 -7.10378356e-23 -2.79072237e-23  1.77209351e-22\n  -5.01911222e-18  7.29049189e-23 -1.75225262e-22 -6.30972653e-23\n   1.98617895e-18 -2.88501661e-23  6.93406982e-23  1.06592492e-17\n  -1.54830499e-22  3.72131467e-22  1.03067489e-18 -2.47720305e-18\n   3.59825022e-23]]', 'hess_sum': '[[-2.21840422e-23  3.09445714e-17 -1.73631753e-24  7.25916133e-24\n   1.43038952e-24 -1.04123044e-23  1.46416604e-18 -2.12676476e-23\n   5.11163309e-23  1.16925596e-18 -4.88830531e-18 -9.63229167e-19\n   7.01167763e-18 -2.04236815e-12  2.96663895e-17 -7.13023727e-17\n   5.44292337e-24  3.65475304e-24 -5.48478373e-24  1.14599645e-19\n  -1.66461352e-24  4.00085057e-24  9.14572592e-24  6.58528612e-25\n  -4.79109911e-19  6.95928018e-24 -1.67264576e-23  5.22722755e-24\n  -9.44072028e-20  1.37130829e-24 -3.29592914e-24  6.87221731e-19\n  -9.98221320e-24  2.39920028e-23  1.40368607e-18 -3.37372548e-18\n   4.90048577e-23]\n [ 3.09445714e-17 -4.31646230e-11  2.42198275e-18 -1.01258186e-17\n  -1.99523790e-18  1.45241992e-17 -2.04236956e-12  2.96663414e-17\n  -7.13024147e-17 -1.63097010e-12  6.81873554e-12  1.34359614e-12\n  -9.78060554e-12  2.84890334e-06 -4.13816618e-11  9.94598182e-11\n  -7.59233497e-18 -5.09800485e-18  7.65072022e-18 -1.59853512e-13\n   2.32194271e-18 -5.58072725e-18 -1.27573986e-17 -9.18605069e-19\n   6.68312999e-13 -9.70754577e-18  2.33318629e-17 -7.29147011e-18\n   1.31687487e-13 -1.91281953e-18  4.59744006e-18 -9.58610280e-13\n   1.39242465e-17 -3.34665833e-17 -1.95800617e-12  4.70602263e-12\n  -6.83571108e-17]\n [-1.73631753e-24  2.42198275e-18 -2.41383959e-22  1.03072144e-22\n   7.43905245e-23 -9.92050299e-23  1.14600397e-19 -1.66460557e-24\n   4.00085846e-24  1.62548109e-16 -6.94088421e-17 -5.00946325e-17\n   6.68047254e-17 -1.59853490e-13  2.32195454e-18 -5.58072768e-18\n   1.15561942e-22  8.58577667e-23 -1.36913999e-22  1.59315610e-17\n  -2.31413244e-22  5.56196315e-22 -1.41619127e-22  1.80756242e-22\n  -6.80285553e-18  9.88146001e-23 -2.37498571e-22 -9.52623772e-24\n  -4.90984231e-18  7.13177259e-23 -1.71410472e-22  6.54762189e-18\n  -9.51072196e-23  2.28587977e-22  1.09866240e-19 -2.64060010e-19\n   3.83559786e-24]\n [ 7.25916133e-24 -1.01258186e-17  1.03072144e-22 -5.22765875e-22\n   2.00538627e-22 -5.16976581e-23 -4.79108841e-19  6.95928197e-24\n  -1.67265279e-23 -6.94088451e-17  3.52030917e-16 -1.35042827e-16\n   3.48132103e-17  6.68312400e-13 -9.70755201e-18  2.33318623e-17\n   1.32898208e-22 -1.04873239e-22  1.47249784e-22 -6.80285547e-18\n   9.88146008e-23 -2.37498574e-22  3.62700544e-22 -4.49361037e-22\n   3.45030291e-17 -5.01172289e-22  1.20455573e-21  1.44052248e-22\n  -1.32357313e-17  1.92255090e-22 -4.62080610e-22  3.41209201e-18\n  -4.95622076e-23  1.19121621e-22 -4.59320105e-19  1.10396506e-18\n  -1.60355381e-23]\n [ 1.43038952e-24 -1.99523790e-18  7.43905245e-23  2.00538627e-22\n  -1.41748958e-22  9.65711269e-23 -9.44077420e-20  1.37130478e-24\n  -3.29589616e-24 -5.00946318e-17 -1.35042845e-16  9.54538397e-17\n  -6.50310430e-17  1.31687348e-13 -1.91281405e-18  4.59742260e-18\n  -1.21114576e-22  9.97140828e-25 -8.45981683e-24 -4.90984230e-18\n   7.13177260e-23 -1.71410471e-22 -1.01169731e-22  1.11991108e-22\n  -1.32357313e-17  1.92255091e-22 -4.62080563e-22 -6.05768879e-23\n   9.35555930e-18 -1.35893812e-22  3.26617580e-22 -6.37378241e-18\n   9.25821335e-23 -2.22518966e-22 -9.05078324e-20  2.17532574e-19\n  -3.15977664e-24]\n [-1.04123044e-23  1.45241992e-17 -9.92050299e-23 -5.16976581e-23\n   9.65711269e-23 -3.37027649e-22  6.87222644e-19 -9.98220990e-24\n   2.39920384e-23  6.68047355e-17  3.48132146e-17 -6.50310500e-17\n   2.26954639e-16 -9.58609357e-13  1.39242422e-17 -3.34666078e-17\n   1.32642747e-22 -3.46341645e-23 -2.63533009e-23  6.54762273e-18\n  -9.51072201e-23  2.28587978e-22  2.86651928e-23  2.01317282e-22\n   3.41209161e-18 -4.95622086e-23  1.19121597e-22 -2.13048618e-23\n  -6.37378168e-18  9.25821146e-23 -2.22518968e-22  2.22441283e-17\n  -3.23106241e-22  7.76578228e-22  6.58836293e-19 -1.58349596e-18\n   2.30009794e-23]\n [ 1.46416604e-18 -2.04236956e-12  1.14600397e-19 -4.79108841e-19\n  -9.44077420e-20  6.87222644e-19 -9.66363025e-14  1.40368660e-18\n  -3.37373243e-18 -7.71717248e-14  3.22632224e-13  6.35743592e-14\n  -4.62775896e-13  1.34798028e-07 -1.95800619e-12  4.70602081e-12\n  -3.59238610e-19 -2.41216940e-19  3.62000050e-19 -7.56370809e-15\n   1.09866182e-19 -2.64060433e-19 -6.03626594e-19 -4.34617057e-20\n   3.16217956e-14 -4.59318499e-19  1.10395932e-18 -3.45002434e-19\n   6.23099900e-15 -9.05089227e-20  2.17532690e-19 -4.53572512e-14\n   6.58836750e-19 -1.58349678e-18 -9.26445347e-14  2.22669205e-13\n  -3.23437226e-18]\n [-2.12676476e-23  2.96663414e-17 -1.66460557e-24  6.95928197e-24\n   1.37130478e-24 -9.98220990e-24  1.40368660e-18 -2.03891901e-23\n   4.90049723e-23  1.12095151e-18 -4.68637659e-18 -9.23440763e-19\n   6.72202557e-18 -1.95800515e-12  2.84409323e-17 -6.83571851e-17\n   5.21809522e-24  3.50377861e-24 -5.25821047e-24  1.09866154e-19\n  -1.59585465e-24  3.83558450e-24  8.76795984e-24  6.31321859e-25\n  -4.59320505e-19  6.67182861e-24 -1.60355486e-23  5.01132494e-24\n  -9.05075295e-20  1.31466286e-24 -3.15977859e-24  6.58835657e-19\n  -9.56988733e-24  2.30009998e-23  1.34570595e-18 -3.23437312e-18\n   4.69808247e-23]\n [ 5.11163309e-23 -7.13024147e-17  4.00085846e-24 -1.67265279e-23\n  -3.29589616e-24  2.39920384e-23 -3.37373243e-18  4.90049723e-23\n  -1.17782372e-22 -2.69417114e-18  1.12636366e-17  2.21947703e-18\n  -1.61562625e-17  4.70602034e-12 -6.83571084e-17  1.64294753e-16\n  -1.25415883e-23 -8.42125116e-24  1.26380110e-23 -2.64062712e-19\n   3.83560267e-24 -9.21879511e-24 -2.10735878e-23 -1.51734989e-24\n   1.10396285e-18 -1.60356140e-23  3.85411739e-23 -1.20445764e-23\n   2.17531952e-19 -3.15979093e-24  7.59448119e-24 -1.58349700e-18\n   2.30009932e-23 -5.52824014e-23 -3.23437194e-18  7.77373365e-18\n  -1.12917165e-22]\n [ 1.16925596e-18 -1.63097010e-12  1.62548109e-16 -6.94088451e-17\n  -5.00946318e-17  6.68047355e-17 -7.71717248e-14  1.12095151e-18\n  -2.69417114e-18 -1.09460016e-10  4.67399642e-11  3.37337531e-11\n  -4.49863520e-11  1.07645380e-07 -1.56360338e-12  3.75807130e-12\n  -7.78194985e-17 -5.78166758e-17  9.21979782e-17 -1.07283245e-11\n   1.55833836e-16 -3.74542983e-16  9.53664074e-17 -1.21721392e-16\n   4.58104718e-12 -6.65417998e-17  1.59931688e-16  6.41496916e-18\n   3.30629137e-12 -4.80254013e-17  1.15427925e-16 -4.40917319e-12\n   6.40452676e-17 -1.53931314e-16 -7.39838137e-14  1.77817841e-13\n  -2.58290031e-18]\n [-4.88830531e-18  6.81873554e-12 -6.94088421e-17  3.52030917e-16\n  -1.35042845e-16  3.48132146e-17  3.22632224e-13 -4.68637659e-18\n   1.12636366e-17  4.67399642e-11 -2.37057831e-10  9.09379334e-11\n  -2.34432246e-11 -4.50041853e-07  6.53706656e-12 -1.57117017e-11\n  -8.94937408e-17  7.06217001e-17 -9.91581073e-17  4.58104694e-12\n  -6.65418106e-17  1.59931697e-16 -2.44242740e-16  3.02600062e-16\n  -2.32343610e-11  3.37489772e-16 -8.11148765e-16 -9.70048842e-17\n   8.91294947e-12 -1.29464696e-16  3.11165393e-16 -2.29770406e-12\n   3.33751960e-17 -8.02164982e-17  3.09305215e-13 -7.43409190e-13\n   1.07983708e-17]\n [-9.63229167e-19  1.34359614e-12 -5.00946325e-17 -1.35042827e-16\n   9.54538397e-17 -6.50310500e-17  6.35743592e-14 -9.23440763e-19\n   2.21947703e-18  3.37337531e-11  9.09379334e-11 -6.42786643e-11\n   4.37919521e-11 -8.86783015e-08  1.28809398e-12 -3.09590522e-12\n   8.15586317e-17 -6.71476150e-19  5.69684053e-18  3.30629097e-12\n  -4.80254020e-17  1.15427926e-16  6.81277736e-17 -7.54148663e-17\n   8.91294912e-12 -1.29464691e-16  3.11165383e-16  4.07925129e-17\n  -6.30003937e-12  9.15109705e-17 -2.19944488e-16  4.29210871e-12\n  -6.23448596e-17  1.49844403e-16  6.09481665e-14 -1.46486667e-13\n   2.12780180e-18]\n [ 7.01167763e-18 -9.78060554e-12  6.68047254e-17  3.48132103e-17\n  -6.50310430e-17  2.26954639e-16 -4.62775896e-13  6.72202557e-18\n  -1.61562625e-17 -4.49863520e-11 -2.34432246e-11  4.37919521e-11\n  -1.52831422e-10  6.45527772e-07 -9.37659368e-12  2.25364456e-11\n  -8.93217188e-17  2.33226714e-17  1.77463262e-17 -4.40917296e-12\n   6.40452580e-17 -1.53931280e-16 -1.93031399e-17 -1.35567215e-16\n  -2.29770242e-12  3.33751931e-17 -8.02164977e-17  1.43467180e-17\n   4.29210788e-12 -6.23448462e-17  1.49844376e-16 -1.49792103e-11\n   2.17579955e-16 -5.22948393e-16 -4.43661262e-13  1.06632567e-12\n  -1.54888853e-17]\n [-2.04236815e-12  2.84890334e-06 -1.59853490e-13  6.68312400e-13\n   1.31687348e-13 -9.58609357e-13  1.34798028e-07 -1.95800515e-12\n   4.70602034e-12  1.07645380e-07 -4.50041853e-07 -8.86783015e-08\n   6.45527772e-07 -1.88030178e-01  2.73122550e-06 -6.56443420e-06\n   5.01101212e-13  3.36472377e-13 -5.04954347e-13  1.05504488e-08\n  -1.53250467e-13  3.68333711e-13  8.41998760e-13  6.06288632e-14\n  -4.41092520e-08  6.40706612e-13 -1.53992524e-12  4.81242579e-13\n  -8.69149969e-09  1.26247999e-13 -3.03434464e-13  6.32691204e-08\n  -9.19013043e-13  2.20882492e-12  1.29230101e-07 -3.10601861e-07\n   4.51163596e-12]\n [ 2.96663895e-17 -4.13816618e-11  2.32195454e-18 -9.70755201e-18\n  -1.91281405e-18  1.39242422e-17 -1.95800619e-12  2.84409323e-17\n  -6.83571084e-17 -1.56360338e-12  6.53706656e-12  1.28809398e-12\n  -9.37659368e-12  2.73122550e-06 -3.96723105e-11  9.53514854e-11\n  -7.27872817e-18 -4.88742377e-18  7.33470581e-18 -1.53250396e-13\n   2.22603316e-18 -5.35023177e-18 -1.22304232e-17 -8.80678193e-19\n   6.40707163e-13 -9.30655764e-18  2.23681264e-17 -6.99027566e-18\n   1.26247773e-13 -1.83381097e-18  4.40753003e-18 -9.19013682e-13\n   1.33490921e-17 -3.20842284e-17 -1.87712777e-12  4.51163467e-12\n  -6.55335040e-17]\n [-7.13023727e-17  9.94598182e-11 -5.58072768e-18  2.33318623e-17\n   4.59742260e-18 -3.34666078e-17  4.70602081e-12 -6.83571851e-17\n   1.64294753e-16  3.75807130e-12 -1.57117017e-11 -3.09590522e-12\n   2.25364456e-11 -6.56443420e-06  9.53514854e-11 -2.29175046e-10\n   1.74942419e-17  1.17468007e-17 -1.76287794e-17  3.68334655e-13\n  -5.35021254e-18  1.28590962e-17  2.93955523e-17  2.11668970e-18\n  -1.53992312e-12  2.23681002e-17 -5.37612991e-17  1.68009491e-17\n  -3.03434287e-13  4.40752400e-18 -1.05933833e-17  2.20882664e-12\n  -3.20842109e-17  7.71137016e-17  4.51162927e-12 -1.08436025e-11\n   1.57508112e-16]\n [ 5.44292337e-24 -7.59233497e-18  1.15561942e-22  1.32898208e-22\n  -1.21114576e-22  1.32642747e-22 -3.59238610e-19  5.21809522e-24\n  -1.25415883e-23 -7.78194985e-17 -8.94937408e-17  8.15586317e-17\n  -8.93217188e-17  5.01101212e-13 -7.27872817e-18  1.74942419e-17\n  -1.55660925e-22  1.19021961e-23  6.07964570e-23 -7.62719347e-18\n   1.10788496e-22 -2.66277564e-22 -6.78219287e-23  2.24062050e-23\n  -8.77140209e-18  1.27408656e-22 -3.06223683e-22 -5.17110999e-23\n   7.99367163e-18 -1.16111758e-22  2.79071884e-22 -8.75454003e-18\n   1.27163725e-22 -3.05635118e-22 -3.44399975e-19  8.27756539e-19\n  -1.20235243e-23]\n [ 3.65475304e-24 -5.09800485e-18  8.58577667e-23 -1.04873239e-22\n   9.97140828e-25 -3.46341645e-23 -2.41216940e-19  3.50377861e-24\n  -8.42125116e-24 -5.78166758e-17  7.06217001e-17 -6.71476150e-19\n   2.33226714e-17  3.36472377e-13 -4.88742377e-18  1.17468007e-17\n   1.19021961e-23 -7.32868776e-23  4.45488183e-23 -5.66669084e-18\n   8.23112970e-23 -1.97833255e-22  1.09890745e-22 -7.42771460e-23\n   6.92172956e-18 -1.00541292e-22  2.41648659e-22  1.90518969e-23\n  -6.58118009e-20  9.55950530e-25 -2.29760195e-24  2.28588601e-18\n  -3.32035504e-23  7.98039663e-23 -2.31252814e-19  5.55811905e-19\n  -8.07342796e-24]\n [-5.48478373e-24  7.65072022e-18 -1.36913999e-22  1.47249784e-22\n  -8.45981683e-24 -2.63533009e-23  3.62000050e-19 -5.25821047e-24\n   1.26380110e-23  9.21979782e-17 -9.91581073e-17  5.69684053e-18\n   1.77463262e-17 -5.04954347e-13  7.33470581e-18 -1.76287794e-17\n   6.07964570e-23  4.45488183e-23 -1.46920545e-22  9.03644774e-18\n  -1.31258545e-22  3.15476899e-22 -1.19825106e-22  1.61584617e-22\n  -9.71862132e-18  1.41167409e-22 -3.39292610e-22 -1.29153491e-23\n   5.58355465e-19 -8.11036395e-24  1.94930778e-23  1.73934144e-18\n  -2.52647224e-23  6.07231969e-23  3.47047360e-19 -8.34119527e-19\n   1.21159896e-23]\n [ 1.14599645e-19 -1.59853512e-13  1.59315610e-17 -6.80285547e-18\n  -4.90984230e-18  6.54762273e-18 -7.56370809e-15  1.09866154e-19\n  -2.64062712e-19 -1.07283245e-11  4.58104694e-12  3.30629097e-12\n  -4.40917296e-12  1.05504488e-08 -1.53250396e-13  3.68334655e-13\n  -7.62719347e-18 -5.66669084e-18  9.03644774e-18 -1.05149759e-12\n   1.52734852e-17 -3.67094626e-17  9.34699144e-18 -1.19300753e-17\n   4.48994642e-13 -6.52185411e-18  1.56751209e-17  6.28740269e-19\n   3.24054022e-13 -4.70703438e-18  1.13132491e-17 -4.32148981e-13\n   6.27716253e-18 -1.50870143e-17 -7.25123427e-15  1.74281380e-14\n  -2.53153928e-19]\n [-1.66461352e-24  2.32194271e-18 -2.31413244e-22  9.88146008e-23\n   7.13177260e-23 -9.51072201e-23  1.09866182e-19 -1.59585465e-24\n   3.83560267e-24  1.55833836e-16 -6.65418106e-17 -4.80254020e-17\n   6.40452580e-17 -1.53250467e-13  2.22603316e-18 -5.35021254e-18\n   1.10788496e-22  8.23112970e-23 -1.31258545e-22  1.52734852e-17\n  -2.21854414e-22  5.33221878e-22 -1.35769350e-22  1.73289835e-22\n  -6.52185421e-18  9.47329320e-23 -2.27688364e-22 -9.13273694e-24\n  -4.70703440e-18  6.83718533e-23 -1.64330147e-22  6.27716256e-18\n  -9.11786737e-23  2.19145836e-22  1.05327457e-19 -2.53154035e-19\n   3.67717021e-24]\n [ 4.00085057e-24 -5.58072725e-18  5.56196315e-22 -2.37498574e-22\n  -1.71410471e-22  2.28587978e-22 -2.64060433e-19  3.83558450e-24\n  -9.21879511e-24 -3.74542983e-16  1.59931697e-16  1.15427926e-16\n  -1.53931280e-16  3.68333711e-13 -5.35023177e-18  1.28590962e-17\n  -2.66277564e-22 -1.97833255e-22  3.15476899e-22 -3.67094626e-17\n   5.33221878e-22 -1.28158625e-21  3.26318446e-22 -4.16498092e-22\n   1.56751246e-17 -2.27688340e-22  5.47243671e-22  2.19503211e-23\n   1.13132483e-17 -1.64330121e-22  3.94963623e-22 -1.50870143e-17\n   2.19145785e-22 -5.26711817e-22 -2.53153255e-19  6.08451728e-19\n  -8.83791993e-24]\n [ 9.14572592e-24 -1.27573986e-17 -1.41619127e-22  3.62700544e-22\n  -1.01169731e-22  2.86651928e-23 -6.03626594e-19  8.76795984e-24\n  -2.10735878e-23  9.53664074e-17 -2.44242740e-16  6.81277736e-17\n  -1.93031399e-17  8.41998760e-13 -1.22304232e-17  2.93955523e-17\n  -6.78219287e-23  1.09890745e-22 -1.19825106e-22  9.34699144e-18\n  -1.35769350e-22  3.26318446e-22 -2.93929803e-22  3.29710012e-22\n  -2.39385636e-17  3.47718619e-22 -8.35733581e-22 -1.00516974e-22\n   6.67729512e-18 -9.69907899e-23  2.33115083e-22 -1.89192888e-18\n   2.74811342e-23 -6.60502657e-23 -5.78694124e-19  1.39087396e-18\n  -2.02030970e-23]\n [ 6.58528612e-25 -9.18605069e-19  1.80756242e-22 -4.49361037e-22\n   1.11991108e-22  2.01317282e-22 -4.34617057e-20  6.31321859e-25\n  -1.51734989e-24 -1.21721392e-16  3.02600062e-16 -7.54148663e-17\n  -1.35567215e-16  6.06288632e-14 -8.80678193e-19  2.11668970e-18\n   2.24062050e-23 -7.42771460e-23  1.61584617e-22 -1.19300753e-17\n   1.73289835e-22 -4.16498092e-22  3.29710012e-22 -5.77600337e-22\n   2.96582377e-17 -4.30799496e-22  1.03541667e-21  1.53773119e-22\n  -7.39151425e-18  1.07365140e-22 -2.58049600e-22 -1.32871222e-17\n   1.93001568e-22 -4.63874756e-22 -4.16669062e-20  1.00148487e-19\n  -1.45465379e-24]\n [-4.79109911e-19  6.68312999e-13 -6.80285553e-18  3.45030291e-17\n  -1.32357313e-17  3.41209161e-18  3.16217956e-14 -4.59320505e-19\n   1.10396285e-18  4.58104718e-12 -2.32343610e-11  8.91294912e-12\n  -2.29770242e-12 -4.41092520e-08  6.40707163e-13 -1.53992312e-12\n  -8.77140209e-18  6.92172956e-18 -9.71862132e-18  4.48994642e-13\n  -6.52185421e-18  1.56751246e-17 -2.39385636e-17  2.96582377e-17\n  -2.27723112e-12  3.30778265e-17 -7.95017855e-17 -9.50757842e-18\n   8.73570234e-13 -1.26890110e-17  3.04977393e-17 -2.25201134e-13\n   3.27114979e-18 -7.86213151e-18  3.03155322e-14 -7.28627749e-14\n   1.05836242e-18]\n [ 6.95928018e-24 -9.70754577e-18  9.88146001e-23 -5.01172289e-22\n   1.92255091e-22 -