{'theta_hat': '[-1.98935857e-11  2.77495877e-05  1.22080281e-11  6.84632247e-12\n -7.09591356e-12 -7.66779357e-12  1.38750948e-06 -1.21230670e-11\n  4.15624715e-11 -9.78841174e-06 -2.55280658e-06  3.92556566e-06\n  5.13366416e-06 -1.93543873e+00  1.69104807e-05 -5.79755411e-05\n -3.04167784e-12 -2.62575448e-12 -3.78112581e-12 -8.39416450e-07\n  8.36804462e-12 -2.60015391e-11 -2.19965169e-12 -1.98553817e-12\n -5.08203835e-07  1.43448422e-12 -1.26670656e-11 -1.43411915e-11\n  4.52502597e-07 -8.43424589e-12  1.74141201e-11  5.26020348e-07\n -5.46710796e-12  1.64992451e-11  7.17641848e-07 -2.82079782e-06\n  3.28158977e-11]', 'theta_bar': '[ 5.52214788e-13  1.07839929e-05 -2.53553868e-13  1.47508025e-13\n  1.11475170e-14  4.60096925e-14 -5.50968196e-08 -4.39054782e-13\n -9.73807773e-13 -4.95155666e-06  2.88062808e-06  2.17695616e-07\n  8.98505740e-07 -1.07596474e+00 -8.57413398e-06 -1.90171223e-05\n -9.16768573e-14 -6.92823151e-15 -2.85952121e-14  2.51024914e-08\n  5.11652367e-14  5.90709436e-13  4.03058189e-15  1.66356099e-14\n -1.46036804e-08 -2.97660454e-14 -3.43652359e-13  1.25719135e-15\n -1.10363328e-09 -2.24947589e-15 -2.59705985e-14 -4.55507935e-09\n -9.28442240e-15 -1.07189677e-13  3.76135852e-08  1.00790703e-07\n  6.61127919e-13]', 'grad_op_sum': '[[ 3.77859315e-22 -5.27076433e-16 -2.40681566e-22 -1.06974567e-22\n   1.67215881e-22  1.52260284e-22 -2.53031037e-17  3.27526114e-22\n  -8.48993051e-22  1.62274593e-16  7.17747859e-17 -1.12494704e-16\n  -1.02528417e-16  3.52953311e-11 -4.56866579e-16  1.18426142e-15\n   5.94650871e-23  5.12284613e-23  7.31427742e-23  1.60657274e-17\n  -2.13494410e-22  5.43806533e-22  1.69272900e-23  4.24424415e-23\n   7.32544136e-18 -7.72926948e-23  2.30731891e-22  2.94461322e-22\n  -1.09463576e-17  1.68918075e-22 -3.90678558e-22 -1.01487426e-17\n   1.36483824e-22 -3.44916310e-22 -2.12019029e-17  5.63964025e-17\n  -7.79413797e-22]\n [-5.27076433e-16  7.35219578e-10  3.35727019e-16  1.49218958e-16\n  -2.33249641e-16 -2.12388061e-16  3.52953311e-11 -4.56866583e-16\n   1.18426147e-15 -2.26357033e-10 -1.00118740e-10  1.56919003e-10\n   1.43017017e-10 -4.92335017e-05  6.37283760e-10 -1.65192774e-09\n  -8.29479246e-17 -7.14586450e-17 -1.02026947e-16 -2.24101033e-11\n   2.97803618e-16 -7.58556414e-16 -2.36118990e-17 -5.92030147e-17\n  -1.02182674e-11  1.07815675e-16 -3.21848204e-16 -4.10744467e-16\n   1.52690879e-11 -2.35624034e-16  5.44958008e-16  1.41564938e-11\n  -1.90381456e-16  4.81124192e-16  2.95745607e-11 -7.86674126e-11\n   1.08720528e-15]\n [-2.40681566e-22  3.35727019e-16  1.53663203e-22  6.70462159e-23\n  -1.08176872e-22 -9.73017288e-23  1.60657264e-17 -2.13494408e-22\n   5.43806513e-22 -1.03328164e-16 -4.53441086e-17  7.29272625e-17\n   6.55259034e-17 -2.24101020e-11  2.97803613e-16 -7.58556354e-16\n  -3.80163503e-23 -3.26702657e-23 -4.66435347e-23 -1.02319620e-17\n   1.38732671e-22 -3.48716616e-22 -9.50000363e-24 -2.72370615e-23\n  -4.55619216e-18  5.17423742e-23 -1.46654226e-22 -1.88653618e-22\n   7.09470012e-18 -1.07998892e-22  2.51934892e-22  6.47137289e-18\n  -8.85686247e-23  2.21259039e-22  1.38845724e-17 -3.60707077e-17\n   5.04225133e-22]\n [-1.06974567e-22  1.49218958e-16  6.70462159e-23  3.37117695e-23\n  -4.20395010e-23 -4.21063180e-23  7.32544102e-18 -7.72927014e-23\n   2.30731878e-22 -4.54525518e-17 -2.23030053e-17  2.81442430e-17\n   2.83486546e-17 -1.02182669e-11  1.07815683e-16 -3.21848173e-16\n  -1.63650603e-23 -1.43918769e-23 -2.05409400e-23 -4.55619217e-18\n   5.17423786e-23 -1.46654223e-22 -8.87122529e-24 -1.13909167e-23\n  -2.41815874e-18  1.39322783e-23 -6.62185935e-23 -7.99080877e-23\n   2.70936439e-18 -4.65569205e-23  1.00780116e-22  2.85139348e-18\n  -3.34665221e-23  9.27149894e-23  4.79944333e-18 -1.54924752e-17\n   1.96081442e-22]\n [ 1.67215881e-22 -2.33249641e-16 -1.08176872e-22 -4.20395010e-23\n   8.22492800e-23  6.89285048e-23 -1.09463569e-17  1.68918073e-22\n  -3.90678552e-22  7.29932937e-17  2.81165251e-17 -5.53067612e-17\n  -4.64137213e-17  1.52690869e-11 -2.35624030e-16  5.44957979e-16\n   2.70655208e-23  2.28328974e-23  3.26222052e-23  7.09470010e-18\n  -1.07998893e-22  2.51934898e-22  1.14004373e-24  1.97405315e-23\n   2.70936440e-18 -4.65569172e-23  1.00780120e-22  1.35674239e-22\n  -5.45113208e-18  7.67056391e-23 -1.88183056e-22 -4.52469916e-18\n   6.84352820e-23 -1.60295031e-22 -1.12517390e-17  2.56960368e-17\n  -3.83081121e-22]\n [ 1.52260284e-22 -2.12388061e-16 -9.73017288e-23 -4.21063180e-23\n   6.89285048e-23  6.16457102e-23 -1.01487423e-17  1.36483828e-22\n  -3.44916324e-22  6.55463725e-17  2.83237512e-17 -4.64037874e-17\n  -4.15118333e-17  1.41564934e-11 -1.90381460e-16  4.81124192e-16\n   2.40996313e-23  2.06748913e-23  2.95216419e-23  6.47137308e-18\n  -8.85686283e-23  2.21259056e-22  5.62957881e-24  1.72843902e-23\n   2.85139358e-18 -3.34665199e-23  9.27149983e-23  1.19663485e-22\n  -4.52469930e-18  6.84352854e-23 -1.60295039e-22 -4.09583563e-18\n   5.65071086e-23 -1.40425785e-22 -8.89463207e-18  2.28636107e-17\n  -3.21243151e-22]\n [-2.53031037e-17  3.52953311e-11  1.60657264e-17  7.32544102e-18\n  -1.09463569e-17 -1.01487423e-17  1.70206841e-12 -2.12019021e-17\n   5.63963958e-17 -1.08384207e-11 -4.90702394e-12  7.36053496e-12\n   6.83379639e-12 -2.37421736e-06  2.95745593e-11 -7.86674000e-11\n  -3.95955118e-18 -3.42533699e-18 -4.89013769e-18 -1.07623631e-12\n   1.38845720e-17 -3.60707048e-17 -1.32681590e-18 -2.81269644e-18\n  -5.06814077e-13  4.79944265e-18 -1.54924743e-17 -1.95548360e-17\n   7.14548371e-13 -1.12517387e-17  2.56960339e-17  6.78576314e-13\n  -8.89463152e-18  2.28636070e-17  1.36281279e-12 -3.75408675e-12\n   5.10295665e-17]\n [ 3.27526114e-22 -4.56866583e-16 -2.13494408e-22 -7.72927014e-23\n   1.68918073e-22  1.36483828e-22 -2.12019021e-17  3.53613333e-22\n  -7.79413764e-22  1.43726954e-16  5.21017600e-17 -1.13771425e-16\n  -9.19091005e-17  2.95745597e-11 -4.93255680e-16  1.08720519e-15\n   5.37077777e-23  4.48860303e-23  6.41419926e-23  1.38845728e-17\n  -2.24364303e-22  5.04225130e-22 -3.78214362e-24  3.95860442e-23\n   4.79944351e-18 -1.02912370e-22  1.96081446e-22  2.70840474e-22\n  -1.12517394e-17  1.52107569e-22 -3.83081110e-22 -8.89463210e-18\n   1.41671307e-22 -3.21243124e-22 -2.38124582e-17  5.10295708e-17\n  -7.86574903e-22]\n [-8.48993051e-22  1.18426147e-15  5.43806513e-22  2.30731878e-22\n  -3.90678552e-22 -3.44916324e-22  5.63963958e-17 -7.79413764e-22\n   1.93472272e-21 -3.66664375e-16 -1.54764712e-16  2.62830232e-16\n   2.32258120e-16 -7.86674033e-11  1.08720522e-15 -2.69874704e-15\n  -1.34966394e-22 -1.15399688e-22 -1.64802626e-22 -3.60707056e-17\n   5.04225118e-22 -1.24233769e-21 -2.65103880e-23 -9.71033804e-23\n  -1.54924743e-17  1.96081419e-22 -5.15998555e-22 -6.71347268e-22\n   2.56960353e-17 -3.83081108e-22  9.05545174e-22  2.28636086e-17\n  -3.21243127e-22  7.88873288e-22  5.10295662e-17 -1.28054217e-16\n   1.82048769e-21]\n [ 1.62274593e-16 -2.26357033e-10 -1.03328164e-16 -4.54525518e-17\n   7.29932937e-17  6.55463725e-17 -1.08384207e-11  1.43726954e-16\n  -3.66664375e-16  7.32941694e-11  2.57341916e-11 -4.71336565e-11\n  -4.40683177e-11  1.51185267e-05 -2.00484906e-10  5.11460574e-10\n   2.57978526e-17  2.19368043e-17  3.14085733e-17  6.87548591e-12\n  -9.34526407e-17  2.34479485e-16  6.34639733e-18  1.82476531e-17\n   3.09819918e-12 -3.47820711e-17  9.94643267e-17  1.27108607e-16\n  -4.79212185e-12  7.26968424e-17 -1.69995396e-16 -4.36013679e-12\n   5.96374346e-17 -1.49050323e-16 -9.34589031e-12  2.43360508e-11\n  -3.39451596e-16]\n [ 7.17747859e-17 -1.00118740e-10 -4.53441086e-17 -2.23030053e-17\n   2.81165251e-17  2.83237512e-17 -4.90702394e-12  5.21017600e-17\n  -1.54764712e-16  2.57341916e-11  2.13199888e-11 -2.15454717e-11\n  -1.91646102e-11  6.84481387e-06 -7.26768080e-11  2.15881483e-10\n   1.07608305e-17  9.77466456e-18  1.38338488e-17  3.08746349e-12\n  -3.48039366e-17  9.92116792e-17  6.04070828e-18  7.79375862e-18\n   1.58893536e-12 -9.46240947e-18  4.36631997e-17  5.37193024e-17\n  -1.80539069e-12  3.13903597e-17 -6.74159879e-17 -1.91709440e-12\n   2.25425438e-17 -6.23628806e-17 -3.23717759e-12  1.03722269e-11\n  -1.32164391e-16]\n [-1.12494704e-16  1.56919003e-10  7.29272625e-17  2.81442430e-17\n  -5.53067612e-17 -4.64037874e-17  7.36053496e-12 -1.13771425e-16\n   2.62830232e-16 -4.71336565e-11 -2.15454717e-11  3.83184429e-11\n   3.12859548e-11 -1.02672194e-05  1.58699903e-10 -3.66622205e-10\n  -1.81184146e-17 -1.54101597e-17 -2.19684636e-17 -4.78558405e-12\n   7.27101861e-17 -1.69841566e-16 -7.95403352e-19 -1.33443143e-17\n  -1.80813424e-12  3.13847841e-17 -6.74805644e-17 -9.13254619e-17\n   3.66288022e-12 -5.16697510e-17  1.26536314e-16  3.04567705e-12\n  -4.60869185e-17  1.07913161e-16  7.57909569e-12 -1.72786858e-11\n   2.58018065e-16]\n [-1.02528417e-16  1.43017017e-10  6.55259034e-17  2.83486546e-17\n  -4.64137213e-17 -4.15118333e-17  6.83379639e-12 -9.19091005e-17\n   2.32258120e-16 -4.40683177e-11 -1.91646102e-11  3.12859548e-11\n   2.79551886e-11 -9.53247116e-06  1.28204118e-10 -3.23977129e-10\n  -1.62249523e-17 -1.39236968e-17 -1.98799236e-17 -4.35810875e-12\n   5.96416241e-17 -1.49002644e-16 -3.79193256e-18 -1.16411094e-17\n  -1.91955896e-12  2.25375510e-17 -6.24209023e-17 -8.05801836e-17\n   3.04665975e-12 -4.60849482e-17  1.07936310e-16  2.75809546e-12\n  -3.80520282e-17  9.45618169e-17  5.98972923e-12 -1.53955004e-11\n   2.16327217e-16]\n [ 3.52953311e-11 -4.92335017e-05 -2.24101020e-11 -1.02182669e-11\n   1.52690869e-11  1.41564934e-11 -2.37421736e-06  2.95745597e-11\n  -7.86674033e-11  1.51185267e-05  6.84481387e-06 -1.02672194e-05\n  -9.53247116e-06  3.31179879e+00 -4.12535896e-05  1.09733255e-04\n   5.52318291e-12  4.77800686e-12  6.82125920e-12  1.50124339e-06\n  -1.93676068e-11  5.03150713e-11  1.85077721e-12  3.92343379e-12\n   7.06955597e-07 -6.69474848e-12  2.16104719e-11  2.72770653e-11\n  -9.96724415e-07  1.56950645e-11 -3.58434299e-11 -9.46546952e-07\n   1.24071326e-11 -3.18924741e-11 -1.90098926e-06  5.23658032e-06\n  -7.11812061e-11]\n [-4.56866579e-16  6.37283760e-10  2.97803613e-16  1.07815683e-16\n  -2.35624030e-16 -1.90381460e-16  2.95745593e-11 -4.93255680e-16\n   1.08720522e-15 -2.00484906e-10 -7.26768080e-11  1.58699903e-10\n   1.28204118e-10 -4.12535896e-05  6.88042965e-10 -1.51654386e-09\n  -7.49170455e-17 -6.26115790e-17 -8.94717446e-17 -1.93676077e-11\n   3.12966047e-16 -7.03344258e-16  5.27571856e-18 -5.52186221e-17\n  -6.69474952e-12  1.43552595e-16 -2.73514250e-16 -3.77795713e-16\n   1.56950653e-11 -2.12175036e-16  5.34360316e-16  1.24071333e-11\n  -1.97617483e-16  4.48102432e-16  3.32160279e-11 -7.11812114e-11\n   1.09719431e-15]\n [ 1.18426142e-15 -1.65192774e-09 -7.58556354e-16 -3.21848173e-16\n   5.44957979e-16  4.81124192e-16 -7.86674000e-11  1.08720519e-15\n  -2.69874704e-15  5.11460574e-10  2.15881483e-10 -3.66622205e-10\n  -3.23977129e-10  1.09733255e-04 -1.51654386e-09  3.76448547e-09\n   1.88264784e-16  1.60971163e-16  2.29883380e-16  5.03150703e-11\n  -7.03344218e-16  1.73293832e-15  3.69793725e-17  1.35449621e-16\n   2.16104710e-11 -2.73514205e-16  7.19767002e-16  9.36463106e-16\n  -3.58434303e-11  5.34360295e-16 -1.26314604e-15 -3.18924750e-11\n   4.48102421e-16 -1.10040029e-15 -7.11812027e-11  1.78622980e-10\n  -2.53940045e-15]\n [ 5.94650871e-23 -8.29479246e-17 -3.80163503e-23 -1.63650603e-23\n   2.70655208e-23  2.40996313e-23 -3.95955118e-18  5.37077777e-23\n  -1.34966394e-22  2.57978526e-17  1.07608305e-17 -1.81184146e-17\n  -1.62249523e-17  5.52318291e-12 -7.49170455e-17  1.88264784e-16\n   9.43323173e-24  8.07292080e-24  1.15320791e-23  2.52598820e-18\n  -3.48201338e-23  8.65764337e-23  2.08584967e-24  6.76125809e-24\n   1.10568903e-18 -1.32789150e-23  3.62155851e-23  4.68229805e-23\n  -1.77804487e-18  2.67552661e-23 -6.28742430e-23 -1.60005411e-18\n   2.22039978e-23 -5.49692874e-23 -3.50536793e-18  8.94293145e-18\n  -1.26096316e-22]\n [ 5.12284613e-23 -7.14586450e-17 -3.26702657e-23 -1.43918769e-23\n   2.28328974e-23  2.06748913e-23 -3.42533699e-18  4.48860303e-23\n  -1.15399688e-22  2.19368043e-17  9.77466456e-18 -1.54101597e-17\n  -1.39236968e-17  4.77800686e-12 -6.26115790e-17  1.60971163e-16\n   8.07292080e-24  6.95072460e-24  9.92237043e-24  2.17837929e-18\n  -2.92152342e-23  7.39662130e-23  2.17017512e-24  5.77598623e-24\n   9.81942836e-19 -1.07268777e-23  3.12411647e-23  4.00304073e-23\n  -1.49590769e-18  2.29428205e-23 -5.32670557e-23 -1.37666011e-18\n   1.86653847e-23 -4.69174167e-23 -2.91196208e-18  7.66025663e-18\n  -1.06439829e-22]\n [ 7.31427742e-23 -1.02026947e-16 -4.66435347e-23 -2.05409400e-23\n   3.26222052e-23  2.95216419e-23 -4.89013769e-18  6.41419926e-23\n  -1.64802626e-22  3.14085733e-17  1.38338488e-17 -2.19684636e-17\n  -1.98799236e-17  6.82125920e-12 -8.94717446e-17  2.29883380e-16\n   1.15320791e-23  9.92237043e-24  1.41666260e-23  3.10965830e-18\n  -4.17445864e-23  1.05620509e-22  3.08129246e-24  8.24648806e-24\n   1.40127940e-18 -1.53439883e-23  4.46157663e-23  5.71658174e-23\n  -2.13753946e-18  3.27593035e-23 -7.60947392e-23 -1.96557480e-18\n   2.66682310e-23 -6.70036724e-23 -4.16193495e-18  1.09393527e-17\n  -1.52055577e-22]\n [ 1.60657274e-17 -2.24101033e-11 -1.02319620e-17 -4.55619217e-18\n   7.09470010e-18  6.47137308e-18 -1.07623631e-12  1.38845728e-17\n  -3.60707056e-17  6.87548591e-12  3.08746349e-12 -4.78558405e-12\n  -4.35810875e-12  1.50124339e-06 -1.93676077e-11  5.03150703e-11\n   2.52598820e-18  2.17837929e-18  3.10965830e-18  6.83245566e-13\n  -9.05389822e-18  2.31053214e-17  7.31301641e-19  1.80356681e-18\n   3.12243921e-13 -3.26509023e-18  9.80899918e-18  1.25108699e-17\n  -4.64288164e-13  7.17928235e-18 -1.65829072e-17 -4.31460870e-13\n   5.78924111e-18 -1.46522997e-17 -8.98244353e-13  2.39644364e-12\n  -3.30745061e-17]\n [-2.13494410e-22  2.97803618e-16  1.38732671e-22  5.17423786e-23\n  -1.07998893e-22 -8.85686283e-23  1.38845720e-17 -2.24364303e-22\n   5.04225118e-22 -9.34526407e-17 -3.48039366e-17  7.27101861e-17\n   5.96416241e-17 -1.93676068e-11  3.12966047e-16 -7.03344218e-16\n  -3.48201338e-23 -2.92152342e-23 -4.17445864e-23 -9.05389822e-18\n   1.42790801e-22 -3.25777219e-22  8.42540838e-25 -2.55565374e-23\n  -3.26509052e-18  6.39219450e-23 -1.28163797e-22 -1.75171061e-22\n   7.17928247e-18 -9.86479605e-23  2.45799130e-22  5.78924118e-18\n  -9.02905664e-23  2.07438469e-22  1.50436666e-17 -3.30745072e-17\n   5.02952585e-22]\n [ 5.43806533e-22 -7.58556414e-16 -3.48716616e-22 -1.46654223e-22\n   2.51934898e-22  2.21259056e-22 -3.60707048e-17  5.04225130e-22\n  -1.24233769e-21  2.34479485e-16  9.92116792e-17 -1.69841566e-16\n  -1.49002644e-16  5.03150713e-11 -7.03344258e-16  1.73293832e-15\n   8.65764337e-23  7.39662130e-23  1.05620509e-22  2.31053214e-17\n  -3.25777219e-22  7.98194030e-22  1.56799795e-23  6.24155687e-23\n   9.80899901e-18 -1.28163784e-22  3.30138508e-22  4.31141227e-22\n  -1.65829077e-17  2.45799134e-22 -5.83163802e-22 -1.46523004e-17\n   2.07438476e-22 -5.06900738e-22 -3.30745050e-17  8.21724133e-17\n  -1.17404446e-21]\n [ 1.69272900e-23 -2.36118990e-17 -9.50000363e-24 -8.87122529e-24\n   1.14004373e-24  5.62957881e-24 -1.32681590e-18 -3.78214362e-24\n  -2.65103880e-23  6.34639733e-18  6.04070828e-18 -7.95403352e-19\n  -3.79193256e-18  1.85077721e-12  5.27571856e-18  3.69793725e-17\n   2.08584967e-24  2.17017512e-24  3.08129246e-24  7.31301641e-19\n   8.42540838e-25  1.56799795e-23  5.64701776e-24  1.16416135e-24\n   7.37867936e-19  6.04497645e-24  1.13552907e-23  9.06204891e-24\n  -2.31200876e-20  6.06393674e-24 -5.72856363e-24 -4.28846248e-19\n  -7.14453753e-26 -9.55771099e-24  4.88897370e-19  1.95779752e-18\n  -5.54233869e-24]\n [ 4.24424415e-23 -5.92030147e-17 -2.72370615e-23 -1.13909167e-23\n   1.97405315e-23  1.72843902e-23 -2.81269644e-18  3.95860442e-23\n  -9.71033804e-23  1.82476531e-17  7.79375862e-18 -1.33443143e-17\n  -1.16411094e-17  3.92343379e-12 -5.52186221e-17  1.35449621e-16\n   6.76125809e-24  5.77598623e-24  8.24648806e-24  1.80356681e-18\n  -2.55565374e-23  6.24155687e-23  1.16416135e-24  4.88255083e-24\n   7.60014090e-19 -1.01225953e-23  2.57432927e-23  3.37020322e-23\n  -1.29988914e-18  1.92046331e-23 -4.56578600e-23 -1.14394145e-18\n   1.62680681e-23 -3.96374647e-23 -2.59948836e-18  6.42007601e-18\n  -9.20040875e-23]\n [ 7.32544136e-18 -1.02182674e-11 -4.55619216e-18 -2.41815874e-18\n   2.70936440e-18  2.85139358e-18 -5.06814077e-13  4.79944351e-18\n  -1.54924743e-17  3.09819918e-12  1.58893536e-12 -1.80813424e-12\n  -1.91955896e-12  7.06955597e-07 -6.69474952e-12  2.16104710e-11\n   1.10568903e-18  9.81942836e-19  1.40127940e-18  3.12243921e-13\n  -3.26509052e-18  9.80899901e-18  7.37867936e-19  7.60014090e-19\n   1.76607164e-13 -6.99872752e-19  4.56342008e-18  5.36145888e-18\n  -1.73079908e-13  3.14765882e-18 -6.58724860e-18 -1.94561156e-13\n   2.12632779e-18 -6.19121276e-18 -2.90194672e-13  1.04575996e-12\n  -1.26414754e-17]\n [-7.72926948e-23  1.07815675e-16  5.17423742e-23  1.39322783e-23\n  -4.65569172e-23 -3.34665199e-23  4.79944265e-18 -1.02912370e-22\n   1.96081419e-22 -3.47820711e-17 -9.46240947e-18  3.13847841e-17\n   2.25375510e-17 -6.69474848e-12  1.43552595e-16 -2.73514205e-16\n  -1.32789150e-23 -1.07268777e-23 -1.53439883e-23 -3.26509023e-18\n   6.39219450e-23 -1.28163784e-22  6.04497645e-24 -1.01225953e-23\n  -6.99872752e-19  3.43132137e-23 -4.51811685e-23 -6.82715430e-23\n   3.14765866e-18 -3.74842336e-23  1.02811419e-22  2.12632758e-18\n  -3.99568323e-23  8.20277383e-23  7.13678307e-18 -1.26414747e-17\n   2.16607691e-22]\n [ 2.30731891e-22 -3.21848204e-16 -1.46654226e-22 -6.62185935e-23\n   1.00780120e-22  9.27149983e-23 -1.54924743e-17  1.96081446e-22\n  -5.15998555e-22  9.94643267e-17  4.36631997e-17 -6.74805644e-17\n  -6.24209023e-17  2.16104719e-11 -2.73514250e-16  7.19767002e-16\n   3.62155851e-23  3.12411647e-23  4.46157663e-23  9.80899918e-18\n  -1.28163797e-22  3.30138508e-22  1.13552907e-23  2.57432927e-23\n   4.56342008e-18 -4.51811685e-23  1.41197791e-22  1.78924503e-22\n  -6.58724893e-18  1.02811431e-22 -2.36104480e-22 -6.19121315e-18\n   8.20277504e-23 -2.09356086e-22 -1.26414752e-17  3.43202131e-17\n  -4.69674456e-22]\n [ 2.94461322e-22 -4.10744467e-16 -1.88653618e-22 -7.99080877e-23\n   1.35674239e-22  1.19663485e-22 -1.95548360e-17  2.70840474e-22\n  -6.71347268e-22  1.27108607e-16  5.37193024e-17 -9.13254619e-17\n  -8.05801836e-17  2.72770653e-11 -3.77795713e-16  9.36463106e-16\n   4.68229805e-23  4.00304073e-23  5.71658174e-23  1.25108699e-17\n  -1.75171061e-22  4.31141227e-22  9.06204891e-24  3.37020322e-23\n   5.36145888e-18 -6.82715430e-23  1.78924503e-22  2.32962828e-22\n  -8.92491814e-18  1.32910483e-22 -3.14395416e-22 -7.93070458e-18\n   1.11590329e-22 -2.73774528e-22 -1.77387488e-17  4.44290157e-17\n  -6.32229219e-22]\n [-1.09463576e-17  1.52690879e-11  7.09470012e-18  2.70936439e-18\n  -5.45113208e-18 -4.52469930e-18  7.14548371e-13 -1.12517394e-17\n   2.56960353e-17 -4.79212185e-12 -1.80539069e-12  3.66288022e-12\n   3.04665975e-12 -9.96724415e-07  1.56950653e-11 -3.58434303e-11\n  -1.77804487e-18 -1.49590769e-18 -2.13753946e-18 -4.64288164e-13\n   7.17928247e-18 -1.65829077e-17 -2.31200876e-20 -1.29988914e-18\n  -1.73079908e-13  3.14765866e-18 -6.58724893e-18 -8.92491814e-18\n   3.61770999e-13 -5.03702150e-18  1.24429571e-17  2.96465801e-13\n  -4.54494274e-18  1.05551767e-17  7.51688031e-13 -1.68812692e-12\n   2.53859419e-17]\n [ 1.68918075e-22 -2.35624034e-16 -1.07998892e-22 -4.65569205e-23\n   7.67056391e-23  6.84352854e-23 -1.12517387e-17  1.52107569e-22\n  -3.83081108e-22  7.26968424e-17  3.13903597e-17 -5.16697510e-17\n  -4.60849482e-17  1.56950645e-11 -2.12175036e-16  5.34360295e-16\n   2.67552661e-23  2.29428205e-23  3.27593035e-23  7.17928235e-18\n  -9.86479605e-23  2.45799134e-22  6.06393674e-24  1.92046331e-23\n   3.14765882e-18 -3.74842336e-23  1.02811431e-22  1.32910483e-22\n  -5.03702150e-18  7.59802387e-23 -1.78269160e-22 -4.54494280e-18\n   6.29211860e-23 -1.56010732e-22 -9.92165650e-18  2.53859424e-17\n  -3.57492113e-22]\n [-3.90678558e-22  5.44958008e-16  2.51934892e-22  1.00780116e-22\n  -1.88183056e-22 -1.60295039e-22  2.56960339e-17 -3.83081110e-22\n   9.05545174e-22 -1.69995396e-16 -6.74159879e-17  1.26536314e-16\n   1.07936310e-16 -3.58434299e-11  5.34360316e-16 -1.26314604e-15\n  -6.28742430e-23 -5.32670557e-23 -7.60947392e-23 -1.65829072e-17\n   2.45799130e-22 -5.83163802e-22 -5.72856363e-24 -4.56578600e-23\n  -6.58724860e-18  1.02811419e-22 -2.36104480e-22 -3.14395416e-22\n   1.24429571e-17 -1.78269160e-22  4.32284479e-22  1.05551770e-17\n  -1.56010733e-22  3.70811816e-22  2.53859403e-17 -5.96790868e-17\n   8.76595862e-22]\n [-1.01487426e-17  1.41564938e-11  6.47137289e-18  2.85139348e-18\n  -4.52469916e-18 -4.09583563e-18  6.78576314e-13 -8.89463210e-18\n   2.28636086e-17 -4.36013679e-12 -1.91709440e-12  3.04567705e-12\n   2.75809546e-12 -9.46546952e-07  1.24071333e-11 -3.18924750e-11\n  -1.60005411e-18 -1.37666011e-18 -1.96557480e-18 -4.31460870e-13\n   5.78924118e-18 -1.46523004e-17 -4.28846248e-19 -1.14394145e-18\n  -1.94561156e-13  2.12632758e-18 -6.19121315e-18 -7.93070458e-18\n   2.96465801e-13 -4.54494280e-18  1.05551770e-17  2.72719304e-13\n  -3.69852733e-18  9.29521771e-18  5.77072120e-13 -1.51771630e-12\n   2.10896587e-17]\n [ 1.36483824e-22 -1.90381456e-16 -8.85686247e-23 -3.34665221e-23\n   6.84352820e-23  5.65071086e-23 -8.89463152e-18  1.41671307e-22\n  -3.21243127e-22  5.96374346e-17  2.25425438e-17 -4.60869185e-17\n  -3.80520282e-17  1.24071326e-11 -1.97617483e-16  4.48102421e-16\n   2.22039978e-23  1.86653847e-23  2.66682310e-23  5.78924111e-18\n  -9.02905664e-23  2.07438476e-22 -7.14453753e-26  1.62680681e-23\n   2.12632779e-18 -3.99568323e-23  8.20277504e-23  1.11590329e-22\n  -4.54494274e-18  6.29211860e-23 -1.56010733e-22 -3.69852733e-18\n   5.71310375e-23 -1.32050076e-22 -9.47986443e-18  2.10896590e-17\n  -3.18727251e-22]\n [-3.44916310e-22  4.81124192e-16  2.21259039e-22  9.27149894e-23\n  -1.60295031e-22 -1.40425785e-22  2.28636070e-17 -3.21243124e-22\n   7.88873288e-22 -1.49050323e-16 -6.23628806e-17  1.07913161e-16\n   9.45618169e-17 -3.18924741e-11  4.48102432e-16 -1.10040029e-15\n  -5.49692874e-23 -4.69174167e-23 -6.70036724e-23 -1.46522997e-17\n   2.07438469e-22 -5.06900738e-22 -9.55771099e-24 -3.96374647e-23\n  -6.19121276e-18  8.20277383e-23 -2.09356086e-22 -2.73774528e-22\n   1.05551767e-17 -1.56010732e-22  3.70811816e-22  9.29521771e-18\n  -1.32050076e-22  3.21961399e-22  2.10896569e-17 -5.21646441e-17\n   7.46920126e-22]\n [-2.12019029e-17  2.95745607e-11  1.38845724e-17  4.79944333e-18\n  -1.12517390e-17 -8.89463207e-18  1.36281279e-12 -2.38124582e-17\n   5.10295662e-17 -9.34589031e-12 -3.23717759e-12  7.57909569e-12\n   5.98972923e-12 -1.90098926e-06  3.32160279e-11 -7.11812027e-11\n  -3.50536793e-18 -2.91196208e-18 -4.16193495e-18 -8.98244353e-13\n   1.50436666e-17 -3.30745050e-17  4.88897370e-19 -2.59948836e-18\n  -2.90194672e-13  7.13678307e-18 -1.26414752e-17 -1.77387488e-17\n   7.51688031e-13 -9.92165650e-18  2.53859403e-17  5.77072120e-13\n  -9.47986443e-18  2.10896569e-17  1.61332683e-12 -3.33169979e-12\n   5.23851831e-17]\n [ 5.63964025e-17 -7.86674126e-11 -3.60707077e-17 -1.54924752e-17\n   2.56960368e-17  2.28636107e-17 -3.75408675e-12  5.10295708e-17\n  -1.28054217e-16  2.43360508e-11  1.03722269e-11 -1.72786858e-11\n  -1.53955004e-11  5.23658032e-06 -7.11812114e-11  1.78622980e-10\n   8.94293145e-18  7.66025663e-18  1.09393527e-17  2.39644364e-12\n  -3.30745072e-17  8.21724133e-17  1.95779752e-18  6.42007601e-18\n   1.04575996e-12 -1.26414747e-17  3.43202131e-17  4.44290157e-17\n  -1.68812692e-12  2.53859424e-17 -5.96790868e-17 -1.51771630e-12\n   2.10896590e-17 -5.21646441e-17 -3.33169979e-12  8.48346261e-12\n  -1.19743928e-16]\n [-7.79413797e-22  1.08720528e-15  5.04225133e-22  1.96081442e-22\n  -3.83081121e-22 -3.21243151e-22  5.10295665e-17 -7.86574903e-22\n   1.82048769e-21 -3.39451596e-16 -1.32164391e-16  2.58018065e-16\n   2.16327217e-16 -7.11812061e-11  1.09719431e-15 -2.53940045e-15\n  -1.26096316e-22 -1.06439829e-22 -1.52055577e-22 -3.30745061e-17\n   5.02952585e-22 -1.17404446e-21 -5.54233869e-24 -9.20040875e-23\n  -1.26414754e-17  2.16607691e-22 -4.69674456e-22 -6.32229219e-22\n   2.53859419e-17 -3.57492113e-22  8.76595862e-22  2.10896587e-17\n  -3.18727251e-22  7.46920126e-22  5.23851831e-17 -1.19743928e-16\n   1.78439164e-21]]', 'hess_sum': '[[-1.68151253e-22  2.34554401e-16  9.52071935e-23  7.45888983e-23\n  -3.07496068e-23 -5.75584937e-23  1.27793788e-17 -1.57269548e-23\n   3.02287785e-22 -6.64915282e-17 -4.95917629e-17  2.14128914e-17\n   3.93967099e-17 -1.78259708e-11  2.19375614e-17 -4.21661573e-16\n  -2.20187807e-23 -2.05975261e-23 -2.95624064e-23 -7.04188904e-18\n   2.16899457e-23 -1.76983496e-22 -3.87383814e-23 -1.21587948e-23\n  -6.03544083e-18 -3.04161391e-23 -1.09846341e-22 -9.82793308e-23\n   1.72780385e-18 -6.15288255e-23  9.20868296e-23  4.21397419e-18\n  -1.69871856e-23  1.09319344e-22 -6.47071293e-19 -2.19535462e-17\n   1.33608029e-22]\n [ 2.34554401e-16 -3.27180230e-10 -1.32804533e-16 -1.04044115e-16\n   4.28926950e-17  8.02885108e-17 -1.78259692e-11  2.19375402e-17\n  -4.21661546e-16  9.27490600e-11  6.91756029e-11 -2.98688928e-11\n  -5.49546012e-11  2.48654699e-05 -3.06007649e-11  5.88176142e-10\n   3.07140456e-17  2.87315826e-17  4.12367057e-17  9.82273159e-12\n  -3.02553774e-17  2.46874425e-16  5.40361542e-17  1.69602884e-17\n   8.41884360e-12  4.24275710e-17  1.53224747e-16  1.37090196e-16\n  -2.41011789e-12  8.58265653e-17 -1.28452065e-16 -5.87808699e-12\n   2.36954948e-17 -1.52489938e-16  9.02599590e-13  3.06230301e-11\n  -1.86370002e-16]\n [ 9.52071935e-23 -1.32804533e-16 -4.19993066e-22  5.81192076e-25\n  -1.30198585e-22 -1.70678972e-22 -7.04189086e-18  2.16899558e-23\n  -1.76983520e-22  2.82848667e-16 -5.49918950e-19  8.76167822e-17\n   1.14889570e-16  9.82273193e-12 -3.02553847e-17  2.46874411e-16\n   8.10790391e-23 -1.23684691e-22 -9.04627407e-23  3.00065557e-17\n  -1.84990633e-22  8.32098695e-22  7.51364569e-23  7.73455281e-23\n  -3.77208876e-19 -3.28497686e-23  1.99170590e-23 -2.09330318e-22\n   8.76775696e-18 -1.07463879e-22  2.88904917e-22  1.21054491e-17\n  -8.29101139e-23  3.42700697e-22 -6.09625328e-19  1.24956510e-17\n  -9.83888453e-23]\n [ 7.45888983e-23 -1.04044115e-16  5.81192076e-25 -3.39877752e-22\n  -1.11332840e-22 -8.78498115e-23 -6.03544120e-18 -3.04161447e-23\n  -1.09846359e-22  2.43797464e-19  2.28454076e-16  7.49573294e-17\n   5.91829616e-17  8.41884433e-12  4.24275639e-17  1.53224707e-16\n   2.31919504e-22  8.65990766e-23  7.36644269e-23 -3.77209500e-19\n  -3.28497675e-23  1.99169802e-23  1.47687097e-22  4.40640903e-23\n   2.56364088e-17 -2.33104852e-23  5.95531619e-22 -7.70191102e-23\n   8.96312851e-18  4.90269679e-23  1.58690222e-22  6.24748426e-18\n  -3.91861673e-23  1.73499497e-22  3.21070929e-18  8.44945768e-18\n  -7.43663420e-25]\n [-3.07496068e-23  4.28926950e-17 -1.30198585e-22 -1.11332840e-22\n  -3.57015183e-22 -2.91448059e-22  1.72780516e-18 -6.15288258e-23\n   9.20868842e-23  8.72308588e-17  7.52961351e-17  2.39984983e-16\n   1.96161893e-16 -2.41011761e-12  8.58265678e-17 -1.28452087e-16\n   1.19389583e-22  1.75060814e-23 -5.11682528e-23  8.76775652e-18\n  -1.07463882e-22  2.88904906e-22  1.16336855e-22  7.43660480e-24\n   8.96312813e-18  4.90269773e-23  1.58690221e-22 -4.33032677e-22\n   2.66229779e-17 -5.12267611e-23  6.41320684e-22  2.05134164e-17\n  -1.58367868e-22  5.96331126e-22  4.45596169e-18 -5.85026771e-18\n   1.17582436e-22]\n [-5.75584937e-23  8.02885108e-17 -1.70678972e-22 -8.78498115e-23\n  -2.91448059e-22 -5.98921330e-22  4.21397516e-18 -1.69871834e-23\n   1.09319354e-22  1.14781780e-16  5.94242288e-17  1.96090599e-16\n   4.02949350e-16 -5.87808560e-12  2.36954896e-17 -1.52489928e-16\n   1.15026137e-22 -5.35366166e-23 -8.85836017e-23  1.21054493e-17\n  -8.29101208e-23  3.42700665e-22  1.02892374e-23  1.95403048e-22\n   6.24748527e-18 -3.91861535e-23  1.73499496e-22 -5.49484739e-22\n   2.05134197e-17 -1.58367909e-22  5.96331007e-22  4.47442262e-17\n  -7.80819028e-23  1.07095436e-21  6.69658487e-19 -7.65898669e-18\n   6.57561038e-23]\n [ 1.27793788e-17 -1.78259692e-11 -7.04189086e-18 -6.03544120e-18\n   1.72780516e-18  4.21397516e-18 -9.94138214e-13 -6.47069933e-19\n  -2.19535475e-17  4.97753434e-12  4.00126081e-12 -1.23340835e-12\n  -2.90073672e-12  1.38672430e-06  9.02599407e-13  3.06230248e-11\n   1.60709580e-18  1.52260367e-18  2.19019209e-18  5.31993834e-13\n  -6.09625112e-19  1.24956503e-17  3.35767386e-18  8.15213489e-19\n   4.97024478e-13  3.21070844e-18  8.44945719e-18  6.97264051e-18\n  -8.80804442e-14  4.45596203e-18 -5.85026822e-18 -3.14911679e-13\n   6.69657813e-19 -7.65898435e-18  1.91548148e-13  1.63152983e-12\n  -7.07735328e-18]\n [-1.57269548e-23  2.19375402e-17  2.16899558e-23 -3.04161447e-23\n  -6.15288258e-23 -1.69871834e-23 -6.47069933e-19 -1.72882098e-22\n   1.33608061e-22 -1.41259786e-17  2.03538377e-17  4.12910439e-17\n   1.13106824e-17  9.02598783e-13  2.41153475e-16 -1.86369991e-16\n  -7.51735123e-24 -3.48586566e-24 -5.05949197e-24 -6.09624594e-19\n   9.86823156e-23 -9.83888899e-23  4.08140007e-23 -8.45038171e-24\n   3.21070813e-18  8.48203173e-23 -7.43674457e-25 -4.86321241e-23\n   4.45595913e-18 -2.06300734e-23  1.17582444e-22  6.69658513e-19\n  -5.90925354e-23  6.57560707e-23  1.32862049e-17 -7.07735591e-18\n   2.87201675e-22]\n [ 3.02287785e-22 -4.21661546e-16 -1.76983520e-22 -1.09846359e-22\n   9.20868842e-23  1.09319354e-22 -2.19535475e-17  1.33608061e-22\n  -6.12188129e-22  1.24723113e-16  7.24878710e-17 -6.36563422e-17\n  -7.50992051e-17  3.06230258e-11 -1.86370030e-16  8.53941830e-16\n   4.26620894e-23  3.70499933e-23  5.34080327e-23  1.24956492e-17\n  -9.83888510e-23  3.65742033e-22  4.00293798e-23  2.52638632e-23\n   8.44945648e-18 -7.43621860e-25  1.91571968e-22  1.98301814e-22\n  -5.85026635e-18  1.17582460e-22 -2.33334413e-22 -7.65898194e-18\n   6.57560837e-23 -2.28766077e-22 -7.07735436e-18  4.31679029e-17\n  -4.04529789e-22]\n [-6.64915282e-17  9.27490600e-11  2.82848667e-16  2.43797464e-19\n   8.72308588e-17  1.14781780e-16  4.97753434e-12 -1.41259786e-17\n   1.24723113e-16 -1.99626034e-10 -6.79613473e-13 -5.70316351e-11\n  -7.56066021e-11 -6.94316255e-06  1.97043624e-11 -1.73976352e-10\n  -5.47588964e-17  8.32976336e-17  6.09091012e-17 -2.02089198e-11\n   1.24567695e-16 -5.60394249e-16 -5.04088338e-17 -5.17579590e-17\n   1.91128212e-13  2.19928631e-17 -1.48919237e-17  1.40864047e-16\n  -5.86016168e-12  7.24560386e-17 -1.93512134e-16 -8.13661559e-12\n   5.58627064e-17 -2.30417149e-16  3.62995882e-13 -8.96328183e-12\n   6.51367143e-17]\n [-4.95917629e-17  6.91756029e-11 -5.49918950e-19  2.28454076e-16\n   7.52961351e-17  5.94242288e-17  4.00126081e-12  2.03538377e-17\n   7.24878710e-17 -6.79613473e-13 -1.58440163e-10 -4.69897661e-11\n  -3.59299931e-11 -5.58136382e-06 -2.83916189e-11 -1.01113376e-10\n  -1.56010651e-16 -5.84868618e-17 -4.97136409e-17  2.69708949e-13\n   2.21530504e-17 -1.30427543e-17 -9.95630806e-17 -2.97389184e-17\n  -1.72220090e-11  1.57820001e-17 -4.00053318e-16  5.19790292e-17\n  -6.06790617e-12 -3.30802980e-17 -1.07618166e-16 -4.23340607e-12\n   2.63342507e-17 -1.17454609e-16 -2.14937918e-12 -5.54307663e-12\n   7.99934727e-19]\n [ 2.14128914e-17 -2.98688928e-11  8.76167822e-17  7.49573294e-17\n   2.39984983e-16  1.96090599e-16 -1.23340835e-12  4.12910439e-17\n  -6.36563422e-17 -5.70316351e-11 -4.69897661e-11 -1.73153287e-10\n  -1.36843974e-10  1.72048413e-06 -5.75968965e-11  8.87943033e-11\n  -8.04736623e-17 -1.14088714e-17  3.45587552e-17 -5.89836805e-12\n   7.23781686e-17 -1.94411204e-16 -7.83574093e-17 -5.07627702e-18\n  -6.03436367e-12 -3.30119290e-17 -1.06828847e-16  2.91486816e-16\n  -1.78854296e-11  3.45827489e-17 -4.30865718e-16 -1.37968438e-11\n   1.06679509e-16 -4.01171879e-16 -2.98653986e-12  4.10243088e-12\n  -7.88480986e-17]\n [ 3.93967099e-17 -5.49546012e-11  1.14889570e-16  5.91829616e-17\n   1.96161893e-16  4.02949350e-16 -2.90073672e-12  1.13106824e-17\n  -7.50992051e-17 -7.56066021e-11 -3.59299931e-11 -1.36843974e-10\n  -2.79745505e-10  4.04624582e-06 -1.57773192e-11  1.04756209e-10\n  -7.74872835e-17  3.61472602e-17  5.97646002e-17 -8.14728592e-12\n   5.58409815e-17 -2.30668225e-16 -6.96269166e-18 -1.31725336e-16\n  -4.20951969e-12  2.63829514e-17 -1.16892525e-16  3.69932516e-16\n  -1.38039036e-11  1.06665080e-16 -4.01337958e-16 -3.00946798e-11\n   5.26540225e-17 -7.20331635e-16 -4.38226551e-13  5.30443692e-12\n  -4.39808567e-17]\n [-1.78259708e-11  2.48654699e-05  9.82273193e-12  8.41884433e-12\n  -2.41011761e-12 -5.87808560e-12  1.38672430e-06  9.02598783e-13\n   3.06230258e-11 -6.94316255e-06 -5.58136382e-06  1.72048413e-06\n   4.04624582e-06 -1.93434378e+00 -1.25903778e-06 -4.27160983e-05\n  -2.24174153e-12 -2.12388707e-12 -3.05510564e-12 -7.42078325e-07\n   8.50371919e-13 -1.74301908e-11 -4.68361839e-12 -1.13714037e-12\n  -6.93300180e-07 -4.47862375e-12 -1.17861541e-11 -9.72616030e-12\n   1.22863606e-07 -6.21562156e-12  8.16054706e-12  4.39271439e-07\n  -9.34110218e-13  1.06835434e-11 -2.67190798e-07 -2.27582303e-06\n   9.87221858e-12]\n [ 2.19375614e-17 -3.06007649e-11 -3.02553847e-17  4.24275639e-17\n   8.58265678e-17  2.36954896e-17  9.02599407e-13  2.41153475e-16\n  -1.86370030e-16  1.97043624e-11 -2.83916189e-11 -5.75968965e-11\n  -1.57773192e-11 -1.25903778e-06 -3.36385267e-10  2.59967794e-10\n   1.04859706e-17  4.86245035e-18  7.05748909e-18  8.50372147e-13\n  -1.37651967e-16  1.37242771e-16 -5.69315031e-17  1.17874131e-17\n  -4.47862407e-12 -1.18315959e-16  1.03724964e-18  6.78370390e-17\n  -6.21562103e-12  2.87769196e-17 -1.64015757e-16 -9.34110267e-13\n   8.24283301e-17 -9.17234055e-17 -1.85329478e-11  9.87221796e-12\n  -4.00618078e-16]\n [-4.21661573e-16  5.88176142e-10  2.46874411e-16  1.53224707e-16\n  -1.28452087e-16 -1.52489928e-16  3.06230248e-11 -1.86369991e-16\n   8.53941830e-16 -1.73976352e-10 -1.01113376e-10  8.87943033e-11\n   1.04756209e-10 -4.27160983e-05  2.59967794e-10 -1.19116463e-09\n  -5.95093922e-17 -5.16812212e-17 -7.44990992e-17 -1.74301895e-11\n   1.37242777e-16 -5.10173595e-16 -5.58369400e-17 -3.52405011e-17\n  -1.17861532e-11  1.03722897e-18 -2.67223843e-16 -2.76611736e-16\n   8.16054601e-12 -1.64015739e-16  3.25478616e-16  1.06835416e-11\n  -9.17234192e-17  3.19106496e-16  9.87221303e-12 -6.02149757e-11\n   5.64279135e-16]\n [-2.20187807e-23  3.07140456e-17  8.10790391e-23  2.31919504e-22\n   1.19389583e-22  1.15026137e-22  1.60709580e-18 -7.51735123e-24\n   4.26620894e-23 -5.47588964e-17 -1.56010651e-16 -8.04736623e-17\n  -7.74872835e-17 -2.24174153e-12  1.04859706e-17 -5.95093922e-17\n  -3.56946589e-22 -1.45315282e-22 -8.96387367e-23 -5.70929371e-18\n   4.38266705e-23 -1.65758193e-22 -6.77397694e-23 -1.35848032e-22\n  -1.61515042e-17  1.42521456e-22 -4.84860900e-22 -4.54944255e-24\n  -8.46212202e-18  5.84773933e-23 -2.39998965e-22 -8.59636281e-18\n   1.38908856e-23 -2.04683700e-22  3.37595965e-19 -2.99272994e-18\n   2.65480173e-23]\n [-2.05975261e-23  2.87315826e-17 -1.23684691e-22  8.65990766e-23\n   1.75060814e-23 -5.35366166e-23  1.52260367e-18 -3.48586566e-24\n   3.70499933e-23  8.32976336e-17 -5.84868618e-17 -1.14088714e-17\n   3.61472602e-17 -2.12388707e-12  4.86245035e-18 -5.16812212e-17\n  -1.45315282e-22 -1.73531976e-22 -1.01511694e-22  8.64676612e-18\n  -7.25948748e-23  2.56351658e-22  8.43013504e-24 -3.42451807e-23\n  -6.17511631e-18  3.87672160e-23 -1.71765000e-22 -1.37675492e-22\n  -1.72904539e-18 -3.77143112e-23 -6.41236126e-24  3.86076451e-18\n  -1.98504754e-23  1.03621751e-22  3.31454429e-20 -2.59211391e-18\n   1.99043457e-23]\n [-2.95624064e-23  4.12367057e-17 -9.04627407e-23  7.36644269e-23\n  -5.11682528e-23 -8.85836017e-23  2.19019209e-18 -5.05949197e-24\n   5.34080327e-23  6.09091012e-17 -4.97136409e-17  3.45587552e-17\n   5.97646002e-17 -3.05510564e-12  7.05748909e-18 -7.44990992e-17\n  -8.96387367e-23 -1.01511694e-22 -1.30414988e-22  6.40579549e-18\n  -4.53340358e-23  1.82658722e-22 -2.89376887e-23 -2.82381516e-23\n  -5.58119547e-18  1.46921202e-24 -1.26379597e-22 -2.44553600e-22\n   3.84812112e-18 -3.87234313e-24  8.96094260e-23  6.12608253e-18\n  -5.78892419e-23  1.87101502e-22  5.38680346e-20 -3.75209668e-18\n   2.84386328e-23]\n [-7.04188904e-18  9.82273159e-12  3.00065557e-17 -3.77209500e-19\n   8.76775652e-18  1.21054493e-17  5.31993834e-13 -6.09624594e-19\n   1.24956492e-17 -2.02089198e-11  2.69708949e-13 -5.89836805e-12\n  -8.14728592e-12 -7.42078325e-07  8.50372147e-13 -1.74301895e-11\n  -5.70929371e-18  8.64676612e-18  6.40579549e-18 -2.18179660e-12\n   9.60930202e-18 -5.72037968e-17 -5.04541868e-18 -6.03141446e-18\n   5.45210793e-14  2.57141179e-18 -1.00157658e-18  1.45161660e-17\n  -5.93911637e-13  6.88265343e-18 -1.92258693e-17 -8.72843590e-13\n   4.50521064e-18 -2.34423633e-17 -3.21978585e-14 -8.97588325e-13\n   5.66488128e-18]\n [ 2.16899457e-23 -3.02553774e-17 -1.84990633e-22 -3.28497675e-23\n  -1.07463882e-22 -8.29101208e-23 -6.09625112e-19  9.86823156e-23\n  -9.83888510e-23  1.24567695e-16  2.21530504e-17  7.23781686e-17\n   5.58409815e-17  8.50371919e-13 -1.37651967e-16  1.37242777e-16\n   4.38266705e-23 -7.25948748e-23 -4.53340358e-23  9.60930202e-18\n  -4.25407228e-22  5.81060720e-22  6.34242782e-23 -1.47377090e-23\n   2.57141343e-18  7.21446032e-24  5.14481278e-23 -1.33646021e-22\n   6.88265376e-18 -1.23214848e-22  2.60274781e-22  4.50521244e-18\n  -1.71873705e-22  2.48752957e-22 -7.44236641e-18  5.66488453e-18\n  -1.72131320e-22]\n [-1.76983496e-22  2.46874425e-16  8.32098695e-22  1.99169802e-23\n   2.88904906e-22  3.42700665e-22  1.24956503e-17 -9.83888899e-23\n   3.65742033e-22 -5.60394249e-16 -1.30427543e-17 -1.94411204e-16\n  -2.30668225e-16 -1.74301908e-11  1.37242771e-16 -5.10173595e-16\n  -1.65758193e-22  2.56351658e-22  1.82658722e-22 -5.72037968e-17\n   5.81060720e-22 -1.78258385e-21 -1.67616752e-22 -1.22558683e-22\n  -1.00157609e-18  5.14481304e-23 -6.70257894e-23  4.40410750e-22\n  -1.92258683e-17  2.60274759e-22 -6.54657482e-22 -2.34423624e-17\n   2.48752952e-22 -7.39400597e-22  5.66488567e-18 -2.50917159e-17\n   2.74786718e-22]\n [-3.87383814e-23  5.40361542e-17  7.51364569e-23  1.47687097e-22\n   1.16336855e-22  1.02892374e-23  3.35767386e-18  4.08140007e-23\n   4.00293798e-23 -5.04088338e-17 -9.95630806e-17 -7.83574093e-17\n  -6.96269166e-18 -4.68361839e-12 -5.69315031e-17 -5.58369400e-17\n  -6.77397694e-23  8.43013504e-24 -2.89376887e-23 -5.04541868e-18\n   6.34242782e-23 -1.67616752e-22 -1.70597630e-22  4.76118683e-23\n  -1.19857688e-17 -7.30988429e-23 -2.05884401e-22  8.86520388e-23\n  -9.30443527e-18 -4.31327757e-23 -1.71715825e-22 -1.47265248e-19\n   6.12926232e-23 -5.60646740e-23 -3.63128181e-18 -3.40405637e-18\n  -3.78799167e-23]\n [-1.21587948e-23  1.69602884e-17  7.73455281e-23  4.40640903e-23\n   7.43660480e-24  1.95403048e-22  8.15213489e-19 -8.45038171e-24\n   2.52638632e-23 -5.17579590e-17 -2.97389184e-17 -5.07627702e-18\n  -1.31725336e-16 -1.13714037e-12  1.17874131e-17 -3.52405011e-17\n  -1.35848032e-22 -3.42451807e-23 -2.82381516e-23 -6.03141446e-18\n  -1.47377090e-23 -1.22558683e-22  4.76118683e-23 -2.07886410e-22\n  -2.18806544e-18  1.09755596e-22 -1.43213986e-22  3.91800923e-25\n   3.53655749e-19  8.83810065e-23 -6.81025226e-23 -1.55220997e-17\n  -6.24982075e-23 -2.94569427e-22  5.12173367e-19 -1.63591423e-18\n   2.25883413e-23]\n [-6.03544083e-18  8.41884360e-12 -3.77208876e-19  2.56364088e-17\n   8.96312813e-18  6.24748527e-18  4.97024478e-13  3.21070813e-18\n   8.44945648e-18  1.91128212e-13 -1.72220090e-11 -6.03436367e-12\n  -4.20951969e-12 -6.93300180e-07 -4.47862407e-12 -1.17861532e-11\n  -1.61515042e-17 -6.17511631e-18 -5.58119547e-18  5.45210793e-14\n   2.57141343e-18 -1.00157609e-18 -1.19857688e-17 -2.18806544e-18\n  -1.97460002e-12 -2.06674537e-18 -4.25614096e-17  6.36545732e-18\n  -7.33408773e-13 -5.10404185e-18 -1.20422392e-17 -4.51488055e-13\n   2.04006031e-18 -1.18497778e-17 -3.17951774e-13 -6.65040341e-13\n  -1.16517722e-18]\n [-3.04161391e-23  4.24275710e-17 -3.28497686e-23 -2.33104852e-23\n   4.90269773e-23 -