{'theta_hat': '[ 2.36396248e-12 -3.29749457e-06 -4.67771563e-12 -1.81797270e-11\n -1.77173589e-12  3.96420679e-11 -1.56023744e-07  2.26631443e-12\n -5.44703866e-12  3.14997808e-06  1.22422407e-05  1.19308744e-06\n -2.66950009e-05  2.17637639e-01 -3.16128690e-06  7.59807865e-06\n  5.94871384e-12  7.45936730e-12 -9.03891129e-12  2.39729677e-07\n  2.21762831e-12  1.58504280e-12  2.06228640e-13 -3.18268224e-11\n  1.34586062e-06 -1.47387645e-12  3.11675700e-11  1.34126526e-11\n  2.84594806e-07  8.40953540e-12 -5.62367846e-15 -2.97600577e-06\n  4.24254764e-12 -7.04777862e-11 -1.49578917e-07  3.59509713e-07\n -5.22203329e-12]', 'theta_bar': '[ 1.60142353e-11 -1.07839927e-05  3.59372768e-12 -5.53831122e-12\n -3.73120999e-13  6.19357375e-12 -1.59780833e-06 -1.27325889e-11\n -2.82404411e-11 -2.42001702e-06  3.72950193e-06  2.51259470e-07\n -4.17075764e-06  1.07596474e+00  8.57413399e-06  1.90171218e-05\n -1.61026703e-13 -5.03697616e-13 -1.25167478e-12 -3.53782781e-07\n  8.16866310e-13 -9.84418706e-12 -4.07506815e-13 -5.51680946e-12\n  5.58686062e-07  9.09748546e-12  5.28632469e-12  1.16582407e-12\n  3.48577903e-08 -1.52560582e-12  2.39724095e-12 -6.32866892e-07\n -1.63863436e-11  1.77230237e-14  1.09079396e-06  2.92293188e-06\n  1.91727108e-11]', 'grad_op_sum': '[[ 7.37381747e-24 -1.02857581e-17 -1.39562532e-23 -3.44252588e-23\n   1.36228722e-23  7.31100308e-23 -4.86678588e-19  7.06923240e-24\n  -1.69907356e-23  9.39815005e-18  2.31819931e-17 -9.17365145e-18\n  -4.92323558e-17  6.78869348e-13 -9.86089131e-18  2.37004188e-17\n   2.09930228e-23  6.83277904e-24 -2.85598675e-23  9.21123797e-19\n  -1.33798500e-23  3.21579836e-23  1.26333245e-23 -8.02208120e-23\n   2.27209755e-18 -3.30033220e-23  7.93226193e-23  2.85634693e-23\n  -8.99121552e-19  1.30601646e-23 -3.13897808e-23 -4.82532796e-18\n   7.00901998e-23 -1.68460008e-22 -4.66575797e-19  1.12140404e-18\n  -1.62889043e-23]\n [-1.02857581e-17  1.43476320e-11  1.94676960e-17  4.80199246e-17\n  -1.90025953e-17 -1.01981435e-16  6.78869288e-13 -9.86089154e-18\n   2.37004234e-17 -1.31095592e-11 -3.23366506e-11  1.27963606e-11\n   6.86743835e-11 -9.46956703e-07  1.37549842e-11 -3.30597787e-11\n  -2.92832348e-17 -9.53108050e-18  3.98382393e-17 -1.28488579e-12\n   1.86635502e-17 -4.48574137e-17 -1.76222373e-17  1.11900254e-16\n  -3.16935844e-12  4.60363891e-17 -1.10647386e-16 -3.98432700e-17\n   1.25418858e-12 -1.82176669e-17  4.37857376e-17  6.73086783e-12\n  -9.77689470e-17  2.34985375e-16  6.50827850e-13 -1.56424956e-12\n   2.27214370e-17]\n [-1.39562532e-23  1.94676960e-17  1.69180766e-22  1.62851269e-22\n  -2.25671257e-23 -3.05546020e-22  9.21124245e-19 -1.33798434e-23\n   3.21580026e-23 -1.13926414e-16 -1.09664153e-16  1.51967173e-17\n   2.05754928e-16 -1.28488531e-12  1.86635487e-17 -4.48574140e-17\n  -5.41048682e-23 -6.88381104e-23  5.77943405e-23 -1.50687926e-17\n  -7.25529247e-23 -2.95213741e-22  3.10975667e-23  2.23272286e-22\n  -1.30136301e-17 -3.91257151e-23 -2.61257185e-22 -8.86244500e-23\n   1.75652599e-18 -5.72396607e-23  9.72579543e-23  2.38122556e-17\n   6.08493215e-23  4.81010107e-22  8.83083298e-19 -2.12245502e-18\n   3.08297812e-23]\n [-3.44252588e-23  4.80199246e-17  1.62851269e-22  2.65644038e-22\n  -2.80519625e-23 -5.42503577e-22  2.27209787e-18 -3.30033189e-23\n   7.93226400e-23 -1.09664142e-16 -1.78884877e-16  1.88902142e-17\n   3.65322347e-16 -3.16935841e-12  4.60363911e-17 -1.10647389e-16\n  -1.03483307e-22 -9.83637103e-23  1.35227856e-22 -1.30136309e-17\n  -3.91257204e-23 -2.61257187e-22 -8.68616188e-25  4.56058074e-22\n  -1.98588891e-17  3.58446141e-23 -4.76695462e-22 -1.79867232e-22\n   1.12077201e-18 -1.05928232e-22  1.17479566e-22  4.02271182e-17\n  -9.72201429e-23  9.85722674e-22  2.17825067e-18 -5.23536595e-18\n   7.60461306e-23]\n [ 1.36228722e-23 -1.90025953e-17 -2.25671257e-23 -2.80519625e-23\n   5.44463575e-23  5.52904310e-23 -8.99121398e-19  1.30601680e-23\n  -3.13897900e-23  1.51967115e-17  1.88902113e-17 -3.66642109e-17\n  -3.72326260e-17  1.25418844e-12 -1.82176697e-17  4.37857353e-17\n   4.22778865e-23 -1.33417101e-23 -5.32618016e-23  1.75652574e-18\n  -5.72396677e-23  9.72579393e-23  4.25062331e-23 -1.17995962e-22\n   1.12077121e-18 -1.05928232e-22  1.17479538e-22  3.19654318e-23\n  -4.38752006e-18  3.51255702e-24 -1.05279493e-22 -1.87980342e-18\n   2.19316702e-22 -2.30250964e-22 -8.61982549e-19  2.07175388e-18\n  -3.00932085e-23]\n [ 7.31100308e-23 -1.01981435e-16 -3.05546020e-22 -5.42503577e-22\n   5.52904310e-23  1.11844938e-21 -4.82532779e-18  7.00901898e-23\n  -1.68460037e-22  2.05754879e-16  3.65322280e-16 -3.72326222e-17\n  -7.53164722e-16  6.73086692e-12 -9.77689441e-17  2.34985366e-16\n   2.15034526e-22  1.97506919e-22 -2.86028333e-22  2.38122535e-17\n   6.08493185e-23  4.81010095e-22  1.41876767e-23 -9.53460566e-22\n   4.02271126e-17 -9.72201434e-23  9.85722638e-22  3.75792211e-22\n  -1.87980449e-18  2.19316684e-22 -2.30250994e-22 -8.24791602e-17\n   2.45906293e-22 -2.06137296e-21 -4.62601935e-18  1.11185156e-17\n  -1.61501570e-22]\n [-4.86678588e-19  6.78869288e-13  9.21124245e-19  2.27209787e-18\n  -8.99121398e-19 -4.82532779e-18  3.21212247e-14 -4.66575699e-19\n   1.12140384e-18 -6.20285671e-13 -1.53003228e-12  6.05468962e-13\n   3.24937977e-12 -4.48059878e-08  6.50827699e-13 -1.56424896e-12\n  -1.38555823e-18 -4.50969545e-19  1.88497691e-18 -6.07948986e-14\n   8.83082375e-19 -2.12245351e-18 -8.33810902e-19  5.29464570e-18\n  -1.49960465e-13  2.17824902e-18 -5.23536386e-18 -1.88521473e-18\n   5.93427890e-14 -8.61982687e-19  2.07175276e-18  3.18475985e-13\n  -4.62601632e-18  1.11185121e-17  3.07944224e-14 -7.40136759e-14\n   1.07508234e-18]\n [ 7.06923240e-24 -9.86089154e-18 -1.33798434e-23 -3.30033189e-23\n   1.30601680e-23  7.00901898e-23 -4.66575699e-19  6.77722862e-24\n  -1.62889113e-23  9.00999533e-18  2.22244579e-17 -8.79472605e-18\n  -4.71987924e-17  6.50827772e-13 -9.45357444e-18  2.27214423e-17\n   2.01258870e-23  6.55056364e-24 -2.73801672e-23  8.83082337e-19\n  -1.28271372e-23  3.08297850e-23  1.21114660e-23 -7.69072158e-23\n   2.17824921e-18 -3.16400377e-23  7.60461444e-23  2.73836302e-23\n  -8.61982924e-19  1.25207086e-23 -3.00932170e-23 -4.62601710e-18\n   6.71949595e-23 -1.61501610e-22 -4.47303280e-19  1.07508300e-18\n  -1.56160700e-23]\n [-1.69907356e-23  2.37004234e-17  3.21580026e-23  7.93226400e-23\n  -3.13897900e-23 -1.68460037e-22  1.12140384e-18 -1.62889113e-23\n   3.91500194e-23 -2.16552201e-17 -5.34159208e-17  2.11379060e-17\n   1.13441130e-16 -1.56424941e-12  2.27214462e-17 -5.46104580e-17\n  -4.83720842e-23 -1.57440922e-23  6.58075908e-23 -2.12245454e-18\n   3.08297976e-23 -7.40984075e-23 -2.91096664e-23  1.84844657e-22\n  -5.23536506e-18  7.60461600e-23 -1.82775051e-22 -6.58159001e-23\n   2.07175369e-18 -3.00932156e-23  7.23282718e-23  1.11185154e-17\n  -1.61501643e-22  3.88165265e-22  1.07508303e-18 -2.58393698e-18\n   3.75328610e-23]\n [ 9.39815005e-18 -1.31095592e-11 -1.13926414e-16 -1.09664142e-16\n   1.51967115e-17  2.05754879e-16 -6.20285671e-13  9.00999533e-18\n  -2.16552201e-17  7.67181059e-11  7.38479066e-11 -1.02334755e-11\n  -1.38555496e-10  8.65242612e-07 -1.25680460e-11  3.02070120e-11\n   3.64342505e-17  4.63556246e-17 -3.89187461e-17  1.01473325e-11\n   4.88571771e-17  1.98797078e-16 -2.09411164e-17 -1.50351698e-16\n   8.76338618e-12  2.63472742e-17  1.75930747e-16  5.96797613e-17\n  -1.18284515e-12  3.85452239e-17 -6.54935534e-17 -1.60351875e-11\n  -4.09759588e-17 -3.23912511e-16 -5.94668873e-13  1.42926260e-12\n  -2.07607949e-17]\n [ 2.31819931e-17 -3.23366506e-11 -1.09664153e-16 -1.78884877e-16\n   1.88902113e-17  3.65322280e-16 -1.53003228e-12  2.22244579e-17\n  -5.34159208e-17  7.38479066e-11  1.20461198e-10 -1.27206835e-11\n  -2.46008318e-10  2.13424815e-06 -3.10009377e-11  7.45100287e-11\n   6.96857302e-17  6.62381891e-17 -9.10625322e-17  8.76338774e-12\n   2.63472844e-17  1.75930765e-16  5.84928365e-19 -3.07109821e-16\n   1.33729895e-11 -2.41377911e-17  3.21007051e-16  1.21122718e-16\n  -7.54728670e-13  7.13321442e-17 -7.91108209e-17 -2.70889688e-11\n   6.54681176e-17 -6.63786327e-16 -1.46683551e-12  3.52549906e-12\n  -5.12095171e-17]\n [-9.17365145e-18  1.27963606e-11  1.51967173e-17  1.88902142e-17\n  -3.66642109e-17 -3.72326222e-17  6.05468962e-13 -8.79472605e-18\n   2.11379060e-17 -1.02334755e-11 -1.27206835e-11  2.46897023e-11\n   2.50724813e-11 -8.44571354e-07  1.22677912e-11 -2.94853440e-11\n  -2.84699571e-17  8.98431402e-18  3.58665334e-17 -1.18284554e-12\n   3.85452281e-17 -6.54935566e-17 -2.86237245e-17  7.94585646e-17\n  -7.54728398e-13  7.13321391e-17 -7.91108035e-17 -2.15255458e-17\n   2.95455868e-12 -2.36536050e-18  7.08952763e-17  1.26586163e-12\n  -1.47688007e-16  1.55051165e-16  5.80459636e-13 -1.39512047e-12\n   2.02647871e-17]\n [-4.92323558e-17  6.86743835e-11  2.05754928e-16  3.65322347e-16\n  -3.72326260e-17 -7.53164722e-16  3.24937977e-12 -4.71987924e-17\n   1.13441130e-16 -1.38555496e-10 -2.46008318e-10  2.50724813e-11\n   5.07181734e-10 -4.53257141e-06  6.58376886e-11 -1.58239342e-10\n  -1.44804428e-16 -1.33001315e-16  1.92611718e-16 -1.60351898e-11\n  -4.09759668e-17 -3.23912576e-16 -9.55400193e-18  6.42061130e-16\n  -2.70889699e-11  6.54681427e-17 -6.63786431e-16 -2.53058782e-16\n   1.26586221e-12 -1.47688032e-16  1.55051212e-16  5.55415329e-11\n  -1.65593536e-16  1.38813024e-15  3.11516530e-12 -7.48721770e-12\n   1.08755292e-16]\n [ 6.78869348e-13 -9.46956703e-07 -1.28488531e-12 -3.16935841e-12\n   1.25418844e-12  6.73086692e-12 -4.48059878e-08  6.50827772e-13\n  -1.56424941e-12  8.65242612e-07  2.13424815e-06 -8.44571354e-07\n  -4.53257141e-06  6.25000000e-02 -9.07841411e-07  2.18197533e-06\n   1.93271998e-12  6.29059893e-13 -2.62935987e-12  8.48036012e-08\n  -1.23181133e-12  2.96062943e-12  1.16308368e-12 -7.38551805e-12\n   2.09180518e-07 -3.03844347e-12  7.30282755e-12  2.62969188e-12\n  -8.27775766e-08  1.20238250e-12 -2.88989817e-12 -4.44243359e-07\n   6.45283922e-12 -1.55092474e-11 -4.29552275e-08  1.03241887e-07\n  -1.49963542e-12]\n [-9.86089131e-18  1.37549842e-11  1.86635487e-17  4.60363911e-17\n  -1.82176697e-17 -9.77689441e-17  6.50827699e-13 -9.45357444e-18\n   2.27214462e-17 -1.25680460e-11 -3.10009377e-11  1.22677912e-11\n   6.58376886e-11 -9.07841411e-07  1.31868164e-11 -3.16942010e-11\n  -2.80736516e-17 -9.13738216e-18  3.81926683e-17 -1.23181112e-12\n   1.78926350e-17 -4.30045075e-17 -1.68943317e-17  1.07278062e-16\n  -3.03844327e-12  4.41348036e-17 -1.06076943e-16 -3.81974882e-17\n   1.20238280e-12 -1.74651593e-17  4.19771102e-17  6.45283928e-12\n  -9.37304876e-17  2.25278981e-16  6.23944549e-13 -1.49963617e-12\n   2.17828981e-17]\n [ 2.37004188e-17 -3.30597787e-11 -4.48574140e-17 -1.10647389e-16\n   4.37857353e-17  2.34985366e-16 -1.56424896e-12  2.27214423e-17\n  -5.46104580e-17  3.02070120e-11  7.45100287e-11 -2.94853440e-11\n  -1.58239342e-10  2.18197533e-06 -3.16942010e-11  7.61762617e-11\n   6.74743582e-17  2.19614898e-17 -9.17951741e-17  2.96063038e-12\n  -4.30045111e-17  1.03360340e-16  4.06051187e-17 -2.57840291e-16\n   7.30282765e-12 -1.06076941e-16  2.54953434e-16  9.18067638e-17\n  -2.88989841e-12  4.19771020e-17 -1.00890992e-16 -1.55092486e-11\n   2.25278979e-16 -5.41452721e-16 -1.49963595e-12  3.60434002e-12\n  -5.23546798e-17]\n [ 2.09930228e-23 -2.92832348e-17 -5.41048682e-23 -1.03483307e-22\n   4.22778865e-23  2.15034526e-22 -1.38555823e-18  2.01258870e-23\n  -4.83720842e-23  3.64342505e-17  6.96857302e-17 -2.84699571e-17\n  -1.44804428e-16  1.93271998e-12 -2.80736516e-17  6.74743582e-17\n   6.17123021e-23  2.18511056e-23 -8.17616691e-23  4.01024730e-18\n  -3.22018862e-23  1.20781574e-22  3.27725744e-23 -2.31839245e-22\n   6.96918858e-18 -8.93099822e-23  2.33543370e-22  8.21808763e-23\n  -2.92184299e-18  3.78565806e-23 -9.94686039e-23 -1.43389403e-17\n   1.91237007e-22 -4.85818292e-22 -1.32832701e-18  3.19260129e-18\n  -4.63740087e-23]\n [ 6.83277904e-24 -9.53108050e-18 -6.88381104e-23 -9.83637103e-23\n  -1.33417101e-23  1.97506919e-22 -4.50969545e-19  6.55056364e-24\n  -1.57440922e-23  4.63556246e-17  6.62381891e-17  8.98431402e-18\n  -1.33001315e-16  6.29059893e-13 -9.13738216e-18  2.19614898e-17\n   2.18511056e-23  4.91220086e-23 -2.74358941e-23  5.77134088e-18\n   5.15734865e-23  8.50861002e-23 -2.49990477e-23 -1.26502544e-22\n   7.95407523e-18  4.52919816e-23  1.39487328e-22  5.69421388e-23\n   1.45272580e-18  4.16558020e-23 -3.18503511e-24 -1.58906148e-17\n  -8.31253819e-23 -2.85008219e-22 -4.32344109e-19  1.03912427e-18\n  -1.50937770e-23]\n [-2.85598675e-23  3.98382393e-17  5.77943405e-23  1.35227856e-22\n  -5.32618016e-23 -2.86028333e-22  1.88497691e-18 -2.73801672e-23\n   6.58075908e-23 -3.89187461e-17 -9.10625322e-17  3.58665334e-17\n   1.92611718e-16 -2.62935987e-12  3.81926683e-17 -9.17951741e-17\n  -8.17616691e-23 -2.74358941e-23  1.10726108e-22 -3.92378671e-18\n   4.98630675e-23 -1.31551730e-22 -4.78474332e-23  3.12007646e-22\n  -8.97093790e-18  1.26016769e-22 -3.09608998e-22 -1.11136307e-22\n   3.53828326e-18 -5.10391141e-23  1.23529050e-22  1.89399701e-17\n  -2.68105806e-22  6.55175525e-22  1.80711608e-18 -4.34336091e-18\n   6.30892997e-23]\n [ 9.21123797e-19 -1.28488579e-12 -1.50687926e-17 -1.30136309e-17\n   1.75652574e-18  2.38122535e-17 -6.07948986e-14  8.83082337e-19\n  -2.12245454e-18  1.01473325e-11  8.76338774e-12 -1.18284554e-12\n  -1.60351898e-11  8.48036012e-08 -1.23181112e-12  2.96063038e-12\n   4.01024730e-18  5.77134088e-18 -3.92378671e-18  1.36313759e-12\n   7.09566327e-18  2.64148498e-17 -3.33829121e-18 -1.63414395e-17\n   1.06208712e-12  4.84082800e-18  1.99580806e-17  6.55069776e-18\n  -1.50584943e-13  4.42519177e-18 -8.03887570e-18 -1.89142351e-12\n  -8.26704163e-18 -3.52403704e-17 -5.82843674e-14  1.40083692e-13\n  -2.03479447e-18]\n [-1.33798500e-23  1.86635502e-17 -7.25529247e-23 -3.91257204e-23\n  -5.72396677e-23  6.08493185e-23  8.83082375e-19 -1.28271372e-23\n   3.08297976e-23  4.88571771e-17  2.63472844e-17  3.85452281e-17\n  -4.09759668e-17 -1.23181133e-12  1.78926350e-17 -4.30045111e-17\n  -3.22018862e-23  5.15734865e-23  4.98630675e-23  7.09566327e-18\n   1.22846870e-22  5.75470378e-23 -7.92438651e-23  6.68976159e-23\n   4.84082881e-18  1.73820257e-22 -4.01753877e-23 -7.34646918e-24\n   4.42519189e-18  1.92360624e-23  8.09795061e-23 -8.26704306e-18\n  -3.48557469e-22  1.14235974e-22  8.46601348e-19 -2.03479547e-18\n   2.95562693e-23]\n [ 3.21579836e-23 -4.48574137e-17 -2.95213741e-22 -2.61257187e-22\n   9.72579393e-23  4.81010095e-22 -2.12245351e-18  3.08297850e-23\n  -7.40984075e-23  1.98797078e-16  1.75930765e-16 -6.54935566e-17\n  -3.23912576e-16  2.96062943e-12 -4.30045075e-17  1.03360340e-16\n   1.20781574e-22  8.50861002e-23 -1.31551730e-22  2.64148498e-17\n   5.75470378e-23  5.88609529e-22 -8.72819128e-24 -4.24888071e-22\n   1.99580791e-17 -4.01753857e-23  4.89121329e-22  1.51731953e-22\n  -8.03887459e-18  8.09795025e-23 -2.70106800e-22 -3.52403724e-17\n   1.14235934e-22 -8.86698135e-22 -2.03479564e-18  4.89055700e-18\n  -7.10378872e-23]\n [ 1.26333245e-23 -1.76222373e-17  3.10975667e-23 -8.68616188e-25\n   4.25062331e-23  1.41876767e-23 -8.33810902e-19  1.21114660e-23\n  -2.91096664e-23 -2.09411164e-17  5.84928365e-19 -2.86237245e-17\n  -9.55400193e-18  1.16308368e-12 -1.68943317e-17  4.06051187e-17\n   3.27725744e-23 -2.49990477e-23 -4.78474332e-23 -3.33829121e-18\n  -7.92438651e-23 -8.72819128e-24  5.38432970e-23 -9.23585412e-23\n  -1.23267966e-18 -1.21876427e-22  7.67793356e-23  2.33273428e-23\n  -3.19361650e-18 -2.35942630e-24 -6.87460379e-23  1.50407533e-18\n   2.47104154e-22 -1.78672404e-22 -7.99367005e-19  1.92126490e-18\n  -2.79072143e-23]\n [-8.02208120e-23  1.11900254e-16  2.23272286e-22  4.56058074e-22\n  -1.17995962e-22 -9.53460566e-22  5.29464570e-18 -7.69072158e-23\n   1.84844657e-22 -1.50351698e-16 -3.07109821e-16  7.94585646e-17\n   6.42061130e-16 -7.38551805e-12  1.07278062e-16 -2.57840291e-16\n  -2.31839245e-22 -1.26502544e-22  3.12007646e-22 -1.63414395e-17\n   6.68976159e-23 -4.24888071e-22 -9.23585412e-23  9.36488136e-22\n  -3.18993270e-17  2.66431103e-22 -9.44580136e-22 -3.47651447e-22\n   7.13806501e-18 -1.77826977e-22  3.13291655e-22  6.64059228e-17\n  -5.81997126e-22  1.98956406e-21  5.07594763e-18 -1.21999156e-17\n   1.77209363e-22]\n [ 2.27209755e-18 -3.16935844e-12 -1.30136301e-17 -1.98588891e-17\n   1.12077121e-18  4.02271126e-17 -1.49960465e-13  2.17824921e-18\n  -5.23536506e-18  8.76338618e-12  1.33729895e-11 -7.54728398e-13\n  -2.70889699e-11  2.09180518e-07 -3.03844327e-12  7.30282765e-12\n   6.96918858e-18  7.95407523e-18 -8.97093790e-18  1.06208712e-12\n   4.84082881e-18  1.99580791e-17 -1.23267966e-18 -3.18993270e-17\n   1.51599191e-12  2.39066913e-19  3.38436982e-17  1.28858312e-17\n  -1.13667491e-14  7.97006401e-18 -7.23402133e-18 -3.04395645e-12\n   1.35729979e-18 -6.94310249e-17 -1.43766567e-13  3.45538810e-13\n  -5.01911371e-18]\n [-3.30033220e-23  4.60363891e-17 -3.91257151e-23  3.58446141e-23\n  -1.05928232e-22 -9.72201434e-23  2.17824902e-18 -3.16400377e-23\n   7.60461600e-23  2.63472742e-17 -2.41377911e-17  7.13321391e-17\n   6.54681427e-17 -3.03844347e-12  4.41348036e-17 -1.06076941e-16\n  -8.93099822e-23  4.52919816e-23  1.26016769e-22  4.84082800e-18\n   1.73820257e-22 -4.01753857e-23 -1.21876427e-22  2.66431103e-22\n   2.39066913e-19  2.82336249e-22 -2.37147748e-22 -7.39926441e-23\n   7.97006393e-18 -6.26571832e-24  1.83889245e-22  1.35730071e-18\n  -5.76261785e-22  5.25631270e-22  2.08826974e-18 -5.01911629e-18\n   7.29049024e-23]\n [ 7.93226193e-23 -1.10647386e-16 -2.61257185e-22 -4.76695462e-22\n   1.17479538e-22  9.85722638e-22 -5.23536386e-18  7.60461444e-23\n  -1.82775051e-22  1.75930747e-16  3.21007051e-16 -7.91108035e-17\n  -6.63786431e-16  7.30282755e-12 -1.06076943e-16  2.54953434e-16\n   2.33543370e-22  1.39487328e-22 -3.09608998e-22  1.99580806e-17\n  -4.01753877e-23  4.89121329e-22  7.67793356e-23 -9.44580136e-22\n   3.38436982e-17 -2.37147748e-22  9.63954888e-22  3.52382946e-22\n  -7.23402051e-18  1.83889247e-22 -3.23346287e-22 -6.94310325e-17\n   5.25631235e-22 -2.00872990e-21 -5.01911650e-18  1.20633190e-17\n  -1.75225282e-22]\n [ 2.85634693e-23 -3.98432700e-17 -8.86244500e-23 -1.79867232e-22\n   3.19654318e-23  3.75792211e-22 -1.88521473e-18  2.73836302e-23\n  -6.58159001e-23  5.96797613e-17  1.21122718e-16 -2.15255458e-17\n  -2.53058782e-16  2.62969188e-12 -3.81974882e-17  9.18067638e-17\n   8.21808763e-23  5.69421388e-23 -1.11136307e-22  6.55069776e-18\n  -7.34646918e-24  1.51731953e-22  2.33273428e-23 -3.47651447e-22\n   1.28858312e-17 -7.39926441e-23  3.52382946e-22  1.32743202e-22\n  -1.62584465e-18  7.20966989e-23 -9.77463522e-23 -2.68422092e-17\n   1.66053494e-22 -7.44828838e-22 -1.80734525e-18  4.34390947e-18\n  -6.30972704e-23]\n [-8.99121552e-19  1.25418858e-12  1.75652599e-18  1.12077201e-18\n  -4.38752006e-18 -1.87980449e-18  5.93427890e-14 -8.61982924e-19\n   2.07175369e-18 -1.18284515e-12 -7.54728670e-13  2.95455868e-12\n   1.26586221e-12 -8.27775766e-08  1.20238280e-12 -2.88989841e-12\n  -2.92184299e-18  1.45272580e-18  3.53828326e-18 -1.50584943e-13\n   4.42519189e-18 -8.03887459e-18 -3.19361650e-18  7.13806501e-18\n  -1.13667491e-14  7.97006393e-18 -7.23402051e-18 -1.62584465e-18\n   3.64400202e-13  2.51974844e-19  8.33803700e-18 -3.21122547e-14\n  -1.64542754e-17  1.33821669e-17  5.68916200e-14 -1.36737544e-13\n   1.98617922e-18]\n [ 1.30601646e-23 -1.82176669e-17 -5.72396607e-23 -1.05928232e-22\n   3.51255702e-24  2.19316684e-22 -8.61982687e-19  1.25207086e-23\n  -3.00932156e-23  3.85452239e-17  7.13321442e-17 -2.36536050e-18\n  -1.47688032e-16  1.20238250e-12 -1.74651593e-17  4.19771020e-17\n   3.78565806e-23  4.16558020e-23 -5.10391141e-23  4.42519177e-18\n   1.92360624e-23  8.09795025e-23 -2.35942630e-24 -1.77826977e-22\n   7.97006401e-18 -6.26571832e-24  1.83889247e-22  7.20966989e-23\n   2.51974844e-19  4.40754931e-23 -3.14442183e-23 -1.64542763e-17\n   2.18763423e-23 -3.87947033e-22 -8.26378823e-19  1.98617975e-18\n  -2.88501708e-23]\n [-3.13897808e-23  4.37857376e-17  9.72579543e-23  1.17479566e-22\n  -1.05279493e-22 -2.30250994e-22  2.07175276e-18 -3.00932170e-23\n   7.23282718e-23 -6.54935534e-17 -7.91108209e-17  7.08952763e-17\n   1.55051212e-16 -2.88989817e-12  4.19771102e-17 -1.00890992e-16\n  -9.94686039e-23 -3.18503511e-24  1.23529050e-22 -8.03887570e-18\n   8.09795061e-23 -2.70106800e-22 -6.87460379e-23  3.13291655e-22\n  -7.23402133e-18  1.83889245e-22 -3.23346287e-22 -9.77463522e-23\n   8.33803700e-18 -3.14442183e-23  2.23007890e-22  1.33821688e-17\n  -3.87947048e-22  6.32666501e-22  1.98617946e-18 -4.77372968e-18\n   6.93407104e-23]\n [-4.82532796e-18  6.73086783e-12  2.38122556e-17  4.02271182e-17\n  -1.87980342e-18 -8.24791602e-17  3.18475985e-13 -4.62601710e-18\n   1.11185154e-17 -1.60351875e-11 -2.70889688e-11  1.26586163e-12\n   5.55415329e-11 -4.44243359e-07  6.45283928e-12 -1.55092486e-11\n  -1.43389403e-17 -1.58906148e-17  1.89399701e-17 -1.89142351e-12\n  -8.26704306e-18 -3.52403724e-17  1.50407533e-18  6.64059228e-17\n  -3.04395645e-12  1.35730071e-18 -6.94310325e-17 -2.68422092e-17\n  -3.21122547e-14 -1.64542763e-17  1.33821688e-17  6.20588447e-12\n  -6.35070017e-18  1.44660773e-16  3.05321601e-13 -7.33832118e-13\n   1.06592516e-17]\n [ 7.00901998e-23 -9.77689470e-17  6.08493215e-23 -9.72201429e-23\n   2.19316702e-22  2.45906293e-22 -4.62601632e-18  6.71949595e-23\n  -1.61501643e-22 -4.09759588e-17  6.54681176e-17 -1.47688007e-16\n  -1.65593536e-16  6.45283922e-12 -9.37304876e-17  2.25278979e-16\n   1.91237007e-22 -8.31253819e-23 -2.68105806e-22 -8.26704163e-18\n  -3.48557469e-22  1.14235934e-22  2.47104154e-22 -5.81997126e-22\n   1.35729979e-18 -5.76261785e-22  5.25631235e-22  1.66053494e-22\n  -1.64542754e-17  2.18763423e-23 -3.87947048e-22 -6.35070017e-18\n   1.17861962e-21 -1.15518758e-21 -4.43492551e-18  1.06592563e-17\n  -1.54830468e-22]\n [-1.68460008e-22  2.34985375e-16  4.81010107e-22  9.85722674e-22\n  -2.30250964e-22 -2.06137296e-21  1.11185121e-17 -1.61501610e-22\n   3.88165265e-22 -3.23912511e-16 -6.63786327e-16  1.55051165e-16\n   1.38813024e-15 -1.55092474e-11  2.25278981e-16 -5.41452721e-16\n  -4.85818292e-22 -2.85008219e-22  6.55175525e-22 -3.52403704e-17\n   1.14235974e-22 -8.86698135e-22 -1.78672404e-22  1.98956406e-21\n  -6.94310249e-17  5.25631270e-22 -2.00872990e-21 -7.44828838e-22\n   1.33821669e-17 -3.87947033e-22  6.32666501e-22  1.44660773e-16\n  -1.15518758e-21  4.23748988e-21  1.06592566e-17 -2.56192611e-17\n   3.72131493e-22]\n [-4.66575797e-19  6.50827850e-13  8.83083298e-19  2.17825067e-18\n  -8.61982549e-19 -4.62601935e-18  3.07944224e-14 -4.47303280e-19\n   1.07508303e-18 -5.94668873e-13 -1.46683551e-12  5.80459636e-13\n   3.11516530e-12 -4.29552275e-08  6.23944549e-13 -1.49963595e-12\n  -1.32832701e-18 -4.32344109e-19  1.80711608e-18 -5.82843674e-14\n   8.46601348e-19 -2.03479564e-18 -7.99367005e-19  5.07594763e-18\n  -1.43766567e-13  2.08826974e-18 -5.01911650e-18 -1.80734525e-18\n   5.68916200e-14 -8.26378823e-19  1.98617946e-18  3.05321601e-13\n  -4.43492551e-18  1.06592566e-17  2.95224251e-14 -7.09564601e-14\n   1.03067489e-18]\n [ 1.12140404e-18 -1.56424956e-12 -2.12245502e-18 -5.23536595e-18\n   2.07175388e-18  1.11185156e-17 -7.40136759e-14  1.07508300e-18\n  -2.58393698e-18  1.42926260e-12  3.52549906e-12 -1.39512047e-12\n  -7.48721770e-12  1.03241887e-07 -1.49963617e-12  3.60434002e-12\n   3.19260129e-18  1.03912427e-18 -4.34336091e-18  1.40083692e-13\n  -2.03479547e-18  4.89055700e-18  1.92126490e-18 -1.21999156e-17\n   3.45538810e-13 -5.01911629e-18  1.20633190e-17  4.34390947e-18\n  -1.36737544e-13  1.98617975e-18 -4.77372968e-18 -7.33832118e-13\n   1.06592563e-17 -2.56192611e-17 -7.09564601e-14  1.70542197e-13\n  -2.47720305e-18]\n [-1.62889043e-23  2.27214370e-17  3.08297812e-23  7.60461306e-23\n  -3.00932085e-23 -1.61501570e-22  1.07508234e-18 -1.56160700e-23\n   3.75328610e-23 -2.07607949e-17 -5.12095171e-17  2.02647871e-17\n   1.08755292e-16 -1.49963542e-12  2.17828981e-17 -5.23546798e-17\n  -4.63740087e-23 -1.50937770e-23  6.30892997e-23 -2.03479447e-18\n   2.95562693e-23 -7.10378872e-23 -2.79072143e-23  1.77209363e-22\n  -5.01911371e-18  7.29049024e-23 -1.75225282e-22 -6.30972704e-23\n   1.98617922e-18 -2.88501708e-23  6.93407104e-23  1.06592516e-17\n  -1.54830468e-22  3.72131493e-22  1.03067489e-18 -2.47720305e-18\n   3.59825022e-23]]', 'hess_sum': '[[-2.21840676e-23  3.09445780e-17 -1.73635525e-24  7.25913564e-24\n   1.43040740e-24 -1.04122874e-23  1.46416739e-18 -2.12676206e-23\n   5.11163817e-23  1.16928017e-18 -4.88830281e-18 -9.63234433e-19\n   7.01165357e-18 -2.04236905e-12  2.96663836e-17 -7.13023722e-17\n   5.44292864e-24  3.65477510e-24 -5.48477024e-24  1.14604892e-19\n  -1.66455929e-24  4.00091238e-24  9.14570602e-24  6.58546713e-25\n  -4.79108747e-19  6.95930685e-24 -1.67264735e-23  5.22724604e-24\n  -9.44109138e-20  1.37130712e-24 -3.29595590e-24  6.87219633e-19\n  -9.98222504e-24  2.39920191e-23  1.40368142e-18 -3.37371870e-18\n   4.90048569e-23]\n [ 3.09445780e-17 -4.31646247e-11  2.42198682e-18 -1.01258251e-17\n  -1.99522647e-18  1.45241972e-17 -2.04236864e-12  2.96663363e-17\n  -7.13024182e-17 -1.63097536e-12  6.81873063e-12  1.34359507e-12\n  -9.78061316e-12  2.84890502e-06 -4.13816321e-11  9.94598420e-11\n  -7.59232934e-18 -5.09800802e-18  7.65070950e-18 -1.59854549e-13\n   2.32193324e-18 -5.58072749e-18 -1.27573946e-17 -9.18626297e-19\n   6.68313804e-13 -9.70754622e-18  2.33318569e-17 -7.29146853e-18\n   1.31687081e-13 -1.91282834e-18  4.59742044e-18 -9.58610258e-13\n   1.39242281e-17 -3.34665937e-17 -1.95800499e-12  4.70601839e-12\n  -6.83571049e-17]\n [-1.73635525e-24  2.42198682e-18 -5.07903214e-22  5.19984687e-23\n   2.33231956e-22  2.34451447e-23  1.14604144e-19 -1.66454490e-24\n   4.00093615e-24  3.42022379e-16 -3.50157821e-17 -1.57058559e-16\n  -1.57880012e-17 -1.59854237e-13  2.32195376e-18 -5.58073219e-18\n   1.51756871e-22  1.01528332e-22 -1.91253841e-22  3.96154239e-17\n   5.31240935e-23  8.48837419e-22 -1.14098178e-22  1.77373310e-22\n  -2.36184040e-18  1.61673582e-22 -1.93272888e-22 -3.08986202e-23\n  -1.88990608e-17 -1.09022248e-22 -3.30512848e-22 -4.36039414e-18\n  -2.25291019e-22  9.28381437e-23  1.09860964e-19 -2.64066020e-19\n   3.83555378e-24]\n [ 7.25913564e-24 -1.01258251e-17  5.19984687e-23 -7.68894843e-22\n   1.18812824e-22  1.74066940e-22 -4.79107361e-19  6.95930863e-24\n  -1.67265368e-23 -3.50157956e-17  5.17774330e-16 -8.00086180e-17\n  -1.17216822e-16  6.68312756e-13 -9.70754856e-18  2.33318670e-17\n   3.38219144e-23 -6.78514799e-23  2.47170478e-22 -2.36184118e-18\n   1.61673580e-22 -1.93272885e-22  2.55811710e-22 -5.12709879e-22\n   5.63818607e-17 -2.38995110e-22  1.47564941e-21  1.91247538e-22\n  -6.04332259e-18  2.85487083e-22 -3.80853509e-22 -1.65391341e-17\n  -3.00070859e-22 -1.15282452e-22 -4.59321151e-19  1.10396367e-18\n  -1.60355704e-23]\n [ 1.43040740e-24 -1.99522647e-18  2.33231956e-22  1.18812824e-22\n  -4.29116903e-22  1.53291018e-22 -9.44088640e-20  1.37128671e-24\n  -3.29592602e-24 -1.57058553e-16 -8.00086335e-17  2.88967542e-16\n  -1.03226258e-16  1.31687346e-13 -1.91282673e-18  4.59741250e-18\n  -1.00049392e-22 -7.70575713e-24 -6.06493937e-23 -1.88990604e-17\n  -1.09022256e-22 -3.30512846e-22 -2.46192919e-22  5.64973228e-23\n  -6.04332241e-18  2.85487086e-22 -3.80853450e-22  6.61032818e-23\n   3.49251478e-17  1.68080119e-22  6.46164660e-22 -1.14384540e-17\n   3.41060251e-23 -2.87754668e-22 -9.05076712e-20  2.17535188e-19\n  -3.15977321e-24]\n [-1.04122874e-23  1.45241972e-17  2.34451447e-23  1.74066940e-22\n   1.53291018e-22 -6.47931508e-22  6.87221013e-19 -9.98224122e-24\n   2.39920430e-23 -1.57879732e-17 -1.17216827e-16 -1.03226250e-16\n   4.36317504e-16 -9.58610430e-13  1.39242357e-17 -3.34666181e-17\n   2.26916842e-22 -1.05850022e-22 -1.34258136e-22 -4.36039225e-18\n  -2.25291022e-22  9.28381454e-23  9.63864354e-23  2.65293054e-22\n  -1.65391349e-17 -3.00070857e-22 -1.15282478e-22 -6.36033062e-23\n  -1.14384535e-17  3.41060049e-23 -2.87754663e-22  4.99324273e-17\n   3.67009490e-24  1.12527517e-21  6.58839487e-19 -1.58349627e-18\n   2.30010075e-23]\n [ 1.46416739e-18 -2.04236864e-12  1.14604144e-19 -4.79107361e-19\n  -9.44088640e-20  6.87221013e-19 -9.66365997e-14  1.40368152e-18\n  -3.37372792e-18 -7.71739595e-14  3.22631714e-13  6.35753171e-14\n  -4.62775738e-13  1.34798034e-07 -1.95800312e-12  4.70601714e-12\n  -3.59238884e-19 -2.41217467e-19  3.61999643e-19 -7.56410634e-15\n   1.09862491e-19 -2.64065467e-19 -6.03624878e-19 -4.34615167e-20\n   3.16216467e-14 -4.59321398e-19  1.10395786e-18 -3.45003454e-19\n   6.23116789e-15 -9.05090133e-20  2.17533752e-19 -4.53572854e-14\n   6.58837754e-19 -1.58349802e-18 -9.26444473e-14  2.22668486e-13\n  -3.23436932e-18]\n [-2.12676206e-23  2.96663363e-17 -1.66454490e-24  6.95930863e-24\n   1.37128671e-24 -9.98224122e-24  1.40368152e-18 -2.03892019e-23\n   4.90049634e-23  1.12091503e-18 -4.68639376e-18 -9.23434763e-19\n   6.72204253e-18 -1.95800466e-12  2.84409596e-17 -6.83571947e-17\n   5.21807854e-24  3.50375338e-24 -5.25820027e-24  1.09860958e-19\n  -1.59591874e-24  3.83554334e-24  8.76797931e-24  6.31308214e-25\n  -4.59320308e-19  6.67178829e-24 -1.60355742e-23  5.01131656e-24\n  -9.05063885e-20  1.31468594e-24 -3.15976742e-24  6.58838721e-19\n  -9.56986599e-24  2.30010126e-23  1.34570884e-18 -3.23437224e-18\n   4.69808604e-23]\n [ 5.11163817e-23 -7.13024182e-17  4.00093615e-24 -1.67265368e-23\n  -3.29592602e-24  2.39920430e-23 -3.37372792e-18  4.90049634e-23\n  -1.17782365e-22 -2.69421118e-18  1.12636329e-17  2.21949093e-18\n  -1.61562660e-17  4.70601980e-12 -6.83570925e-17  1.64294683e-16\n  -1.25415900e-23 -8.42126032e-24  1.26380043e-23 -2.64067519e-19\n   3.83555971e-24 -9.21884449e-24 -2.10735658e-23 -1.51735602e-24\n   1.10396240e-18 -1.60356385e-23  3.85412191e-23 -1.20445891e-23\n   2.17533822e-19 -3.15980728e-24  7.59458643e-24 -1.58349771e-18\n   2.30010262e-23 -5.52824430e-23 -3.23436882e-18  7.77373054e-18\n  -1.12917165e-22]\n [ 1.16928017e-18 -1.63097536e-12  3.42022379e-16 -3.50157956e-17\n  -1.57058553e-16 -1.57879732e-17 -7.71739595e-14  1.12091503e-18\n  -2.69421118e-18 -2.30318097e-10  2.35796518e-11  1.05763331e-10\n   1.06316376e-11  1.07645925e-07 -1.56360584e-12  3.75806861e-12\n  -1.02193223e-16 -6.83692355e-17  1.28790491e-16 -2.66770546e-11\n  -3.57738242e-17 -5.71607701e-16  7.68337938e-17 -1.19443326e-16\n   1.59046464e-12 -1.08871086e-16  1.30150082e-16  2.08071294e-17\n   1.27266401e-11  7.34156667e-17  2.22567566e-16  2.93629118e-12\n   1.51711123e-16 -6.25173004e-17 -7.39811617e-14  1.77821425e-13\n  -2.58287121e-18]\n [-4.88830281e-18  6.81873063e-12 -3.50157821e-17  5.17774330e-16\n  -8.00086335e-17 -1.17216827e-16  3.22631714e-13 -4.68639376e-18\n   1.12636329e-17  2.35796518e-11 -3.48669553e-10  5.38778584e-11\n   7.89339046e-11 -4.50041438e-07  6.53706985e-12 -1.57116993e-11\n  -2.27757012e-17  4.56912218e-17 -1.66444761e-16  1.59046326e-12\n  -1.08871106e-16  1.30150086e-16 -1.72263729e-16  3.45259219e-16\n  -3.79675832e-11  1.60939479e-16 -9.93703434e-16 -1.28786232e-16\n   4.06957679e-12 -1.92247179e-16  2.56467005e-16  1.11374658e-11\n   2.02067894e-16  7.76313525e-17  3.09308529e-13 -7.43408869e-13\n   1.07983890e-17]\n [-9.63234433e-19  1.34359507e-12 -1.57058559e-16 -8.00086180e-17\n   2.88967542e-16 -1.03226250e-16  6.35753171e-14 -9.23434763e-19\n   2.21949093e-18  1.05763331e-10  5.38778584e-11 -1.94590916e-10\n   6.95126265e-11 -8.86785692e-08  1.28810241e-12 -3.09590441e-12\n   6.73733333e-17  5.18906487e-18  4.08413213e-17  1.27266391e-11\n   7.34156589e-17  2.22567575e-16  1.65786485e-16 -3.80453217e-17\n   4.06957692e-12 -1.92247169e-16  2.56466994e-16 -4.45139732e-17\n  -2.35186152e-11 -1.13185274e-16 -4.35127670e-16  7.70266090e-12\n  -2.29670195e-17  1.93774155e-16  6.09489457e-14 -1.46489072e-13\n   2.12779433e-18]\n [ 7.01165357e-18 -9.78061316e-12 -1.57880012e-17 -1.17216822e-16\n  -1.03226258e-16  4.36317504e-16 -4.62775738e-13  6.72204253e-18\n  -1.61562660e-17  1.06316376e-11  7.89339046e-11  6.95126265e-11\n  -2.93816516e-10  6.45528934e-07 -9.37659720e-12  2.25364523e-11\n  -1.52805949e-16  7.12794794e-17  9.04094979e-17  2.93629243e-12\n   1.51711138e-16 -6.25172435e-17 -6.49066839e-17 -1.78648558e-16\n   1.11374680e-11  2.02067903e-16  7.76313767e-17  4.28305269e-17\n   7.70266084e-12 -2.29669883e-17  1.93774135e-16 -3.36245322e-11\n  -2.47145265e-18 -7.57761144e-16 -4.43662175e-13  1.06632581e-12\n  -1.54888869e-17]\n [-2.04236905e-12  2.84890502e-06 -1.59854237e-13  6.68312756e-13\n   1.31687346e-13 -9.58610430e-13  1.34798034e-07 -1.95800466e-12\n   4.70601980e-12  1.07645925e-07 -4.50041438e-07 -8.86785692e-08\n   6.45528934e-07 -1.88030272e-01  2.73122583e-06 -6.56442988e-06\n   5.01101127e-13  3.36473077e-13 -5.04954210e-13  1.05504365e-08\n  -1.53250387e-13  3.68334428e-13  8.41998599e-13  6.06294122e-14\n  -4.41092041e-08  6.40706840e-13 -1.53992531e-12  4.81242498e-13\n  -8.69141629e-09  1.26249265e-13 -3.03434350e-13  6.32691023e-08\n  -9.19012016e-13  2.20882492e-12  1.29229927e-07 -3.10602015e-07\n   4.51163517e-12]\n [ 2.96663836e-17 -4.13816321e-11  2.32195376e-18 -9.70754856e-18\n  -1.91282673e-18  1.39242357e-17 -1.95800312e-12  2.84409596e-17\n  -6.83570925e-17 -1.56360584e-12  6.53706985e-12  1.28810241e-12\n  -9.37659720e-12  2.73122583e-06 -3.96723179e-11  9.53514761e-11\n  -7.27872903e-18 -4.88741094e-18  7.33472285e-18 -1.53250881e-13\n   2.22603586e-18 -5.35022837e-18 -1.22304242e-17 -8.80651328e-19\n   6.40708474e-13 -9.30657266e-18  2.23681319e-17 -6.99027826e-18\n   1.26249211e-13 -1.83380212e-18  4.40753541e-18 -9.19014208e-13\n   1.33491071e-17 -3.20842132e-17 -1.87712914e-12  4.51163315e-12\n  -6.55335367e-17]\n [-7.13023722e-17  9.94598420e-11 -5.58073219e-18  2.33318670e-17\n   4.59741250e-18 -3.34666181e-17  4.70601714e-12 -6.83571947e-17\n   1.64294683e-16  3.75806861e-12 -1.57116993e-11 -3.09590441e-12\n   2.25364523e-11 -6.56442988e-06  9.53514761e-11 -2.29175067e-10\n   1.74942468e-17  1.17468130e-17 -1.76287730e-17  3.68335884e-13\n  -5.35020765e-18  1.28590924e-17  2.93955471e-17  2.11669331e-18\n  -1.53992363e-12  2.23680976e-17 -5.37613042e-17  1.68009465e-17\n  -3.03434788e-13  4.40751859e-18 -1.05933691e-17  2.20882720e-12\n  -3.20842025e-17  7.71136990e-17  4.51162730e-12 -1.08435893e-11\n   1.57508124e-16]\n [ 5.44292864e-24 -7.59232934e-18  1.51756871e-22  3.38219144e-23\n  -1.00049392e-22  2.26916842e-22 -3.59238884e-19  5.21807854e-24\n  -1.25415900e-23 -1.02193223e-16 -2.27757012e-17  6.73733333e-17\n  -1.52805949e-16  5.01101127e-13 -7.27872903e-18  1.74942468e-17\n  -3.64315990e-22  5.66972263e-23  3.35869436e-22 -1.08408771e-17\n   7.19134780e-23 -3.05688397e-22 -1.58420227e-25  5.18842588e-23\n  -9.15777215e-20  2.43810579e-22 -2.12555620e-22 -1.53949583e-22\n   6.11685828e-18 -1.38183876e-22  2.55348589e-22 -1.70054232e-17\n   1.57007507e-23 -3.93763021e-22 -3.44399682e-19  8.27755879e-19\n  -1.20235129e-23]\n [ 3.65477510e-24 -5.09800802e-18  1.01528332e-22 -6.78514799e-23\n  -7.70575713e-24 -1.05850022e-22 -2.41217467e-19  3.50375338e-24\n  -8.42126032e-24 -6.83692355e-17  4.56912218e-17  5.18906487e-18\n   7.12794794e-17  3.36473077e-13 -4.88741094e-18  1.17468130e-17\n   5.66972263e-23 -1.57994086e-22 -2.75484009e-23 -7.05264877e-18\n   6.50188549e-23 -2.14239580e-22  9.69111009e-23 -7.36231655e-23\n   3.62963209e-18 -1.39877141e-22  2.00729795e-22  1.33155555e-23\n   5.84152879e-19  2.07854843e-23 -7.73351134e-24  8.61399092e-18\n   4.28604635e-23  1.57951990e-22 -2.31250527e-19  5.55812727e-19\n  -8.07341722e-24]\n [-5.48477024e-24  7.65070950e-18 -1.91253841e-22  2.47170478e-22\n  -6.06493937e-23 -1.34258136e-22  3.61999643e-19 -5.25820027e-24\n   1.26380043e-23  1.28790491e-16 -1.66444761e-16  4.08413213e-17\n   9.04094979e-17 -5.04954210e-13  7.33472285e-18 -1.76287730e-17\n   3.35869436e-22 -2.75484009e-23 -5.26456798e-22  1.38499094e-17\n  -7.19324177e-23  3.73275286e-22 -2.34863915e-22  1.12936260e-22\n  -1.84923084e-17  2.54716821e-23 -4.36174955e-22  1.30523355e-22\n   5.23054150e-18  4.46672128e-23  8.09806759e-23  1.11428059e-17\n   1.05762654e-22  1.56687506e-22  3.47047510e-19 -8.34119167e-19\n   1.21159931e-23]\n [ 1.14604892e-19 -1.59854549e-13  3.96154239e-17 -2.36184118e-18\n  -1.88990604e-17 -4.36039225e-18 -7.56410634e-15  1.09860958e-19\n  -2.64067519e-19 -2.66770546e-11  1.59046326e-12  1.27266391e-11\n   2.93629243e-12  1.05504365e-08 -1.53250881e-13  3.68335884e-13\n  -1.08408771e-17 -7.05264877e-18  1.38499094e-17 -3.15845925e-12\n  -9.81272108e-18 -6.29974296e-17  6.89382774e-18 -1.15997202e-17\n   6.34801277e-14 -1.20427635e-17  1.19079817e-17  2.55702714e-18\n   1.55620768e-12  1.11654429e-17  2.53398506e-17  5.39119300e-13\n   1.77567193e-17 -2.87388703e-18 -7.25079457e-15  1.74284932e-14\n  -2.53148607e-19]\n [-1.66455929e-24  2.32193324e-18  5.31240935e-23  1.61673580e-22\n  -1.09022256e-22 -2.25291022e-22  1.09862491e-19 -1.59591874e-24\n   3.83555971e-24 -3.57738242e-17 -1.08871106e-16  7.34156589e-17\n   1.51711138e-16 -1.53250387e-13  2.22603586e-18 -5.35020765e-18\n   7.19134780e-23  6.50188549e-23 -7.19324177e-23 -9.81272108e-18\n  -5.42604932e-22  2.44948166e-22 -1.64505888e-22  1.74362194e-22\n  -1.20427643e-17  2.20765560e-23 -2.88815918e-22  1.12029846e-23\n   1.11654456e-17  2.73984700e-22  1.50761835e-23  1.77567203e-17\n   5.54101347e-23  3.51271765e-22  1.05333120e-19 -2.53149182e-19\n   3.67722615e-24]\n [ 4.00091238e-24 -5.58072749e-18  8.48837419e-22 -1.93272885e-22\n  -3.30512846e-22  9.28381454e-23 -2.64065467e-19  3.83554334e-24\n  -9.21884449e-24 -5.71607701e-16  1.30150086e-16  2.22567575e-16\n  -6.25172435e-17  3.68334428e-13 -5.35022837e-18  1.28590924e-17\n  -3.05688397e-22 -2.14239580e-22  3.73275286e-22 -6.29974296e-17\n   2.44948166e-22 -1.63726746e-21  2.95182583e-22 -4.09171206e-22\n   1.19079851e-17 -2.88815894e-22  5.18474624e-22  4.89476927e-23\n   2.53398508e-17  1.50762093e-23  5.56077075e-22 -2.87388646e-18\n   3.51271700e-22 -3.59445795e-22 -2.53148971e-19  6.08456769e-19\n  -8.83787739e-24]\n [ 9.14570602e-24 -1.27573946e-17 -1.14098178e-22  2.55811710e-22\n  -2.46192919e-22  9.63864354e-23 -6.03624878e-19  8.76797931e-24\n  -2.10735658e-23  7.68337938e-17 -1.72263729e-16  1.65786485e-16\n  -6.49066839e-17  8.41998599e-13 -1.22304242e-17  2.93955471e-17\n  -1.58420227e-25  9.69111009e-23 -2.34863915e-22  6.89382774e-18\n  -1.64505888e-22  2.95182583e-22 -4.57077591e-22  2.44896064e-22\n  -1.44174761e-17  4.59907141e-22 -7.15627736e-22  3.49034451e-23\n   1.93685812e-17  7.45739317e-23  3.68541760e-22 -7.88851864e-18\n  -4.66427625e-23 -1.37813617e-22 -5.78696508e-19  1.39087263e-18\n  -2.02031176e-23]\n [ 6.58546713e-25 -9.18626297e-19  1.77373310e-22 -5.12709879e-22\n   5.64973228e-23  2.65293054e-22 -4.34615167e-20  6.31308214e-25\n  -1.51735602e-24 -1.19443326e-16  3.45259219e-16 -3.80453217e-17\n  -1.78648558e-16  6.06294122e-14 -8.80651328e-19  2.11669331e-18\n   5.18842588e-23 -7.36231655e-23  1.12936260e-22 -1.15997202e-17\n   1.74362194e-22 -4.09171206e-22  2.44896064e-22 -6.60323387e-22\n   3.52909094e-17 -3.63446897e-22  1.10537122e-21  2.14501183e-22\n  -2.53201667e-18  1.72748757e-22 -2.05848994e-22 -1.90405267e-17\n   1.30531909e-22 -5.42416386e-22 -4.16649527e-20  1.00150298e-19\n  -1.45464246e-24]\n [-4.79108747e-19  6.68313804e-13 -2.36184040e-18  5.63818607e-17\n  -6.04332241e-18 -1.65391349e-17  3.16216467e-14 -4.59320308e-19\n   1.10396240e-18  1.59046464e-12 -3.79675832e-11  4.06957692e-12\n   1.11374680e-11 -4.41092041e-08  6.40708474e-13 -1.53992363e-12\n  -9.15777215e-20  3.62963209e-18 -1.84923084e-17  6.34801277e-14\n  -1.20427643e-17  1.19079851e-17 -1.44174761e-17  3.52909094e-17\n  -4.22429279e-12  9.96151031e-18 -1.03868743e-16 -1.37165736e-17\n   2.40586900e-13 -2.08936917e-17  2.33487269e-17  1.53881254e-12\n   2.53332727e-17  1.29603923e-17  3.03155848e-14 -7.28626313e-14\n   1.05836426e-18]\n [ 6.95930685e-24 -9.70754622e-18  1.61673582e-22 -2.38995110e-22\n   2.85487086e-22 -