{'theta_hat': '[-1.99583723e-11  2.78399660e-05 -6.48484299e-12 -3.54227539e-12\n -6.02681980e-12 -6.89360410e-12  1.39392374e-06 -1.21099886e-11\n  4.17134079e-11  3.95872267e-06  2.44729118e-06  4.66465591e-06\n  3.89408847e-06 -1.94438657e+00  1.68922427e-05 -5.81861013e-05\n -3.46451934e-12  4.94243597e-12  7.47997932e-12  4.29638263e-07\n -6.05321095e-12  1.48371380e-11  5.00829357e-13 -6.20186308e-12\n  2.46495718e-07 -2.23724156e-12  7.45899407e-12  4.55160687e-12\n  3.92684912e-07 -6.19659244e-12  1.41230533e-11  4.68391930e-07\n -5.42098216e-12  1.51773071e-11  7.16347179e-07 -2.83574129e-06\n  3.27854267e-11]', 'theta_bar': '[ 5.52214788e-13  1.07839921e-05  3.80594219e-20  5.17595392e-20\n  4.45890072e-20  1.77110852e-20 -5.50968196e-08 -4.39054782e-13\n -9.73807773e-13  7.43247992e-13  1.01079236e-12  8.70761655e-13\n  3.45873014e-13 -1.07596474e+00 -8.57413398e-06 -1.90171223e-05\n  3.56734076e-27  3.07313692e-27  1.22067285e-27 -3.79735028e-15\n -3.02602761e-20 -6.71162112e-20  4.17936360e-27  1.66007441e-27\n -5.16426911e-15 -4.11529650e-20 -9.12758040e-20  1.43009502e-27\n -4.44883456e-15 -3.54518125e-20 -7.86308494e-20 -1.76711022e-15\n -1.40817246e-20 -3.12327611e-20  3.76135852e-08  1.00790703e-07\n  6.61127919e-13]', 'grad_op_sum': '[[ 3.77882077e-22 -5.27108325e-16  1.40337016e-22  6.77586880e-23\n   1.35355295e-22  1.40464876e-22 -2.53053658e-17  3.27521263e-22\n  -8.49046110e-22 -9.44101051e-17 -4.56429251e-17 -9.12865597e-17\n  -9.44187117e-17  3.52984972e-11 -4.56859952e-16  1.18433582e-15\n   6.26900580e-23 -8.60899772e-23 -1.54415809e-22 -9.27127681e-18\n   1.33688351e-22 -3.22831775e-22 -7.54341260e-24  1.17457669e-22\n  -4.53216709e-18  5.92423576e-23 -1.52564877e-22 -1.17218264e-22\n  -8.91317677e-18  1.31695544e-22 -3.13085161e-22 -9.33135197e-18\n   1.28905352e-22 -3.20072625e-22 -2.12014296e-17  5.64016725e-17\n  -7.79402478e-22]\n [-5.27108325e-16  7.35264262e-10 -1.95756332e-16 -9.45167044e-17\n  -1.88807321e-16 -1.95934685e-16  3.52984960e-11 -4.56859942e-16\n   1.18433580e-15  1.31692809e-10  6.36673906e-11  1.27335771e-10\n   1.31704815e-10 -4.92379313e-05  6.37274690e-10 -1.65203196e-09\n  -8.74464641e-17  1.20087050e-16  2.15394864e-16  1.29325191e-11\n  -1.86482099e-16  4.50318568e-16  1.05223185e-17 -1.63841893e-16\n   6.32192726e-12 -8.26372610e-17  2.12812995e-16  1.63507948e-16\n   1.24330048e-11 -1.83702329e-16  4.36723001e-16  1.30163181e-11\n  -1.79810286e-16  4.46469826e-16  2.95739085e-11 -7.86747848e-11\n   1.08718978e-15]\n [ 1.40337016e-22 -1.95756332e-16  5.42030368e-23  2.52528175e-23\n   5.27558944e-23  5.34027687e-23 -9.27127658e-18  1.33688343e-22\n  -3.22831755e-22 -3.65029120e-17 -1.70049088e-17 -3.55221415e-17\n  -3.59660935e-17  1.29325193e-11 -1.86482092e-16  4.50318547e-16\n   2.28226674e-23 -3.09584241e-23 -5.88210495e-23 -3.57767006e-18\n   5.19431216e-23 -1.24881431e-22 -2.54965740e-24  4.35333185e-23\n  -1.66817344e-18  2.40696027e-23 -5.80998928e-23 -4.73970467e-23\n  -3.48144885e-18  5.06237227e-23 -1.21589481e-22 -3.52610106e-18\n   5.10560608e-23 -1.22962401e-22 -8.81336013e-18  2.13159973e-17\n  -3.08651958e-22]\n [ 6.77586880e-23 -9.45167044e-17  2.52528175e-23  1.21537199e-23\n   2.43766075e-23  2.52397889e-23 -4.53216697e-18  5.92423591e-23\n  -1.52564872e-22 -1.69881956e-17 -8.18692701e-18 -1.64406075e-17\n  -1.69651897e-17  6.32192732e-12 -8.26372648e-17  2.12812991e-16\n   1.12212649e-23 -1.53935218e-23 -2.77512210e-23 -1.66817341e-18\n   2.40696050e-23 -5.80998941e-23 -1.34185582e-24  2.10575886e-23\n  -8.12035789e-19  1.07110284e-23 -2.74182066e-23 -2.11835157e-23\n  -1.60551826e-18  2.36875673e-23 -5.63658869e-23 -1.67581496e-18\n   2.32498877e-23 -5.75675314e-23 -3.84173268e-18  1.01293245e-17\n  -1.40574006e-22]\n [ 1.35355295e-22 -1.88807321e-16  5.27558944e-23  2.43766075e-23\n   5.14527307e-23  5.17894220e-23 -8.91317687e-18  1.31695558e-22\n  -3.13085193e-22 -3.55472607e-17 -1.64120073e-17 -3.46165859e-17\n  -3.49142223e-17  1.24330054e-11 -1.83702353e-16  4.36723051e-16\n   2.19088642e-23 -2.96290995e-23 -5.70708465e-23 -3.48144898e-18\n   5.06237311e-23 -1.21589501e-22 -2.40180519e-24  4.19689703e-23\n  -1.60551835e-18  2.36875690e-23 -5.63658948e-23 -4.65965145e-23\n  -3.39710063e-18  4.92188852e-23 -1.18490831e-22 -3.41473580e-18\n   4.99711569e-23 -1.19531613e-22 -8.71506254e-18  2.06433095e-17\n  -3.02083157e-22]\n [ 1.40464876e-22 -1.95934685e-16  5.34027687e-23  2.52397889e-23\n   5.17894220e-23  5.29483155e-23 -9.33135116e-18  1.28905354e-22\n  -3.20072626e-22 -3.59322496e-17 -1.70009528e-17 -3.49184862e-17\n  -3.56018560e-17  1.30163174e-11 -1.79810292e-16  4.46469832e-16\n   2.30283367e-23 -3.13972549e-23 -5.82729290e-23 -3.52610083e-18\n   5.10560646e-23 -1.22962408e-22 -2.65417874e-24  4.36070207e-23\n  -1.67581487e-18  2.32498873e-23 -5.75675335e-23 -4.58687080e-23\n  -3.41473545e-18  4.99711523e-23 -1.19531601e-22 -3.50470887e-18\n   4.98065049e-23 -1.21409881e-22 -8.43910726e-18  2.11856883e-17\n  -3.01116141e-22]\n [-2.53053658e-17  3.52984960e-11 -9.27127658e-18 -4.53216697e-18\n  -8.91317687e-18 -9.33135116e-18  1.70229292e-12 -2.12014295e-17\n   5.64016681e-17  6.23408088e-12  3.05336568e-12  6.01581953e-12\n   6.26686472e-12 -2.37453125e-06  2.95739090e-11 -7.86747798e-11\n  -4.22589244e-18  5.82654955e-18  1.02511080e-17  6.12696116e-13\n  -8.81336067e-18  2.13159969e-17  5.20422529e-19 -7.87096207e-18\n   3.04412317e-13 -3.84173258e-18  1.01293240e-17  7.61520122e-18\n   5.86480125e-13 -8.71506158e-18  2.06433057e-17  6.21209324e-13\n  -8.43910716e-18  2.11856866e-17  1.36276643e-12 -3.75460980e-12\n   5.10284639e-17]\n [ 3.27521263e-22 -4.56859942e-16  1.33688343e-22  5.92423591e-23\n   1.31695558e-22  1.28905354e-22 -2.12014295e-17  3.53614061e-22\n  -7.79402466e-22 -9.00446475e-17 -3.98910661e-17 -8.86560995e-17\n  -8.68393548e-17  2.95739096e-11 -4.93256844e-16  1.08718978e-15\n   5.16663692e-23 -6.87408526e-23 -1.42355109e-22 -8.81336037e-18\n   1.29139268e-22 -3.08651970e-22 -5.07949058e-24  1.01283874e-22\n  -3.84173291e-18  6.33131988e-23 -1.40574010e-22 -1.23964047e-22\n  -8.71506244e-18  1.24060096e-22 -3.02083121e-22 -8.43910804e-18\n   1.30139501e-22 -3.01116137e-22 -2.38125368e-17  5.10284675e-17\n  -7.86576611e-22]\n [-8.49046110e-22  1.18433580e-15 -3.22831755e-22 -1.52564872e-22\n  -3.13085193e-22 -3.20072626e-22  5.64016681e-17 -7.79402466e-22\n   1.93484639e-21  2.17178604e-16  1.02770318e-16  2.11153774e-16\n   2.15140065e-16 -7.86747815e-11  1.08718979e-15 -2.69892041e-15\n  -1.39182463e-22  1.89758604e-22  3.52256904e-22  2.13159961e-17\n  -3.08651971e-22  7.43339241e-22  1.60379024e-23 -2.63578725e-22\n   1.01293240e-17 -1.40574000e-22  3.47999003e-22  2.77331175e-22\n   2.06433076e-17 -3.02083119e-22  7.22601672e-22  2.11856885e-17\n  -3.01116132e-22  7.33948573e-22  5.10284632e-17 -1.28066498e-16\n   1.82046134e-21]\n [-9.44101051e-17  1.31692809e-10 -3.65029120e-17 -1.69881956e-17\n  -3.55472607e-17 -3.59322496e-17  6.23408088e-12 -9.00446475e-17\n   2.17178604e-16  2.48413549e-11  1.14004028e-11  2.35510723e-11\n   2.46737703e-11 -8.69592988e-06  1.25603428e-10 -3.02942793e-10\n  -1.53790152e-17  2.08450711e-17  3.96116891e-17  2.40945712e-12\n  -3.49780470e-17  8.41011807e-17  1.71698911e-18 -2.93121845e-17\n   1.12165889e-12 -1.62119442e-17  3.90847412e-17  3.19041808e-17\n   2.34652845e-12 -3.40857573e-17  8.19283075e-17  2.37158608e-12\n  -3.43871083e-17  8.27349099e-17  5.93678458e-12 -1.43327663e-11\n   2.07890297e-16]\n [-4.56429251e-17  6.36673906e-11 -1.70049088e-17 -8.18692701e-18\n  -1.64120073e-17 -1.70009528e-17  3.05336568e-12 -3.98910661e-17\n   1.02770318e-16  1.14004028e-11  5.52078495e-12  1.11271962e-11\n   1.13554959e-11 -4.25914492e-06  5.56441141e-11 -1.43354486e-10\n  -7.55487094e-18  1.03663828e-17  1.86874892e-17  1.12331299e-12\n  -1.62085920e-17  3.91236790e-17  9.03600794e-19 -1.41807022e-17\n   5.47082807e-13 -7.21230318e-18  1.84695046e-17  1.42669966e-17\n   1.08083775e-12 -1.59519041e-17  3.79493319e-17  1.12893577e-12\n  -1.56556212e-17  3.87764089e-17  2.58674804e-12 -6.82435862e-12\n   9.46561560e-17]\n [-9.12865597e-17  1.27335771e-10 -3.55221415e-17 -1.64406075e-17\n  -3.46165859e-17 -3.49184862e-17  6.01581953e-12 -8.86560995e-17\n   2.11153774e-16  2.35510723e-11  1.11271962e-11  2.38597185e-11\n   2.28368076e-11 -8.39147677e-06  1.23666541e-10 -2.94538747e-10\n  -1.47383042e-17  1.99557921e-17  3.84293184e-17  2.34404121e-12\n  -3.40908477e-17  8.18697994e-17  1.61730934e-18 -2.82667178e-17\n   1.08366960e-12 -1.59461229e-17  3.80159676e-17  3.13975286e-17\n   2.28446851e-12 -3.31504735e-17  7.97179113e-17  2.30378627e-12\n  -3.36418849e-17  8.05939046e-17  5.86597581e-12 -1.39330894e-11\n   2.03358285e-16]\n [-9.44187117e-17  1.31704815e-10 -3.59660935e-17 -1.69651897e-17\n  -3.49142223e-17 -3.56018560e-17  6.26686472e-12 -8.68393548e-17\n   2.15140065e-16  2.46737703e-11  1.13554959e-11  2.28368076e-11\n   2.48066620e-11 -8.74166011e-06  1.21132360e-10 -3.00099230e-10\n  -1.55260022e-17  2.11385976e-17  3.92438343e-17  2.37493723e-12\n  -3.43802580e-17  8.28137623e-17  1.78741199e-18 -2.93591333e-17\n   1.12539591e-12 -1.56628081e-17  3.86930928e-17  3.08641165e-17\n   2.30336499e-12 -3.36427038e-17  8.05839636e-17  2.35476908e-12\n  -3.35505495e-17  8.16326799e-17  5.68630617e-12 -1.42271463e-11\n   2.02851962e-16]\n [ 3.52984972e-11 -4.92379313e-05  1.29325193e-11  6.32192732e-12\n   1.24330054e-11  1.30163174e-11 -2.37453125e-06  2.95739096e-11\n  -7.86747815e-11 -8.69592988e-06 -4.25914492e-06 -8.39147677e-06\n  -8.74166011e-06  3.31223762e+00 -4.12526953e-05  1.09743582e-04\n   5.89470445e-12 -8.12746373e-12 -1.42992878e-11 -8.54650841e-07\n   1.22937716e-11 -2.97337198e-11 -7.25938258e-13  1.09792182e-11\n  -4.24625252e-07  5.35883924e-12 -1.41294110e-11 -1.06224570e-11\n  -8.18082111e-07  1.21566540e-11 -2.87953818e-11 -8.66525929e-07\n   1.17717247e-11 -2.95519497e-11 -1.90092518e-06  5.23731151e-06\n  -7.11796899e-11]\n [-4.56859952e-16  6.37274690e-10 -1.86482092e-16 -8.26372648e-17\n  -1.83702353e-16 -1.79810292e-16  2.95739090e-11 -4.93256844e-16\n   1.08718979e-15  1.25603428e-10  5.56441141e-11  1.23666541e-10\n   1.21132360e-10 -4.12526953e-05  6.88044796e-10 -1.51652283e-09\n  -7.20695037e-17  9.58867286e-17  1.98571377e-16  1.22937710e-11\n  -1.80136579e-16  4.30539146e-16  7.08538971e-18 -1.41281043e-16\n   5.35883958e-12 -8.83156868e-17  1.96086920e-16  1.72917656e-16\n   1.21566551e-11 -1.73051634e-16  4.21376248e-16  1.17717258e-11\n  -1.81531807e-16  4.20027399e-16  3.32161474e-11 -7.11796939e-11\n   1.09719702e-15]\n [ 1.18433582e-15 -1.65203196e-09  4.50318547e-16  2.12812991e-16\n   4.36723051e-16  4.46469832e-16 -7.86747798e-11  1.08718978e-15\n  -2.69892041e-15 -3.02942793e-10 -1.43354486e-10 -2.94538747e-10\n  -3.00099230e-10  1.09743582e-04 -1.51652283e-09  3.76472853e-09\n   1.94145847e-16 -2.64694589e-16 -4.91363736e-16 -2.97337181e-11\n   4.30539143e-16 -1.03688513e-15 -2.23712966e-17  3.67666398e-16\n  -1.41294108e-11  1.96086904e-16 -4.85424383e-16 -3.86849712e-16\n  -2.87953837e-11  4.21376240e-16 -1.00795826e-15 -2.95519517e-11\n   4.20027388e-16 -1.02378607e-15 -7.11796873e-11  1.78640169e-10\n  -2.53936452e-15]\n [ 6.26900580e-23 -8.74464641e-17  2.28226674e-23  1.12212649e-23\n   2.19088642e-23  2.30283367e-23 -4.22589244e-18  5.16663692e-23\n  -1.39182463e-22 -1.53790152e-17 -7.55487094e-18 -1.47383042e-17\n  -1.55260022e-17  5.89470445e-12 -7.20695037e-17  1.94145847e-16\n   1.05056727e-23 -1.45101505e-23 -2.52944790e-23 -1.50849240e-18\n   2.16724958e-23 -5.24585109e-23 -1.30771244e-24  1.95089623e-23\n  -7.55135438e-19  9.37040363e-24 -2.49894491e-23 -1.85885299e-23\n  -1.44113650e-18  2.14702202e-23 -5.07740897e-23 -1.53448603e-18\n   2.06818434e-23 -5.21899677e-23 -3.30915698e-18  9.27371209e-18\n  -1.25060940e-22]\n [-8.60899772e-23  1.20087050e-16 -3.09584241e-23 -1.53935218e-23\n  -2.96290995e-23 -3.13972549e-23  5.82654955e-18 -6.87408526e-23\n   1.89758604e-22  2.08450711e-17  1.03663828e-17  1.99557921e-17\n   2.11385976e-17 -8.12746373e-12  9.58867286e-17 -2.64694589e-16\n  -1.45101505e-23  2.01111220e-23  3.44645650e-23  2.04683387e-18\n  -2.93407969e-23  7.11227857e-23  1.84186510e-24 -2.68060795e-23\n   1.03976278e-18 -1.24886795e-23  3.40534104e-23  2.48187624e-23\n   1.94753839e-18 -2.91692453e-23  6.87480865e-23  2.09617274e-18\n  -2.78173651e-23  7.09205216e-23  4.37204743e-18 -1.26678501e-17\n   1.68217725e-22]\n [-1.54415809e-22  2.15394864e-16 -5.88210495e-23 -2.77512210e-23\n  -5.70708465e-23 -5.82729290e-23  1.02511080e-17 -1.42355109e-22\n   3.52256904e-22  3.96116891e-17  1.86874892e-17  3.84293184e-17\n   3.92438343e-17 -1.42992878e-11  1.98571377e-16 -4.91363736e-16\n  -2.52944790e-23  3.44645650e-23  6.41430673e-23  3.88370619e-18\n  -5.62517166e-23  1.35448161e-22  2.90476597e-24 -4.79365856e-23\n   1.84139733e-18 -2.56701787e-23  6.33607095e-23  5.06298163e-23\n   3.76343432e-18 -5.50280201e-23  1.31698958e-22  3.85591549e-18\n  -5.49255160e-23  1.33685185e-22  9.32762120e-18 -2.33083814e-17\n   3.32062749e-22]\n [-9.27127681e-18  1.29325191e-11 -3.57767006e-18 -1.66817341e-18\n  -3.48144898e-18 -3.52610083e-18  6.12696116e-13 -8.81336037e-18\n   2.13159961e-17  2.40945712e-12  1.12331299e-12  2.34404121e-12\n   2.37493723e-12 -8.54650841e-07  1.22937710e-11 -2.97337181e-11\n  -1.50849240e-18  2.04683387e-18  3.88370619e-18  2.36148878e-13\n  -3.42804250e-18  8.24250789e-18  1.68833802e-19 -2.87615185e-18\n   1.10229782e-13 -1.58693921e-18  3.83609313e-18  3.12525952e-18\n   2.29735919e-13 -3.34177505e-18  8.02454070e-18  2.32855096e-13\n  -3.36806051e-18  8.11707740e-18  5.80792948e-13 -1.40764945e-12\n   2.03611938e-17]\n [ 1.33688351e-22 -1.86482099e-16  5.19431216e-23  2.40696050e-23\n   5.06237311e-23  5.10560646e-23 -8.81336067e-18  1.29139268e-22\n  -3.08651971e-22 -3.49780470e-17 -1.62085920e-17 -3.40908477e-17\n  -3.43802580e-17  1.22937716e-11 -1.80136579e-16  4.30539143e-16\n   2.16724958e-23 -2.93407969e-23 -5.62517166e-23 -3.42804250e-18\n   4.98214604e-23 -1.19702149e-22 -2.39145608e-24  4.14569996e-23\n  -1.58693938e-18  2.32354474e-23 -5.55610777e-23 -4.57242397e-23\n  -3.34177548e-18  4.84787881e-23 -1.16613416e-22 -3.36806097e-18\n   4.91081434e-23 -1.17743821e-22 -8.53494509e-18  2.03611958e-17\n  -2.96869015e-22]\n [-3.22831775e-22  4.50318568e-16 -1.24881431e-22 -5.80998941e-23\n  -1.21589501e-22 -1.22962408e-22  2.13159969e-17 -3.08651970e-22\n   7.43339241e-22  8.41011807e-17  3.91236790e-17  8.18697994e-17\n   8.28137623e-17 -2.97337198e-11  4.30539146e-16 -1.03688513e-15\n  -5.24585109e-23  7.11227857e-23  1.35448161e-22  8.24250789e-18\n  -1.19702149e-22  2.87738509e-22  5.84190191e-24 -1.00135734e-22\n   3.83609328e-18 -5.55610736e-23  1.33786626e-22  1.09389977e-22\n   8.02454168e-18 -1.16613415e-22  2.80195502e-22  8.11707841e-18\n  -1.17743819e-22  2.83242128e-22  2.03611941e-17 -4.90697230e-17\n   7.11798690e-22]\n [-7.54341260e-24  1.05223185e-17 -2.54965740e-24 -1.34185582e-24\n  -2.40180519e-24 -2.65417874e-24  5.20422529e-19 -5.07949058e-24\n   1.60379024e-23  1.71698911e-18  9.03600794e-19  1.61730934e-18\n   1.78741199e-18 -7.25938258e-13  7.08538971e-18 -2.23712966e-17\n  -1.30771244e-24  1.84186510e-24  2.90476597e-24  1.68833802e-19\n  -2.39145608e-24  5.84190191e-24  1.81151159e-25 -2.35601489e-24\n   9.22732633e-20 -9.32368339e-25  2.87087567e-24  1.87190184e-24\n   1.57272589e-19 -2.42178591e-24  5.60864120e-24  1.78910372e-19\n  -2.18832328e-24  5.89337641e-24  3.09516419e-19 -1.08091590e-18\n   1.32374458e-23]\n [ 1.17457669e-22 -1.63841893e-16  4.35333185e-23  2.10575886e-23\n   4.19689703e-23  4.36070207e-23 -7.87096207e-18  1.01283874e-22\n  -2.63578725e-22 -2.93121845e-17 -1.41807022e-17 -2.82667178e-17\n  -2.93591333e-17  1.09792182e-11 -1.41281043e-16  3.67666398e-16\n   1.95089623e-23 -2.68060795e-23 -4.79365856e-23 -2.87615185e-18\n   4.14569996e-23 -1.00135734e-22 -2.35601489e-24  3.65161333e-23\n  -1.40933866e-18  1.83252619e-23 -4.73583260e-23 -3.62666944e-23\n  -2.76341273e-18  4.08626167e-23 -9.70961453e-23 -2.89774602e-18\n   3.99317055e-23 -9.93095720e-23 -6.54946336e-18  1.75143473e-17\n  -2.41442718e-22]\n [-4.53216709e-18  6.32192726e-12 -1.66817344e-18 -8.12035789e-19\n  -1.60551835e-18 -1.67581487e-18  3.04412317e-13 -3.84173291e-18\n   1.01293240e-17  1.12165889e-12  5.47082807e-13  1.08366960e-12\n   1.12539591e-12 -4.24625252e-07  5.35883958e-12 -1.41294108e-11\n  -7.55135438e-19  1.03976278e-18  1.84139733e-18  1.10229782e-13\n  -1.58693938e-18  3.83609328e-18  9.22732633e-20 -1.40933866e-18\n   5.44649016e-14 -6.95698669e-19  1.81948984e-18  1.37817859e-18\n   1.05669474e-13 -1.56719145e-18  3.71679994e-18  1.11483028e-13\n  -1.52320083e-18  3.80949417e-18  2.47545393e-13 -6.73821473e-13\n   9.21009533e-18]\n [ 5.92423576e-23 -8.26372610e-17  2.40696027e-23  1.07110284e-23\n   2.36875690e-23  2.32498873e-23 -3.84173258e-18  6.33131988e-23\n  -1.40574000e-22 -1.62119442e-17 -7.21230318e-18 -1.59461229e-17\n  -1.56628081e-17  5.35883924e-12 -8.83156868e-17  1.96086904e-16\n   9.37040363e-24 -1.24886795e-23 -2.56701787e-23 -1.58693921e-18\n   2.32354474e-23 -5.55610736e-23 -9.32368339e-25  1.83252619e-23\n  -6.95698669e-19  1.13408275e-23 -2.53495002e-23 -2.22145755e-23\n  -1.56719149e-18  2.23479089e-23 -5.43555610e-23 -1.52320087e-18\n   2.33684884e-23 -5.42455915e-23 -4.25665156e-18  9.21009525e-18\n  -1.41243894e-22]\n [-1.52564877e-22  2.12812995e-16 -5.80998928e-23 -2.74182066e-23\n  -5.63658948e-23 -5.75675335e-23  1.01293240e-17 -1.40574010e-22\n   3.47999003e-22  3.90847412e-17  1.84695046e-17  3.80159676e-17\n   3.86930928e-17 -1.41294110e-11  1.96086920e-16 -4.85424383e-16\n  -2.49894491e-23  3.40534104e-23  6.33607095e-23  3.83609313e-18\n  -5.55610777e-23  1.33786626e-22  2.87087567e-24 -4.73583260e-23\n   1.81948984e-18 -2.53495002e-23  6.25945393e-23  5.00015259e-23\n   3.71680027e-18 -5.43555645e-23  1.30074156e-22  3.80949450e-18\n  -5.42455946e-23  1.32061031e-22  9.21009516e-18 -2.30283882e-17\n   3.27951100e-22]\n [-1.17218264e-22  1.63507948e-16 -4.73970467e-23 -2.11835157e-23\n  -4.65965145e-23 -4.58687080e-23  7.61520122e-18 -1.23964047e-22\n   2.77331175e-22  3.19041808e-17  1.42669966e-17  3.13975286e-17\n   3.08641165e-17 -1.06224570e-11  1.72917656e-16 -3.86849712e-16\n  -1.85885299e-23  2.48187624e-23  5.06298163e-23  3.12525952e-18\n  -4.57242397e-23  1.09389977e-22  1.87190184e-24 -3.62666944e-23\n   1.37817859e-18 -2.22145755e-23  5.00015259e-23  4.35355970e-23\n   3.08210324e-18 -4.40310098e-23  1.06966756e-22  3.00732203e-18\n  -4.58910506e-23  1.06888373e-22  8.32032166e-18 -1.81838139e-17\n   2.77378920e-22]\n [-8.91317677e-18  1.24330048e-11 -3.48144885e-18 -1.60551826e-18\n  -3.39710063e-18 -3.41473545e-18  5.86480125e-13 -8.71506244e-18\n   2.06433076e-17  2.34652845e-12  1.08083775e-12  2.28446851e-12\n   2.30336499e-12 -8.18082111e-07  1.21566551e-11 -2.87953837e-11\n  -1.44113650e-18  1.94753839e-18  3.76343432e-18  2.29735919e-13\n  -3.34177548e-18  8.02454168e-18  1.57272589e-19 -2.76341273e-18\n   1.05669474e-13 -1.56719149e-18  3.71680027e-18  3.08210324e-18\n   2.24315657e-13 -3.24720636e-18  7.82174618e-18  2.25074399e-13\n  -3.30196190e-18  7.88569753e-18  5.77229827e-13 -1.36065788e-12\n   1.99607136e-17]\n [ 1.31695544e-22 -1.83702329e-16  5.06237227e-23  2.36875673e-23\n   4.92188852e-23  4.99711523e-23 -8.71506158e-18  1.24060096e-22\n  -3.02083119e-22 -3.40857573e-17 -1.59519041e-17 -3.31504735e-17\n  -3.36427038e-17  1.21566540e-11 -1.73051634e-16  4.21376240e-16\n   2.14702202e-23 -2.91692453e-23 -5.50280201e-23 -3.34177505e-18\n   4.84787881e-23 -1.16613415e-22 -2.42178591e-24  4.08626167e-23\n  -1.56719145e-18  2.23479089e-23 -5.43555645e-23 -4.40310098e-23\n  -3.24720636e-18  4.73077277e-23 -1.13485854e-22 -3.30196193e-18\n   4.75433729e-23 -1.14916764e-22 -8.16183854e-18  1.99607129e-17\n  -2.87421772e-22]\n [-3.13085161e-22  4.36723001e-16 -1.21589481e-22 -5.63658869e-23\n  -1.18490831e-22 -1.19531601e-22  2.06433057e-17 -3.02083121e-22\n   7.22601672e-22  8.19283075e-17  3.79493319e-17  7.97179113e-17\n   8.05839636e-17 -2.87953818e-11  4.21376248e-16 -1.00795826e-15\n  -5.07740897e-23  6.87480865e-23  1.31698958e-22  8.02454070e-18\n  -1.16613416e-22  2.80195502e-22  5.60864120e-24 -9.70961453e-23\n   3.71679994e-18 -5.43555610e-23  1.30074156e-22  1.06966756e-22\n   7.82174618e-18 -1.13485854e-22  2.72960344e-22  7.88569753e-18\n  -1.14916762e-22  2.75621573e-22  1.99607115e-17 -4.76711174e-17\n   6.94698929e-22]\n [-9.33135197e-18  1.30163181e-11 -3.52610106e-18 -1.67581496e-18\n  -3.41473580e-18 -3.50470887e-18  6.21209324e-13 -8.43910804e-18\n   2.11856885e-17  2.37158608e-12  1.12893577e-12  2.30378627e-12\n   2.35476908e-12 -8.66525929e-07  1.17717258e-11 -2.95519517e-11\n  -1.53448603e-18  2.09617274e-18  3.85591549e-18  2.32855096e-13\n  -3.36806097e-18  8.11707841e-18  1.78910372e-19 -2.89774602e-18\n   1.11483028e-13 -1.52320087e-18  3.80949450e-18  3.00732203e-18\n   2.25074399e-13 -3.30196193e-18  7.88569753e-18  2.32201516e-13\n  -3.27588368e-18  8.02331350e-18  5.50936729e-13 -1.40361685e-12\n   1.98055410e-17]\n [ 1.28905352e-22 -1.79810286e-16  5.10560608e-23  2.32498877e-23\n   4.99711569e-23  4.98065049e-23 -8.43910716e-18  1.30139501e-22\n  -3.01116132e-22 -3.43871083e-17 -1.56556212e-17 -3.36418849e-17\n  -3.35505495e-17  1.17717247e-11 -1.81531807e-16  4.20027388e-16\n   2.06818434e-23 -2.78173651e-23 -5.49255160e-23 -3.36806051e-18\n   4.91081434e-23 -1.17743819e-22 -2.18832328e-24  3.99317055e-23\n  -1.52320083e-18  2.33684884e-23 -5.42455946e-23 -4.58910506e-23\n  -3.30196190e-18  4.75433729e-23 -1.14916762e-22 -3.27588368e-18\n   4.88350579e-23 -1.15441391e-22 -8.66773003e-18  1.98055402e-17\n  -2.95196541e-22]\n [-3.20072625e-22  4.46469826e-16 -1.22962401e-22 -5.75675314e-23\n  -1.19531613e-22 -1.21409881e-22  2.11856866e-17 -3.01116137e-22\n   7.33948573e-22  8.27349099e-17  3.87764089e-17  8.05939046e-17\n   8.16326799e-17 -2.95519497e-11  4.20027399e-16 -1.02378607e-15\n  -5.21899677e-23  7.09205216e-23  1.33685185e-22  8.11707740e-18\n  -1.17743821e-22  2.83242128e-22  5.89337641e-24 -9.93095720e-23\n   3.80949417e-18 -5.42455915e-23  1.32061031e-22  1.06888373e-22\n   7.88569753e-18 -1.14916764e-22  2.75621573e-22  8.02331350e-18\n  -1.15441391e-22  2.79162913e-22  1.98055389e-17 -4.85025557e-17\n   6.97896515e-22]\n [-2.12014296e-17  2.95739085e-11 -8.81336013e-18 -3.84173268e-18\n  -8.71506254e-18 -8.43910726e-18  1.36276643e-12 -2.38125368e-17\n   5.10284632e-17  5.93678458e-12  2.58674804e-12  5.86597581e-12\n   5.68630617e-12 -1.90092518e-06  3.32161474e-11 -7.11796873e-11\n  -3.30915698e-18  4.37204743e-18  9.32762120e-18  5.80792948e-13\n  -8.53494509e-18  2.03611941e-17  3.09516419e-19 -6.54946336e-18\n   2.47545393e-13 -4.25665156e-18  9.21009516e-18  8.32032166e-18\n   5.77229827e-13 -8.16183854e-18  1.99607115e-17  5.50936729e-13\n  -8.66773003e-18  1.98055389e-17  1.61333504e-12 -3.33159161e-12\n   5.23853672e-17]\n [ 5.64016725e-17 -7.86747848e-11  2.13159973e-17  1.01293245e-17\n   2.06433095e-17  2.11856883e-17 -3.75460980e-12  5.10284675e-17\n  -1.28066498e-16 -1.43327663e-11 -6.82435862e-12 -1.39330894e-11\n  -1.42271463e-11  5.23731151e-06 -7.11796939e-11  1.78640169e-10\n   9.27371209e-18 -1.26678501e-17 -2.33083814e-17 -1.40764945e-12\n   2.03611958e-17 -4.90697230e-17 -1.08091590e-18  1.75143473e-17\n  -6.73821473e-13  9.21009525e-18 -2.30283882e-17 -1.81838139e-17\n  -1.36065788e-12  1.99607129e-17 -4.76711174e-17 -1.40361685e-12\n   1.98055402e-17 -4.85025557e-17 -3.33159161e-12  8.48468107e-12\n  -1.19741355e-16]\n [-7.79402478e-22  1.08718978e-15 -3.08651958e-22 -1.40574006e-22\n  -3.02083157e-22 -3.01116141e-22  5.10284639e-17 -7.86576611e-22\n   1.82046134e-21  2.07890297e-16  9.46561560e-17  2.03358285e-16\n   2.02851962e-16 -7.11796899e-11  1.09719702e-15 -2.53936452e-15\n  -1.25060940e-22  1.68217725e-22  3.32062749e-22  2.03611938e-17\n  -2.96869015e-22  7.11798690e-22  1.32374458e-23 -2.41442718e-22\n   9.21009533e-18 -1.41243894e-22  3.27951100e-22  2.77378920e-22\n   1.99607136e-17 -2.87421772e-22  6.94698929e-22  1.98055410e-17\n  -2.95196541e-22  6.97896515e-22  5.23853672e-17 -1.19741355e-16\n   1.78439562e-21]]', 'hess_sum': '[[-1.73402905e-22  2.41880060e-16 -3.64568017e-23 -3.05192482e-23\n  -3.21210861e-23 -4.79315035e-23  1.32993109e-17 -1.46672030e-23\n   3.14522785e-22  2.50046636e-17  2.04827443e-17  2.09552579e-17\n   3.31102740e-17 -1.85512319e-11  2.04592741e-17 -4.38728315e-16\n  -3.08469396e-23  4.67298164e-23  5.15987126e-23  2.37111741e-18\n  -3.40620355e-23  8.18520583e-23  5.93985630e-24 -5.12783310e-23\n   2.33637824e-18 -3.72676559e-24  5.63476963e-23  1.14931128e-23\n   2.03101097e-18 -3.87067674e-23  7.87329168e-23  3.42549200e-18\n  -2.24467126e-23  9.63356250e-23 -7.51990095e-19 -2.31648483e-17\n   1.31139016e-22]\n [ 2.41880060e-16 -3.37398859e-10  5.08536910e-17  4.25714197e-17\n   4.48059114e-17  6.68597042e-17 -1.85512312e-11  2.04592640e-17\n  -4.38728324e-16 -3.48790751e-11 -2.85714644e-11 -2.92306019e-11\n  -4.61855774e-11  2.58771443e-05 -2.85386676e-11  6.11982804e-10\n   4.30284369e-17 -6.51831965e-17 -7.19748003e-17 -3.30747895e-12\n   4.75132705e-17 -1.14175683e-16 -8.28559148e-18  7.15283845e-17\n  -3.25902235e-12  5.19854721e-18 -7.85996571e-17 -1.60320319e-17\n  -2.83306986e-12  5.39922680e-17 -1.09825021e-16 -4.77822414e-12\n   3.13109175e-17 -1.34378587e-16  1.04895439e-12  3.23126853e-11\n  -1.82926018e-16]\n [-3.64568017e-23  5.08536910e-17 -7.22539375e-22 -7.71515429e-23\n   1.74653737e-22  2.10176738e-22  2.37111997e-18 -3.40620398e-23\n   8.18520854e-23  4.86081495e-16  5.20909381e-17 -1.17449680e-16\n  -1.41795855e-16 -3.30748011e-12  4.75132663e-17 -1.14175732e-16\n  -3.81968462e-22  5.11695683e-24 -1.36825505e-22  5.34758778e-17\n  -1.41977847e-22  1.32171925e-21  1.24687339e-22  1.02879414e-22\n   5.90265092e-18  4.47065432e-24  1.28405314e-22  1.37207550e-22\n  -1.28857853e-17  3.74622299e-23 -3.21177971e-22 -1.44720336e-17\n   1.45990517e-22 -4.50310379e-22  2.22213256e-18 -5.27358199e-18\n   8.08900213e-23]\n [-3.05192482e-23  4.25714197e-17 -7.71515429e-23 -3.97266269e-22\n   3.19548004e-23 -1.41271069e-22  2.33637907e-18 -3.72673926e-24\n   5.63476751e-23  5.21725638e-17  2.67371972e-16 -2.16799095e-17\n   9.52967974e-17 -3.25902232e-12  5.19855186e-18 -7.85996633e-17\n  -1.06702934e-22  1.11266638e-22  5.22333281e-23  5.90265101e-18\n   4.47064336e-24  1.28405303e-22  1.26295177e-23 -1.86226298e-22\n   2.89587992e-17 -1.20607653e-22  7.53355647e-22 -1.70934407e-22\n  -2.31113741e-18  1.17118556e-23 -6.19551646e-23  1.04089289e-17\n  -3.27798168e-23  2.61769563e-22 -4.04100800e-20 -4.15441100e-18\n   2.45975422e-23]\n [-3.21210861e-23  4.48059114e-17  1.74653737e-22  3.19548004e-23\n  -4.21703495e-22  1.02165257e-22  2.03101101e-18 -3.87067741e-23\n   7.87329117e-23 -1.17572537e-16 -2.15400648e-17  2.83915025e-16\n  -6.87119652e-17 -2.83307016e-12  5.39922848e-17 -1.09825039e-16\n   1.40277366e-22 -1.89892162e-22  1.30746795e-22 -1.28857839e-17\n   3.74622300e-23 -3.21177919e-22  1.07765384e-22 -1.33820108e-22\n  -2.31113878e-18  1.17118640e-23 -6.19552181e-23  4.23018444e-22\n   2.85964899e-17 -3.32502751e-22  9.27295642e-22 -5.60693489e-18\n   2.08167387e-22 -3.04891035e-22  2.64717266e-18 -5.09510350e-18\n   8.37951333e-23]\n [-4.79315035e-23  6.68597042e-17  2.10176738e-22 -1.41271069e-22\n   1.02165257e-22 -4.92121064e-22  3.42549116e-18 -2.24467006e-23\n   9.63355484e-23 -1.41630305e-16  9.51220876e-17 -6.87326299e-17\n   3.31256766e-16 -4.77822429e-12  3.13109158e-17 -1.34378565e-16\n   9.14683534e-23  1.42457289e-22  3.26091345e-23 -1.44720306e-17\n   1.45990522e-22 -4.50310287e-22 -1.63304823e-22 -1.78756279e-22\n   1.04089293e-17 -3.27798347e-23  2.61769558e-22 -3.49710228e-22\n  -5.60693217e-18  2.08167397e-22 -3.04890932e-22  3.60576192e-17\n  -1.34857850e-22  9.25301670e-22  1.20590103e-18 -6.65168446e-18\n   6.78395256e-23]\n [ 1.32993109e-17 -1.85512312e-11  2.37111997e-18  2.33637907e-18\n   2.03101101e-18  3.42549116e-18 -1.04561316e-12 -7.51991430e-19\n  -2.31648490e-17 -1.64172205e-12 -1.56649331e-12 -1.30084507e-12\n  -2.38921648e-12  1.45852739e-06  1.04895375e-12  3.23126873e-11\n   2.36798075e-18 -3.64811270e-18 -3.66778930e-18 -1.52637355e-13\n   2.22213441e-18 -5.27358151e-18 -4.86789631e-19  3.86555569e-18\n  -1.83497342e-13 -4.04104590e-20 -4.15440877e-18 -3.06492778e-19\n  -1.26109003e-13  2.64717250e-18 -5.09509780e-18 -2.49413015e-13\n   1.20590132e-18 -6.65168350e-18  2.01935472e-13  1.75145222e-12\n  -6.83291990e-18]\n [-1.46672030e-23  2.04592640e-17 -3.40620398e-23 -3.72673926e-24\n  -3.87067741e-23 -2.24467006e-23 -7.51991430e-19 -1.73095859e-22\n   1.31139017e-22  2.28456699e-17  2.52353452e-18  2.62014235e-17\n   1.49475013e-17  1.04895218e-12  2.41451704e-16 -1.82926004e-16\n   3.09687337e-24 -9.34152251e-24  2.61081514e-23  2.22213310e-18\n  -3.59904347e-23  8.08899925e-23 -2.99201609e-24 -4.07774551e-24\n  -4.04101278e-20 -2.98548190e-23  2.45975402e-23  5.57561215e-23\n   2.64717289e-18 -2.83978888e-23  8.37951171e-23  1.20590123e-18\n  -4.75215549e-23  6.78395050e-23  1.33073730e-17 -6.83291983e-18\n   2.87699753e-22]\n [ 3.14522785e-22 -4.38728324e-16  8.18520854e-23  5.63476751e-23\n   7.87329117e-23  9.63355484e-23 -2.31648490e-17  1.31139017e-22\n  -6.40692329e-22 -5.61784090e-17 -3.77839631e-17 -5.14459631e-17\n  -6.68135107e-17  3.23126883e-11 -1.82926046e-16  8.93702638e-16\n   5.03150207e-23 -7.37563128e-23 -1.04940689e-22 -5.27357901e-18\n   8.08899964e-23 -1.86393330e-22 -8.39864755e-24  9.03289427e-23\n  -4.15441050e-18  2.45975353e-23 -1.16043762e-22 -5.50098835e-23\n  -5.09509740e-18  8.37951313e-23 -1.86094399e-22 -6.65168682e-18\n   6.78395369e-23 -2.07987678e-22 -6.83292322e-18  4.59899214e-17\n  -3.98777500e-22]\n [ 2.50046636e-17 -3.48790751e-11  4.86081495e-16  5.21725638e-17\n  -1.17572537e-16 -1.41630305e-16 -1.64172205e-12  2.28456699e-17\n  -5.61784090e-17 -3.35125947e-10 -3.26865121e-11  8.00927851e-11\n   9.30146247e-11  2.29004295e-06 -3.18675157e-11  7.83634249e-11\n   2.57219395e-16 -3.37046046e-18  9.20227259e-17 -3.59634696e-11\n   9.57041116e-17 -8.88935358e-16 -8.39755580e-17 -6.92577481e-17\n  -3.99649783e-12 -3.05466864e-18 -8.69776531e-17 -9.23794195e-17\n   8.67339657e-12 -2.52349791e-17  2.16189676e-16  9.75509887e-12\n  -9.82904538e-17  3.03465676e-16 -1.48730549e-12  3.65609181e-12\n  -5.42577000e-17]\n [ 2.04827443e-17 -2.85714644e-11  5.20909381e-17  2.67371972e-16\n  -2.15400648e-17  9.51220876e-17 -1.56649331e-12  2.52353452e-18\n  -3.77839631e-17 -3.26865121e-11 -1.82642058e-10  1.41411652e-11\n  -6.42820791e-11  2.18510686e-06 -3.52014047e-12  5.27050142e-11\n   7.18458085e-17 -7.49332976e-17 -3.51643248e-17 -3.98841632e-12\n  -3.03819343e-18 -8.67874911e-17 -8.50709096e-18  1.25406327e-16\n  -1.94862836e-11  8.12469585e-17 -5.06966750e-16  1.15104997e-16\n   1.55846710e-12 -7.88244523e-18  4.17711825e-17 -7.00839411e-12\n   2.20760087e-17 -1.76252665e-16  2.58334372e-14  2.78167966e-12\n  -1.65964471e-17]\n [ 2.09552579e-17 -2.92306019e-11 -1.17449680e-16 -2.16799095e-17\n   2.83915025e-16 -6.87326299e-17 -1.30084507e-12  2.62014235e-17\n  -5.14459631e-17  8.00927851e-11  1.41411652e-11 -1.92718722e-10\n   4.83999894e-11  1.81455640e-06 -3.65485092e-11  7.17622955e-11\n  -9.44335259e-17  1.27846094e-16 -8.79598796e-17  8.66123367e-12\n  -2.52597899e-17  2.15903422e-16 -7.25584247e-17  9.00843515e-17\n   1.57231254e-12 -7.85421685e-18  4.20969885e-17 -2.84845192e-16\n  -1.92509147e-11  2.23919936e-16 -6.24300792e-16  3.76922404e-12\n  -1.40193424e-16  2.05161218e-16 -1.79609705e-12  3.27532697e-12\n  -5.67451534e-17]\n [ 3.31102740e-17 -4.61855774e-11 -1.41795855e-16  9.52967974e-17\n  -6.87119652e-17  3.31256766e-16 -2.38921648e-12  1.49475013e-17\n  -6.68135107e-17  9.30146247e-11 -6.42820791e-11  4.83999894e-11\n  -2.26809755e-10  3.33272054e-06 -2.08502664e-11  9.31982224e-11\n  -6.16321725e-17 -9.58749759e-17 -2.20941297e-17  9.77148574e-12\n  -9.82570510e-17  3.03851320e-16  1.09952535e-16  1.20417280e-16\n  -7.02569063e-12  2.20407805e-17 -1.76659655e-16  2.35489265e-16\n   3.76717642e-12 -1.40197604e-16  2.05112996e-16 -2.42675703e-11\n   9.08412452e-17 -6.22777535e-16 -7.95409300e-13  4.67142083e-12\n  -4.52914534e-17]\n [-1.85512319e-11  2.58771443e-05 -3.30748011e-12 -3.25902232e-12\n  -2.83307016e-12 -4.77822429e-12  1.45852739e-06  1.04895218e-12\n   3.23126883e-11  2.29004295e-06  2.18510686e-06  1.81455640e-06\n   3.33272054e-06 -2.03450244e+00 -1.46318688e-06 -4.50730228e-05\n  -3.30310253e-12  5.08873796e-12  5.11618129e-12  2.12914248e-07\n  -3.09966392e-12  7.35613603e-12  6.79028208e-13 -5.39208185e-12\n   2.55961058e-07  5.63608212e-14  5.79500633e-12  4.27543577e-13\n   1.75910309e-07 -3.69255524e-12  7.10718666e-12  3.47906590e-07\n  -1.68211121e-12  9.27844128e-12 -2.81680275e-07 -2.44310402e-06\n   9.53124901e-12]\n [ 2.04592741e-17 -2.85386676e-11  4.75132663e-17  5.19855186e-18\n   5.39922848e-17  3.13109158e-17  1.04895375e-12  2.41451704e-16\n  -1.82926046e-16 -3.18675157e-11 -3.52014047e-12 -3.65485092e-11\n  -2.08502664e-11 -1.46318688e-06 -3.36801371e-10  2.55163785e-10\n  -4.31980885e-18  1.30306242e-17 -3.64182411e-17 -3.09966299e-12\n   5.02031714e-17 -1.12833730e-16  4.17350889e-18  5.68814861e-18\n   5.63611205e-14  4.16446117e-17 -3.43113452e-17 -7.77745219e-17\n  -3.69255552e-12  3.96124026e-17 -1.16886274e-16 -1.68211226e-12\n   6.62879032e-17 -9.46293444e-17 -1.85624752e-11  9.53124822e-12\n  -4.01312931e-16]\n [-4.38728315e-16  6.11982804e-10 -1.14175732e-16 -7.85996633e-17\n  -1.09825039e-16 -1.34378565e-16  3.23126873e-11 -1.82926004e-16\n   8.93702638e-16  7.83634249e-11  5.27050142e-11  7.17622955e-11\n   9.31982224e-11 -4.50730228e-05  2.55163785e-10 -1.24662753e-09\n  -7.01845486e-17  1.02882213e-16  1.46381305e-16  7.35613503e-12\n  -1.12833738e-16  2.60000712e-16  1.17154523e-17 -1.26000334e-16\n   5.79500730e-12 -3.43113577e-17  1.61870021e-16  7.67339341e-17\n   7.10718720e-12 -1.16886307e-16  2.59584201e-16  9.27844086e-12\n  -9.46293552e-17  2.90122077e-16  9.53124757e-12 -6.41514092e-11\n   5.56255428e-16]\n [-3.08469396e-23  4.30284369e-17 -3.81968462e-22 -1.06702934e-22\n   1.40277366e-22  9.14683534e-23  2.36798075e-18  3.09687337e-24\n   5.03150207e-23  2.57219395e-16  7.18458085e-17 -9.44335259e-17\n  -6.16321725e-17 -3.30310253e-12 -4.31980885e-18 -7.01845486e-17\n  -2.54522084e-22  6.91796752e-23 -5.69383718e-23  2.79055019e-17\n  -1.09333775e-22  7.19932764e-22  7.39890756e-23  3.57275195e-23\n   7.16454844e-18 -9.03875092e-23  2.38333753e-22 -3.13826054e-23\n  -9.93084791e-18  7.01621957e-23 -2.83020423e-22 -6.62238040e-18\n   3.23371433e-23 -1.76402355e-22 -5.98556047e-19 -3.62902676e-18\n   1.65459679e-23]\n [ 4.67298164e-23 -6.51831965e-17  5.11695683e-24  1.11266638e-22\n  -1.89892162e-22  1.42457289e-22 -3.64811270e-18 -9.34152251e-24\n  -7.37563128e-23 -3.37046046e-18 -7.49332976e-17  1.27846094e-16\n  -9.58749759e-17  5.08873796e-12  1.30306242e-17  1.02882213e-16\n   6.91796752e-23 -3.55070579e-22 -3.19154272e-22 -1.05790193e-18\n  -6.36126824e-23  3.08999228e-23  5.62332475e-23 -5.26581897e-23\n  -7.91808223e-18  5.17022452e-23 -2.22010762e-22  3.69678780e-22\n   1.24539694e-17 -1.89304826e-22  4.41968950e-22 -9.92607899e-18\n   8.59768798e-23 -2.96436772e-22  1.26505119e-18  5.42103928e-18\n  -1.71783206e-23]\n [ 5.15987126e-23 -7.19748003e-17 -1.36825505e-22  5.22333281e-23\n   1.30746795e-22  3.26091345e-23 -3.66778930e-18  2.61081514e-23\n  -1.04940689e-22  9.20227259e-17 -3.51643248e-17 -8.79598796e-17\n  -2.20941297e-17  5.11618129e-12 -3.64182411e-17  1.46381305e-16\n  -5.69383718e-23 -3.19154272e-22 -6.34555052e-22  8.70652785e-18\n  -1.62756363e-22  3.35234062e-22 -2.22064370e-23 -1.62543986e-23\n  -3.90591983e-18  6.82804642e-24 -9.35509449e-23  8.16222900e-23\n  -9.29449713e-18  6.12664731e-23 -2.61038005e-22 -3.71267715e-18\n  -1.16341753e-22  1.65025680e-23 -1.44991753e-18  7.22365735e-18\n  -7.61012078e-23]\n [ 2.37111741e-18 -3.30747895e-12  5.34758778e-17  5.90265101e-18\n  -1.28857839e-17 -1.44720306e-17 -1.52637355e-13  2.22213310e-18\n  -5.27357901e-18 -3.59634696e-11 -3.98841632e-12  8.66123367e-12\n   9.77148574e-12  2.12914248e-07 -3.09966299e-12  7.35613503e-12\n   2.79055019e-17 -1.05790193e-18  8.70652785e-18 -4.03908442e-12\n   2.79208516e-18 -9.30209441e-17 -8.92437850e-18 -7.31472793e-18\n  -4.60717566e-13 -1.23676670e-18 -9.25631886e-18 -9.71951299e-18\n   9.69964347e-13 -9.17306453e-19  2.25404090e-17  1.00830860e-12\n  -8.97831331e-18  3.03564975e-17 -1.44531535e-13  3.34931906e-13\n  -5.33194338e-18]\n [-3.40620355e-23  4.75132705e-17 -1.41977847e-22  4.47064336e-24\n   3.74622300e-23  1.45990522e-22  2.22213441e-18 -3.59904347e-23\n   8.08899964e-23  9.57041116e-17 -3.03819343e-18 -2.52597899e-17\n  -9.82570510e-17 -3.09966392e-12  5.02031714e-17 -1.12833738e-16\n  -1.09333775e-22 -6.36126824e-23 -1.62756363e-22  2.79208516e-18\n  -7.63658943e-22  7.18764436e-22  5.30669526e-23  4.90808281e-23\n  -1.23676518e-18 -8.58092815e-23  4.60224472e-23  6.76074083e-23\n  -9.17307951e-19  1.84416435e-22 -1.79047182e-22 -8.97831369e-18\n   2.02326071e-22 -3.75187722e-22  2.41838079e-18 -5.33194713e-18\n   8.01956079e-23]\n [ 8.18520583e-23 -1.14175683e-16  1.32171925e-21  1.28405303e-22\n  -3.21177919e-22 -4.50310287e-22 -5.27358151e-18  8.08899925e-23\n  -1.86393330e-22 -8.88935358e-16 -8.67874911e-17  2.15903422e-16\n   3.03851320e-16  7.35613603e-12 -1.12833730e-16  2.60000712e-16\n   7.19932764e-22  3.08999228e-23  3.35234062e-22 -9.30209441e-17\n   7.18764436e-22 -2.70465950e-21 -2.45755120e-22 -2.06319503e-22\n  -9.25631856e-18  4.60223860e-23 -2.46814154e-22 -2.76021786e-22\n   2.25404076e-17 -1.79047146e-22  6.59333654e-22  3.03564992e-17\n  -3.75187713e-22  1.00388204e-21 -5.33194290e-18  1.19554978e-17\n  -1.88789568e-22]\n [ 5.93985630e-24 -8.28559148e-18  1.24687339e-22  1.26295177e-23\n   1.07765384e-22 -1.63304823e-22 -4.86789631e-19 -2.99201609e-24\n  -8.39864755e-24 -8.39755580e-17 -8.50709096e-18 -7.25584247e-17\n   1.09952535e-16  6.79028208e-13  4.17350889e-18  1.17154523e-17\n   7.39890756e-23  5.62332475e-23 -2.22064370e-23 -8.92437850e-18\n   5.30669526e-23 -2.45755120e-22 -1.10953027e-22 -6.43175522e-26\n  -3.24955381e-19  6.07813412e-23 -5.95346646e-23 -1.93569720e-22\n  -6.87644976e-18  1.25620951e-22 -2.62149926e-22  1.13054766e-17\n  -1.05805573e-22  3.44439514e-22  3.00041548e-19  6.56357768e-19\n   8.55388127e-25]\n [-5.12783310e-23  7.15283845e-17  1.02879414e-22 -1.86226298e-22\n  -1.33820108e-22 -1.78756279e-22  3.86555569e-18 -4.07774551e-24\n   9.03289427e-23 -6.92577481e-17  1.25406327e-16  9.00843515e-17\n   1.20417280e-16 -5.39208185e-12  5.68814861e-18 -1.26000334e-16\n   3.57275195e-23 -5.26581897e-23 -1.62543986e-23 -7.31472793e-18\n   4.90808281e-23 -2.06319503e-22 -6.43175522e-26 -2.36692051e-22\n   1.30872054e-17 -1.02863652e-22  3.81982645e-22  1.48710913e-23\n   9.37420457e-18 -7.61328342e-23  2.75623820e-22  1.35655528e-17\n  -3.78365515e-24  3.07688852e-22 -2.66851039e-19 -6.45833864e-18\n   4.11609122e-23]\n [ 2.33637824e-18 -3.25902235e-12  5.90265092e-18  2.89587992e-17\n  -2.31113878e-18  1.04089293e-17 -1.83497342e-13 -4.04101278e-20\n  -4.15441050e-18 -3.99649783e-12 -1.94862836e-11  1.57231254e-12\n  -7.02569063e-12  2.55961058e-07  5.63611205e-14  5.79500730e-12\n   7.16454844e-18 -7.91808223e-18 -3.90591983e-18 -4.60717566e-13\n  -1.23676518e-18 -9.25631856e-18 -3.24955381e-19  1.30872054e-17\n  -2.15254438e-12  4.85273521e-18 -5.24684895e-17  1.16863797e-17\n   1.70388437e-13 -5.48064644e-19  4.29794945e-18 -7.82636014e-13\n   9.39323702e-19 -1.83744990e-17  2.80608744e-14  3.14726493e-13\n  -1.31568303e-18]\n [-3.72676559e-24  5.19854721e-18  4.47065432e-24 -1.20607653e-22\n   1.17118640e-23 -